   2.8999999999999978E-008
 -0.99218750000000000        0.0000000000000000        0.0000000000000000       -1.3144106419712369E-007   0.0000000000000000        0.0000000000000000        0.0000000000000000        0.0000000000000000        0.0000000000000000        1.5624999999999999E-009   9.9999999999999995E-008   1.5625000000000000E-002   188098634.94706663        2821479524663071.5        1009717852047.5311        0.0000000000000000        0.0000000000000000        0.0000000000000000        0.0000000000000000        0.0000000000000000        0.0000000000000000        0.0000000000000000     
 -0.97656250000000000        0.0000000000000000        0.0000000000000000       -1.4448301150959135E-007   0.0000000000000000        0.0000000000000000        0.0000000000000000        0.0000000000000000        0.0000000000000000        1.5624999999999999E-009   9.9999999999999995E-008   1.5625000000000000E-002   188098634.94706684        2821479524663074.5        1009717852047.5311        0.0000000000000000        0.0000000000000000        0.0000000000000000        0.0000000000000000        0.0000000000000000        0.0000000000000000        0.0000000000000000     
 -0.96093750000000000        0.0000000000000000        0.0000000000000000       -1.3149799054212109E-007   0.0000000000000000        0.0000000000000000        0.0000000000000000        0.0000000000000000        0.0000000000000000        1.5624999999999999E-009   9.9999999999999995E-008   1.5625000000000000E-002   188098634.94706663        2821479524663071.5        1009717852047.5311        0.0000000000000000        0.0000000000000000        0.0000000000000000        0.0000000000000000        0.0000000000000000        0.0000000000000000        0.0000000000000000     
 -0.94531250000000000        0.0000000000000000        0.0000000000000000       -1.4610124785852423E-007   0.0000000000000000        0.0000000000000000        0.0000000000000000        0.0000000000000000        0.0000000000000000        1.5624999999999999E-009   9.9999999999999995E-008   1.5625000000000000E-002   188098634.94706672        2821479524663072.5        1009717852047.5311        0.0000000000000000        0.0000000000000000        0.0000000000000000        0.0000000000000000        0.0000000000000000        0.0000000000000000        0.0000000000000000     
 -0.92968750000000000        0.0000000000000000        0.0000000000000000       -1.6070806706406453E-007   0.0000000000000000        0.0000000000000000        0.0000000000000000        0.0000000000000000        0.0000000000000000        1.5624999999999999E-009   9.9999999999999995E-008   1.5625000000000000E-002   188098634.94706661        2821479524663071.0        1009717852047.5311        0.0000000000000000        0.0000000000000000        0.0000000000000000        0.0000000000000000        0.0000000000000000        0.0000000000000000        0.0000000000000000     
 -0.91406250000000000        0.0000000000000000        0.0000000000000000       -1.6070841307329442E-007   0.0000000000000000        0.0000000000000000        0.0000000000000000        0.0000000000000000        0.0000000000000000        1.5624999999999999E-009   9.9999999999999995E-008   1.5625000000000000E-002   188098634.94706675        2821479524663073.0        1009717852047.5311        0.0000000000000000        0.0000000000000000        0.0000000000000000        0.0000000000000000        0.0000000000000000        0.0000000000000000        0.0000000000000000     
 -0.89843750000000000        0.0000000000000000        0.0000000000000000       -1.6059170630630334E-007   0.0000000000000000        0.0000000000000000        0.0000000000000000        0.0000000000000000        0.0000000000000000        1.5624999999999999E-009   9.9999999999999995E-008   1.5625000000000000E-002   188098634.94706663        2821479524663071.5        1009717852047.5311        0.0000000000000000        0.0000000000000000        0.0000000000000000        0.0000000000000000        0.0000000000000000        0.0000000000000000        0.0000000000000000     
 -0.88281250000000000        0.0000000000000000        0.0000000000000000       -1.8979707767581983E-007   0.0000000000000000        0.0000000000000000        0.0000000000000000        0.0000000000000000        0.0000000000000000        1.5624999999999999E-009   9.9999999999999995E-008   1.5625000000000000E-002   188098634.94706663        2821479524663071.5        1009717852047.5311        0.0000000000000000        0.0000000000000000        0.0000000000000000        0.0000000000000000        0.0000000000000000        0.0000000000000000        0.0000000000000000     
 -0.86718750000000000        0.0000000000000000        0.0000000000000000       -7.2973167990963867E-008   0.0000000000000000        0.0000000000000000        0.0000000000000000        0.0000000000000000        0.0000000000000000        1.5624999999999999E-009   9.9999999999999995E-008   1.5625000000000000E-002   188098634.94706663        2821479524663071.5        1009717852047.5311        0.0000000000000000        0.0000000000000000        0.0000000000000000        0.0000000000000000        0.0000000000000000        0.0000000000000000        0.0000000000000000     
 -0.85156250000000000        0.0000000000000000        0.0000000000000000       -7.4537534040168346E-008   0.0000000000000000        0.0000000000000000        0.0000000000000000        0.0000000000000000        0.0000000000000000        1.5624999999999999E-009   9.9999999999999995E-008   1.5625000000000000E-002   188098634.94706672        2821479524663072.5        1009717852047.5311        0.0000000000000000        0.0000000000000000        0.0000000000000000        0.0000000000000000        0.0000000000000000        0.0000000000000000        0.0000000000000000     
 -0.83593750000000000        0.0000000000000000        0.0000000000000000       -1.1683546009227494E-007   0.0000000000000000        0.0000000000000000        0.0000000000000000        0.0000000000000000        0.0000000000000000        1.5624999999999999E-009   9.9999999999999995E-008   1.5625000000000000E-002   188098634.94706675        2821479524663073.5        1009717852047.5311        0.0000000000000000        0.0000000000000000        0.0000000000000000        0.0000000000000000        0.0000000000000000        0.0000000000000000        0.0000000000000000     
 -0.82031250000000000        0.0000000000000000        0.0000000000000000       -1.0223250027252089E-007   0.0000000000000000        0.0000000000000000        0.0000000000000000        0.0000000000000000        0.0000000000000000        1.5624999999999999E-009   9.9999999999999995E-008   1.5625000000000000E-002   188098634.94706696        2821479524663076.5        1009717852047.5311        0.0000000000000000        0.0000000000000000        0.0000000000000000        0.0000000000000000        0.0000000000000000        0.0000000000000000        0.0000000000000000     
 -0.80468750000000000        0.0000000000000000        0.0000000000000000       -1.0072302290769359E-007   0.0000000000000000        0.0000000000000000        0.0000000000000000        0.0000000000000000        0.0000000000000000        1.5624999999999999E-009   9.9999999999999995E-008   1.5625000000000000E-002   188098634.94706711        2821479524663078.5        1009717852047.5311        0.0000000000000000        0.0000000000000000        0.0000000000000000        0.0000000000000000        0.0000000000000000        0.0000000000000000        0.0000000000000000     
 -0.78906250000000000        0.0000000000000000        0.0000000000000000       -8.7682423774275599E-008   0.0000000000000000        0.0000000000000000        0.0000000000000000        0.0000000000000000        0.0000000000000000        1.5624999999999999E-009   9.9999999999999995E-008   1.5625000000000000E-002   188098634.94706699        2821479524663077.0        1009717852047.5311        0.0000000000000000        0.0000000000000000        0.0000000000000000        0.0000000000000000        0.0000000000000000        0.0000000000000000        0.0000000000000000     
 -0.77343750000000000        0.0000000000000000        0.0000000000000000       -7.3024169778407288E-008   0.0000000000000000        0.0000000000000000        0.0000000000000000        0.0000000000000000        0.0000000000000000        1.5624999999999999E-009   9.9999999999999995E-008   1.5625000000000000E-002   188098634.94706717        2821479524663079.0        1009717852047.5311        0.0000000000000000        0.0000000000000000        0.0000000000000000        0.0000000000000000        0.0000000000000000        0.0000000000000000        0.0000000000000000     
 -0.75781250000000000        0.0000000000000000        0.0000000000000000       -7.3025941308515954E-008   0.0000000000000000        0.0000000000000000        0.0000000000000000        0.0000000000000000        0.0000000000000000        1.5624999999999999E-009   9.9999999999999995E-008   1.5625000000000000E-002   188098634.94706696        2821479524663076.0        1009717852047.5311        0.0000000000000000        0.0000000000000000        0.0000000000000000        0.0000000000000000        0.0000000000000000        0.0000000000000000        0.0000000000000000     
 -0.74218750000000000        0.0000000000000000        0.0000000000000000       -1.0229073492099134E-007   0.0000000000000000        0.0000000000000000        0.0000000000000000        0.0000000000000000        0.0000000000000000        1.5624999999999999E-009   9.9999999999999995E-008   1.5625000000000000E-002   188098634.94706717        2821479524663079.5        1009717852047.5311        0.0000000000000000        0.0000000000000000        0.0000000000000000        0.0000000000000000        0.0000000000000000        0.0000000000000000        0.0000000000000000     
 -0.72656250000000000        0.0000000000000000        0.0000000000000000       -1.0217497976031705E-007   0.0000000000000000        0.0000000000000000        0.0000000000000000        0.0000000000000000        0.0000000000000000        1.5624999999999999E-009   9.9999999999999995E-008   1.5625000000000000E-002   188098634.94706708        2821479524663078.0        1009717852047.5311        0.0000000000000000        0.0000000000000000        0.0000000000000000        0.0000000000000000        0.0000000000000000        0.0000000000000000        0.0000000000000000     
 -0.71093750000000000        0.0000000000000000        0.0000000000000000       -1.1683214442097417E-007   0.0000000000000000        0.0000000000000000        0.0000000000000000        0.0000000000000000        0.0000000000000000        1.5624999999999999E-009   9.9999999999999995E-008   1.5625000000000000E-002   188098634.94706699        2821479524663077.0        1009717852047.5311        0.0000000000000000        0.0000000000000000        0.0000000000000000        0.0000000000000000        0.0000000000000000        0.0000000000000000        0.0000000000000000     
 -0.69531250000000000        0.0000000000000000        0.0000000000000000       -1.0223442786982864E-007   0.0000000000000000        0.0000000000000000        0.0000000000000000        0.0000000000000000        0.0000000000000000        1.5624999999999999E-009   9.9999999999999995E-008   1.5625000000000000E-002   188098634.94706684        2821479524663074.5        1009717852047.5311        0.0000000000000000        0.0000000000000000        0.0000000000000000        0.0000000000000000        0.0000000000000000        0.0000000000000000        0.0000000000000000     
 -0.67968750000000000        0.0000000000000000        0.0000000000000000       -1.1688935322411284E-007   0.0000000000000000        0.0000000000000000        0.0000000000000000        0.0000000000000000        0.0000000000000000        1.5624999999999999E-009   9.9999999999999995E-008   1.5625000000000000E-002   188098634.94706684        2821479524663074.5        1009717852047.5311        0.0000000000000000        0.0000000000000000        0.0000000000000000        0.0000000000000000        0.0000000000000000        0.0000000000000000        0.0000000000000000     
 -0.66406250000000000        0.0000000000000000        0.0000000000000000       -4.3874338879678326E-008   0.0000000000000000        0.0000000000000000        0.0000000000000000        0.0000000000000000        0.0000000000000000        1.5624999999999999E-009   9.9999999999999995E-008   1.5625000000000000E-002   188098634.94706681        2821479524663074.0        1009717852047.5311        0.0000000000000000        0.0000000000000000        0.0000000000000000        0.0000000000000000        0.0000000000000000        0.0000000000000000        0.0000000000000000     
 -0.64843750000000000        0.0000000000000000        0.0000000000000000       -7.3083914032545812E-008   0.0000000000000000        0.0000000000000000        0.0000000000000000        0.0000000000000000        0.0000000000000000        1.5624999999999999E-009   9.9999999999999995E-008   1.5625000000000000E-002   188098634.94706705        2821479524663077.5        1009717852047.5311        0.0000000000000000        0.0000000000000000        0.0000000000000000        0.0000000000000000        0.0000000000000000        0.0000000000000000        0.0000000000000000     
 -0.63281250000000000        0.0000000000000000        0.0000000000000000       -5.8362041790277273E-008   0.0000000000000000        0.0000000000000000        0.0000000000000000        0.0000000000000000        0.0000000000000000        1.5624999999999999E-009   9.9999999999999995E-008   1.5625000000000000E-002   188098634.94706708        2821479524663078.0        1009717852047.5311        0.0000000000000000        0.0000000000000000        0.0000000000000000        0.0000000000000000        0.0000000000000000        0.0000000000000000        0.0000000000000000     
 -0.61718750000000000        0.0000000000000000        0.0000000000000000       -7.2968201463470578E-008   0.0000000000000000        0.0000000000000000        0.0000000000000000        0.0000000000000000        0.0000000000000000        1.5624999999999999E-009   9.9999999999999995E-008   1.5625000000000000E-002   188098634.94706696        2821479524663076.5        1009717852047.5311        0.0000000000000000        0.0000000000000000        0.0000000000000000        0.0000000000000000        0.0000000000000000        0.0000000000000000        0.0000000000000000     
 -0.60156250000000000        0.0000000000000000        0.0000000000000000       -8.7576022501773824E-008   0.0000000000000000        0.0000000000000000        0.0000000000000000        0.0000000000000000        0.0000000000000000        1.5624999999999999E-009   9.9999999999999995E-008   1.5625000000000000E-002   188098634.94706705        2821479524663077.5        1009717852047.5311        0.0000000000000000        0.0000000000000000        0.0000000000000000        0.0000000000000000        0.0000000000000000        0.0000000000000000        0.0000000000000000     
 -0.58593750000000000        0.0000000000000000        0.0000000000000000       -7.2976758320318772E-008   0.0000000000000000        0.0000000000000000        0.0000000000000000        0.0000000000000000        0.0000000000000000        1.5624999999999999E-009   9.9999999999999995E-008   1.5625000000000000E-002   188098634.94706708        2821479524663078.0        1009717852047.5311        0.0000000000000000        0.0000000000000000        0.0000000000000000        0.0000000000000000        0.0000000000000000        0.0000000000000000        0.0000000000000000     
 -0.57031250000000000        0.0000000000000000        0.0000000000000000       -8.7581651686168051E-008   0.0000000000000000        0.0000000000000000        0.0000000000000000        0.0000000000000000        0.0000000000000000        1.5624999999999999E-009   9.9999999999999995E-008   1.5625000000000000E-002   188098634.94706696        2821479524663076.0        1009717852047.5311        0.0000000000000000        0.0000000000000000        0.0000000000000000        0.0000000000000000        0.0000000000000000        0.0000000000000000        0.0000000000000000     
 -0.55468750000000000        0.0000000000000000        0.0000000000000000       -1.0325536940131170E-007   0.0000000000000000        0.0000000000000000        0.0000000000000000        0.0000000000000000        0.0000000000000000        1.5624999999999999E-009   9.9999999999999995E-008   1.5625000000000000E-002   188098634.94706696        2821479524663076.5        1009717852047.5311        0.0000000000000000        0.0000000000000000        0.0000000000000000        0.0000000000000000        0.0000000000000000        0.0000000000000000        0.0000000000000000     
 -0.53906250000000000        0.0000000000000000        0.0000000000000000       -7.2016508927751737E-008   0.0000000000000000        0.0000000000000000        0.0000000000000000        0.0000000000000000        0.0000000000000000        1.5624999999999999E-009   9.9999999999999995E-008   1.5625000000000000E-002   188098634.94706699        2821479524663077.0        1009717852047.5311        0.0000000000000000        0.0000000000000000        0.0000000000000000        0.0000000000000000        0.0000000000000000        0.0000000000000000        0.0000000000000000     
 -0.52343750000000000        0.0000000000000000        0.0000000000000000       -8.8709019648737167E-008   0.0000000000000000        0.0000000000000000        0.0000000000000000        0.0000000000000000        0.0000000000000000        1.5624999999999999E-009   9.9999999999999995E-008   1.5625000000000000E-002   188098634.94706696        2821479524663076.0        1009717852047.5311        0.0000000000000000        0.0000000000000000        0.0000000000000000        0.0000000000000000        0.0000000000000000        0.0000000000000000        0.0000000000000000     
 -0.50781250000000000        0.0000000000000000        0.0000000000000000       -8.7573886884706482E-008   0.0000000000000000        0.0000000000000000        0.0000000000000000        0.0000000000000000        0.0000000000000000        1.5624999999999999E-009   9.9999999999999995E-008   1.5625000000000000E-002   188098634.94706705        2821479524663077.5        1009717852047.5311        0.0000000000000000        0.0000000000000000        0.0000000000000000        0.0000000000000000        0.0000000000000000        0.0000000000000000        0.0000000000000000     
 -0.49218750000000000        0.0000000000000000        0.0000000000000000       -5.7349009586643028E-008   0.0000000000000000        0.0000000000000000        0.0000000000000000        0.0000000000000000        0.0000000000000000        1.5624999999999999E-009   9.9999999999999995E-008   1.5625000000000000E-002   188098634.94706699        2821479524663077.0        1009717852047.5311        0.0000000000000000        0.0000000000000000        0.0000000000000000        0.0000000000000000        0.0000000000000000        0.0000000000000000        0.0000000000000000     
 -0.47656250000000000        0.0000000000000000        0.0000000000000000       -5.8373515997910735E-008   0.0000000000000000        0.0000000000000000        0.0000000000000000        0.0000000000000000        0.0000000000000000        1.5624999999999999E-009   9.9999999999999995E-008   1.5625000000000000E-002   188098634.94706675        2821479524663073.5        1009717852047.5311        0.0000000000000000        0.0000000000000000        0.0000000000000000        0.0000000000000000        0.0000000000000000        0.0000000000000000        0.0000000000000000     
 -0.46093750000000000        0.0000000000000000        0.0000000000000000       -8.7581459314553658E-008   0.0000000000000000        0.0000000000000000        0.0000000000000000        0.0000000000000000        0.0000000000000000        1.5624999999999999E-009   9.9999999999999995E-008   1.5625000000000000E-002   188098634.94706675        2821479524663073.5        1009717852047.5311        0.0000000000000000        0.0000000000000000        0.0000000000000000        0.0000000000000000        0.0000000000000000        0.0000000000000000        0.0000000000000000     
 -0.44531250000000000        0.0000000000000000        0.0000000000000000       -1.0223479101545231E-007   0.0000000000000000        0.0000000000000000        0.0000000000000000        0.0000000000000000        0.0000000000000000        1.5624999999999999E-009   9.9999999999999995E-008   1.5625000000000000E-002   188098634.94706687        2821479524663075.0        1009717852047.5311        0.0000000000000000        0.0000000000000000        0.0000000000000000        0.0000000000000000        0.0000000000000000        0.0000000000000000        0.0000000000000000     
 -0.42968750000000000        0.0000000000000000        0.0000000000000000       -7.3032245797150665E-008   0.0000000000000000        0.0000000000000000        0.0000000000000000        0.0000000000000000        0.0000000000000000        1.5624999999999999E-009   9.9999999999999995E-008   1.5625000000000000E-002   188098634.94706675        2821479524663073.5        1009717852047.5311        0.0000000000000000        0.0000000000000000        0.0000000000000000        0.0000000000000000        0.0000000000000000        0.0000000000000000        0.0000000000000000     
 -0.41406250000000000        0.0000000000000000        0.0000000000000000       -8.9253393967963267E-008   0.0000000000000000        0.0000000000000000        0.0000000000000000        0.0000000000000000        0.0000000000000000        1.5624999999999999E-009   9.9999999999999995E-008   1.5625000000000000E-002   188098634.94706693        2821479524663075.5        1009717852047.5311        0.0000000000000000        0.0000000000000000        0.0000000000000000        0.0000000000000000        0.0000000000000000        0.0000000000000000        0.0000000000000000     
 -0.39843750000000000        0.0000000000000000        0.0000000000000000       -8.6120966174057240E-008   0.0000000000000000        0.0000000000000000        0.0000000000000000        0.0000000000000000        0.0000000000000000        1.5624999999999999E-009   9.9999999999999995E-008   1.5625000000000000E-002   188098634.94706696        2821479524663076.5        1009717852047.5311        0.0000000000000000        0.0000000000000000        0.0000000000000000        0.0000000000000000        0.0000000000000000        0.0000000000000000        0.0000000000000000     
 -0.38281250000000000        0.0000000000000000        0.0000000000000000       -1.0229604444188320E-007   0.0000000000000000        0.0000000000000000        0.0000000000000000        0.0000000000000000        0.0000000000000000        1.5624999999999999E-009   9.9999999999999995E-008   1.5625000000000000E-002   188098634.94706684        2821479524663074.5        1009717852047.5311        0.0000000000000000        0.0000000000000000        0.0000000000000000        0.0000000000000000        0.0000000000000000        0.0000000000000000        0.0000000000000000     
 -0.36718750000000000        0.0000000000000000        0.0000000000000000       -5.8362198723988376E-008   0.0000000000000000        0.0000000000000000        0.0000000000000000        0.0000000000000000        0.0000000000000000        1.5624999999999999E-009   9.9999999999999995E-008   1.5625000000000000E-002   188098634.94706684        2821479524663074.5        1009717852047.5311        0.0000000000000000        0.0000000000000000        0.0000000000000000        0.0000000000000000        0.0000000000000000        0.0000000000000000        0.0000000000000000     
 -0.35156250000000000        0.0000000000000000        0.0000000000000000       -1.0217781407054338E-007   0.0000000000000000        0.0000000000000000        0.0000000000000000        0.0000000000000000        0.0000000000000000        1.5624999999999999E-009   9.9999999999999995E-008   1.5625000000000000E-002   188098634.94706672        2821479524663072.5        1009717852047.5311        0.0000000000000000        0.0000000000000000        0.0000000000000000        0.0000000000000000        0.0000000000000000        0.0000000000000000        0.0000000000000000     
 -0.33593750000000000        0.0000000000000000        0.0000000000000000       -8.6009026274255955E-008   0.0000000000000000        0.0000000000000000        0.0000000000000000        0.0000000000000000        0.0000000000000000        1.5624999999999999E-009   9.9999999999999995E-008   1.5625000000000000E-002   188098634.94706693        2821479524663075.5        1009717852047.5311        0.0000000000000000        0.0000000000000000        0.0000000000000000        0.0000000000000000        0.0000000000000000        0.0000000000000000        0.0000000000000000     
 -0.32031250000000000        0.0000000000000000        0.0000000000000000       -1.0218112649222501E-007   0.0000000000000000        0.0000000000000000        0.0000000000000000        0.0000000000000000        0.0000000000000000        1.5624999999999999E-009   9.9999999999999995E-008   1.5625000000000000E-002   188098634.94706675        2821479524663073.5        1009717852047.5311        0.0000000000000000        0.0000000000000000        0.0000000000000000        0.0000000000000000        0.0000000000000000        0.0000000000000000        0.0000000000000000     
 -0.30468750000000000        0.0000000000000000        0.0000000000000000       -1.3139014247810417E-007   0.0000000000000000        0.0000000000000000        0.0000000000000000        0.0000000000000000        0.0000000000000000        1.5624999999999999E-009   9.9999999999999995E-008   1.5625000000000000E-002   188098634.94706675        2821479524663073.5        1009717852047.5311        0.0000000000000000        0.0000000000000000        0.0000000000000000        0.0000000000000000        0.0000000000000000        0.0000000000000000        0.0000000000000000     
 -0.28906250000000000        0.0000000000000000        0.0000000000000000       -1.3245672388051384E-007   0.0000000000000000        0.0000000000000000        0.0000000000000000        0.0000000000000000        0.0000000000000000        1.5624999999999999E-009   9.9999999999999995E-008   1.5625000000000000E-002   188098634.94706675        2821479524663073.0        1009717852047.5311        0.0000000000000000        0.0000000000000000        0.0000000000000000        0.0000000000000000        0.0000000000000000        0.0000000000000000        0.0000000000000000     
 -0.27343750000000000        0.0000000000000000        0.0000000000000000       -1.4604925885399217E-007   0.0000000000000000        0.0000000000000000        0.0000000000000000        0.0000000000000000        0.0000000000000000        1.5624999999999999E-009   9.9999999999999995E-008   1.5625000000000000E-002   188098634.94706681        2821479524663074.0        1009717852047.5311        0.0000000000000000        0.0000000000000000        0.0000000000000000        0.0000000000000000        0.0000000000000000        0.0000000000000000        0.0000000000000000     
 -0.25781250000000000        0.0000000000000000        0.0000000000000000       -1.3047440390658726E-007   0.0000000000000000        0.0000000000000000        0.0000000000000000        0.0000000000000000        0.0000000000000000        1.5624999999999999E-009   9.9999999999999995E-008   1.5625000000000000E-002   188098634.94706711        2821479524663078.5        1009717852047.5311        0.0000000000000000        0.0000000000000000        0.0000000000000000        0.0000000000000000        0.0000000000000000        0.0000000000000000        0.0000000000000000     
 -0.24218750000000000        0.0000000000000000        0.0000000000000000       -7.3026596533958426E-008   0.0000000000000000        0.0000000000000000        0.0000000000000000        0.0000000000000000        0.0000000000000000        1.5624999999999999E-009   9.9999999999999995E-008   1.5625000000000000E-002   188098634.94706687        2821479524663075.0        1009717852047.5311        0.0000000000000000        0.0000000000000000        0.0000000000000000        0.0000000000000000        0.0000000000000000        0.0000000000000000        0.0000000000000000     
 -0.22656250000000000        0.0000000000000000        0.0000000000000000       -8.7628345192202817E-008   0.0000000000000000        0.0000000000000000        0.0000000000000000        0.0000000000000000        0.0000000000000000        1.5624999999999999E-009   9.9999999999999995E-008   1.5625000000000000E-002   188098634.94706684        2821479524663074.5        1009717852047.5311        0.0000000000000000        0.0000000000000000        0.0000000000000000        0.0000000000000000        0.0000000000000000        0.0000000000000000        0.0000000000000000     
 -0.21093750000000000        0.0000000000000000        0.0000000000000000       -1.6226630804317778E-007   0.0000000000000000        0.0000000000000000        0.0000000000000000        0.0000000000000000        0.0000000000000000        1.5624999999999999E-009   9.9999999999999995E-008   1.5625000000000000E-002   188098634.94706693        2821479524663075.5        1009717852047.5311        0.0000000000000000        0.0000000000000000        0.0000000000000000        0.0000000000000000        0.0000000000000000        0.0000000000000000        0.0000000000000000     
 -0.19531250000000000        0.0000000000000000        0.0000000000000000       -1.6226608358915381E-007   0.0000000000000000        0.0000000000000000        0.0000000000000000        0.0000000000000000        0.0000000000000000        1.5624999999999999E-009   9.9999999999999995E-008   1.5625000000000000E-002   188098634.94706729        2821479524663081.0        1009717852047.5311        0.0000000000000000        0.0000000000000000        0.0000000000000000        0.0000000000000000        0.0000000000000000        0.0000000000000000        0.0000000000000000     
 -0.17968750000000000        0.0000000000000000        0.0000000000000000       -1.5902570782066574E-007   0.0000000000000000        0.0000000000000000        0.0000000000000000        0.0000000000000000        0.0000000000000000        1.5624999999999999E-009   9.9999999999999995E-008   1.5625000000000000E-002   188098634.94706717        2821479524663079.5        1009717852047.5311        0.0000000000000000        0.0000000000000000        0.0000000000000000        0.0000000000000000        0.0000000000000000        0.0000000000000000        0.0000000000000000     
 -0.16406250000000000        0.0000000000000000        0.0000000000000000       -1.6064335696172514E-007   0.0000000000000000        0.0000000000000000        0.0000000000000000        0.0000000000000000        0.0000000000000000        1.5624999999999999E-009   9.9999999999999995E-008   1.5625000000000000E-002   188098634.94706684        2821479524663074.5        1009717852047.5311        0.0000000000000000        0.0000000000000000        0.0000000000000000        0.0000000000000000        0.0000000000000000        0.0000000000000000        0.0000000000000000     
 -0.14843750000000000        0.0000000000000000        0.0000000000000000       -1.8986066944566863E-007   0.0000000000000000        0.0000000000000000        0.0000000000000000        0.0000000000000000        0.0000000000000000        1.5624999999999999E-009   9.9999999999999995E-008   1.5625000000000000E-002   188098634.94706661        2821479524663071.0        1009717852047.5311        0.0000000000000000        0.0000000000000000        0.0000000000000000        0.0000000000000000        0.0000000000000000        0.0000000000000000        0.0000000000000000     
 -0.13281250000000000        0.0000000000000000        0.0000000000000000       -2.0451170030750459E-007   0.0000000000000000        0.0000000000000000        0.0000000000000000        0.0000000000000000        0.0000000000000000        1.5624999999999999E-009   9.9999999999999995E-008   1.5625000000000000E-002   188098634.94706675        2821479524663073.0        1009717852047.5311        0.0000000000000000        0.0000000000000000        0.0000000000000000        0.0000000000000000        0.0000000000000000        0.0000000000000000        0.0000000000000000     
 -0.11718750000000000        0.0000000000000000        0.0000000000000000       -1.4598487206493464E-007   0.0000000000000000        0.0000000000000000        0.0000000000000000        0.0000000000000000        0.0000000000000000        1.5624999999999999E-009   9.9999999999999995E-008   1.5625000000000000E-002   188098634.94706696        2821479524663076.0        1009717852047.5311        0.0000000000000000        0.0000000000000000        0.0000000000000000        0.0000000000000000        0.0000000000000000        0.0000000000000000        0.0000000000000000     
 -0.10156250000000000        0.0000000000000000        0.0000000000000000       -5.8359941320782639E-008   0.0000000000000000        0.0000000000000000        0.0000000000000000        0.0000000000000000        0.0000000000000000        1.5624999999999999E-009   9.9999999999999995E-008   1.5625000000000000E-002   188098634.94706720        2821479524663080.0        1009717852047.5311        0.0000000000000000        0.0000000000000000        0.0000000000000000        0.0000000000000000        0.0000000000000000        0.0000000000000000        0.0000000000000000     
  -8.5937500000000000E-002   0.0000000000000000        0.0000000000000000       -5.8362723364361194E-008   0.0000000000000000        0.0000000000000000        0.0000000000000000        0.0000000000000000        0.0000000000000000        1.5624999999999999E-009   9.9999999999999995E-008   1.5625000000000000E-002   188098634.94706705        2821479524663077.5        1009717852047.5311        0.0000000000000000        0.0000000000000000        0.0000000000000000        0.0000000000000000        0.0000000000000000        0.0000000000000000        0.0000000000000000     
  -7.0312500000000000E-002   0.0000000000000000        0.0000000000000000       -1.1677868538486342E-007   0.0000000000000000        0.0000000000000000        0.0000000000000000        0.0000000000000000        0.0000000000000000        1.5624999999999999E-009   9.9999999999999995E-008   1.5625000000000000E-002   188098634.94706705        2821479524663077.5        1009717852047.5311        0.0000000000000000        0.0000000000000000        0.0000000000000000        0.0000000000000000        0.0000000000000000        0.0000000000000000        0.0000000000000000     
  -5.4687500000000000E-002   0.0000000000000000        0.0000000000000000       -1.3138980083950370E-007   0.0000000000000000        0.0000000000000000        0.0000000000000000        0.0000000000000000        0.0000000000000000        1.5624999999999999E-009   9.9999999999999995E-008   1.5625000000000000E-002   188098634.94706699        2821479524663077.0        1009717852047.5311        0.0000000000000000        0.0000000000000000        0.0000000000000000        0.0000000000000000        0.0000000000000000        0.0000000000000000        0.0000000000000000     
  -3.9062500000000000E-002   0.0000000000000000        0.0000000000000000       -7.2972814474106669E-008   0.0000000000000000        0.0000000000000000        0.0000000000000000        0.0000000000000000        0.0000000000000000        1.5624999999999999E-009   9.9999999999999995E-008   1.5625000000000000E-002   188098634.94706711        2821479524663078.5        1009717852047.5311        0.0000000000000000        0.0000000000000000        0.0000000000000000        0.0000000000000000        0.0000000000000000        0.0000000000000000        0.0000000000000000     
  -2.3437500000000000E-002   0.0000000000000000        0.0000000000000000       -7.1463387078530367E-008   0.0000000000000000        0.0000000000000000        0.0000000000000000        0.0000000000000000        0.0000000000000000        1.5624999999999999E-009   9.9999999999999995E-008   1.5625000000000000E-002   188098634.94706693        2821479524663075.5        1009717852047.5311        0.0000000000000000        0.0000000000000000        0.0000000000000000        0.0000000000000000        0.0000000000000000        0.0000000000000000        0.0000000000000000     
  -7.8125000000000000E-003   0.0000000000000000        0.0000000000000000       -1.0121495295178176E-007   0.0000000000000000        0.0000000000000000        0.0000000000000000        0.0000000000000000        0.0000000000000000        1.5624999999999999E-009   9.9999999999999995E-008   1.5625000000000000E-002   188098634.94706675        2821479524663073.0        1009717852047.5311        0.0000000000000000        0.0000000000000000        0.0000000000000000        0.0000000000000000        0.0000000000000000        0.0000000000000000        0.0000000000000000     
   7.8125000000000000E-003   0.0000000000000000        0.0000000000000000       -1.0223855448099961E-007   0.0000000000000000        0.0000000000000000        0.0000000000000000        0.0000000000000000        0.0000000000000000        1.5624999999999999E-009   9.9999999999999995E-008   1.5625000000000000E-002   188098634.94706684        2821479524663074.5        1009717852047.5311        0.0000000000000000        0.0000000000000000        0.0000000000000000        0.0000000000000000        0.0000000000000000        0.0000000000000000        0.0000000000000000     
   2.3437500000000000E-002   0.0000000000000000        0.0000000000000000       -1.7783832055924146E-007   0.0000000000000000        0.0000000000000000        0.0000000000000000        0.0000000000000000        0.0000000000000000        1.5624999999999999E-009   9.9999999999999995E-008   1.5625000000000000E-002   188098634.94706687        2821479524663075.0        1009717852047.5311        0.0000000000000000        0.0000000000000000        0.0000000000000000        0.0000000000000000        0.0000000000000000        0.0000000000000000        0.0000000000000000     
   3.9062500000000000E-002   0.0000000000000000        0.0000000000000000       -1.5812190024887175E-007   0.0000000000000000        0.0000000000000000        0.0000000000000000        0.0000000000000000        0.0000000000000000        1.5624999999999999E-009   9.9999999999999995E-008   1.5625000000000000E-002   188098634.94706732        2821479524663081.5        1009717852047.5311        0.0000000000000000        0.0000000000000000        0.0000000000000000        0.0000000000000000        0.0000000000000000        0.0000000000000000        0.0000000000000000     
   5.4687500000000000E-002   0.0000000000000000        0.0000000000000000       -1.3137994576180567E-007   0.0000000000000000        0.0000000000000000        0.0000000000000000        0.0000000000000000        0.0000000000000000        1.5624999999999999E-009   9.9999999999999995E-008   1.5625000000000000E-002   188098634.94706711        2821479524663078.5        1009717852047.5311        0.0000000000000000        0.0000000000000000        0.0000000000000000        0.0000000000000000        0.0000000000000000        0.0000000000000000        0.0000000000000000     
   7.0312500000000000E-002   0.0000000000000000        0.0000000000000000       -1.8984987135501261E-007   0.0000000000000000        0.0000000000000000        0.0000000000000000        0.0000000000000000        0.0000000000000000        1.5624999999999999E-009   9.9999999999999995E-008   1.5625000000000000E-002   188098634.94706658        2821479524663070.5        1009717852047.5311        0.0000000000000000        0.0000000000000000        0.0000000000000000        0.0000000000000000        0.0000000000000000        0.0000000000000000        0.0000000000000000     
   8.5937500000000000E-002   0.0000000000000000        0.0000000000000000       -1.7681515275015102E-007   0.0000000000000000        0.0000000000000000        0.0000000000000000        0.0000000000000000        0.0000000000000000        1.5624999999999999E-009   9.9999999999999995E-008   1.5625000000000000E-002   188098634.94706646        2821479524663068.5        1009717852047.5311        0.0000000000000000        0.0000000000000000        0.0000000000000000        0.0000000000000000        0.0000000000000000        0.0000000000000000        0.0000000000000000     
  0.10156250000000000        0.0000000000000000        0.0000000000000000       -2.1911284673042431E-007   0.0000000000000000        0.0000000000000000        0.0000000000000000        0.0000000000000000        0.0000000000000000        1.5624999999999999E-009   9.9999999999999995E-008   1.5625000000000000E-002   188098634.94706675        2821479524663073.5        1009717852047.5311        0.0000000000000000        0.0000000000000000        0.0000000000000000        0.0000000000000000        0.0000000000000000        0.0000000000000000        0.0000000000000000     
  0.11718750000000000        0.0000000000000000        0.0000000000000000       -1.4609455884806098E-007   0.0000000000000000        0.0000000000000000        0.0000000000000000        0.0000000000000000        0.0000000000000000        1.5624999999999999E-009   9.9999999999999995E-008   1.5625000000000000E-002   188098634.94706675        2821479524663073.5        1009717852047.5311        0.0000000000000000        0.0000000000000000        0.0000000000000000        0.0000000000000000        0.0000000000000000        0.0000000000000000        0.0000000000000000     
  0.13281250000000000        0.0000000000000000        0.0000000000000000       -1.8991040082180466E-007   0.0000000000000000        0.0000000000000000        0.0000000000000000        0.0000000000000000        0.0000000000000000        1.5624999999999999E-009   9.9999999999999995E-008   1.5625000000000000E-002   188098634.94706717        2821479524663079.0        1009717852047.5311        0.0000000000000000        0.0000000000000000        0.0000000000000000        0.0000000000000000        0.0000000000000000        0.0000000000000000        0.0000000000000000     
  0.14843750000000000        0.0000000000000000        0.0000000000000000       -1.4597986133724615E-007   0.0000000000000000        0.0000000000000000        0.0000000000000000        0.0000000000000000        0.0000000000000000        1.5624999999999999E-009   9.9999999999999995E-008   1.5625000000000000E-002   188098634.94706729        2821479524663081.0        1009717852047.5311        0.0000000000000000        0.0000000000000000        0.0000000000000000        0.0000000000000000        0.0000000000000000        0.0000000000000000        0.0000000000000000     
  0.16406250000000000        0.0000000000000000        0.0000000000000000       -1.3138043442016144E-007   0.0000000000000000        0.0000000000000000        0.0000000000000000        0.0000000000000000        0.0000000000000000        1.5624999999999999E-009   9.9999999999999995E-008   1.5625000000000000E-002   188098634.94706723        2821479524663080.5        1009717852047.5311        0.0000000000000000        0.0000000000000000        0.0000000000000000        0.0000000000000000        0.0000000000000000        0.0000000000000000        0.0000000000000000     
  0.17968750000000000        0.0000000000000000        0.0000000000000000       -1.3138240759487349E-007   0.0000000000000000        0.0000000000000000        0.0000000000000000        0.0000000000000000        0.0000000000000000        1.5624999999999999E-009   9.9999999999999995E-008   1.5625000000000000E-002   188098634.94706717        2821479524663079.5        1009717852047.5311        0.0000000000000000        0.0000000000000000        0.0000000000000000        0.0000000000000000        0.0000000000000000        0.0000000000000000        0.0000000000000000     
  0.19531250000000000        0.0000000000000000        0.0000000000000000       -1.6059216462616299E-007   0.0000000000000000        0.0000000000000000        0.0000000000000000        0.0000000000000000        0.0000000000000000        1.5624999999999999E-009   9.9999999999999995E-008   1.5625000000000000E-002   188098634.94706717        2821479524663079.0        1009717852047.5311        0.0000000000000000        0.0000000000000000        0.0000000000000000        0.0000000000000000        0.0000000000000000        0.0000000000000000        0.0000000000000000     
  0.21093750000000000        0.0000000000000000        0.0000000000000000       -1.4599020656881958E-007   0.0000000000000000        0.0000000000000000        0.0000000000000000        0.0000000000000000        0.0000000000000000        1.5624999999999999E-009   9.9999999999999995E-008   1.5625000000000000E-002   188098634.94706720        2821479524663080.0        1009717852047.5311        0.0000000000000000        0.0000000000000000        0.0000000000000000        0.0000000000000000        0.0000000000000000        0.0000000000000000        0.0000000000000000     
  0.22656250000000000        0.0000000000000000        0.0000000000000000       -1.4447418505812614E-007   0.0000000000000000        0.0000000000000000        0.0000000000000000        0.0000000000000000        0.0000000000000000        1.5624999999999999E-009   9.9999999999999995E-008   1.5625000000000000E-002   188098634.94706696        2821479524663076.5        1009717852047.5311        0.0000000000000000        0.0000000000000000        0.0000000000000000        0.0000000000000000        0.0000000000000000        0.0000000000000000        0.0000000000000000     
  0.24218750000000000        0.0000000000000000        0.0000000000000000       -1.7525609270958307E-007   0.0000000000000000        0.0000000000000000        0.0000000000000000        0.0000000000000000        0.0000000000000000        1.5624999999999999E-009   9.9999999999999995E-008   1.5625000000000000E-002   188098634.94706687        2821479524663075.0        1009717852047.5311        0.0000000000000000        0.0000000000000000        0.0000000000000000        0.0000000000000000        0.0000000000000000        0.0000000000000000        0.0000000000000000     
  0.25781250000000000        0.0000000000000000        0.0000000000000000       -1.7530428010671872E-007   0.0000000000000000        0.0000000000000000        0.0000000000000000        0.0000000000000000        0.0000000000000000        1.5624999999999999E-009   9.9999999999999995E-008   1.5625000000000000E-002   188098634.94706684        2821479524663074.5        1009717852047.5311        0.0000000000000000        0.0000000000000000        0.0000000000000000        0.0000000000000000        0.0000000000000000        0.0000000000000000        0.0000000000000000     
  0.27343750000000000        0.0000000000000000        0.0000000000000000       -1.8985532398230068E-007   0.0000000000000000        0.0000000000000000        0.0000000000000000        0.0000000000000000        0.0000000000000000        1.5624999999999999E-009   9.9999999999999995E-008   1.5625000000000000E-002   188098634.94706675        2821479524663073.0        1009717852047.5311        0.0000000000000000        0.0000000000000000        0.0000000000000000        0.0000000000000000        0.0000000000000000        0.0000000000000000        0.0000000000000000     
  0.28906250000000000        0.0000000000000000        0.0000000000000000       -2.1906054719684474E-007   0.0000000000000000        0.0000000000000000        0.0000000000000000        0.0000000000000000        0.0000000000000000        1.5624999999999999E-009   9.9999999999999995E-008   1.5625000000000000E-002   188098634.94706699        2821479524663077.0        1009717852047.5311        0.0000000000000000        0.0000000000000000        0.0000000000000000        0.0000000000000000        0.0000000000000000        0.0000000000000000        0.0000000000000000     
  0.30468750000000000        0.0000000000000000        0.0000000000000000       -1.6069815088845361E-007   0.0000000000000000        0.0000000000000000        0.0000000000000000        0.0000000000000000        0.0000000000000000        1.5624999999999999E-009   9.9999999999999995E-008   1.5625000000000000E-002   188098634.94706699        2821479524663077.0        1009717852047.5311        0.0000000000000000        0.0000000000000000        0.0000000000000000        0.0000000000000000        0.0000000000000000        0.0000000000000000        0.0000000000000000     
  0.32031250000000000        0.0000000000000000        0.0000000000000000       -1.8990640932034631E-007   0.0000000000000000        0.0000000000000000        0.0000000000000000        0.0000000000000000        0.0000000000000000        1.5624999999999999E-009   9.9999999999999995E-008   1.5625000000000000E-002   188098634.94706696        2821479524663076.0        1009717852047.5311        0.0000000000000000        0.0000000000000000        0.0000000000000000        0.0000000000000000        0.0000000000000000        0.0000000000000000        0.0000000000000000     
  0.33593750000000000        0.0000000000000000        0.0000000000000000       -1.7519432662325022E-007   0.0000000000000000        0.0000000000000000        0.0000000000000000        0.0000000000000000        0.0000000000000000        1.5624999999999999E-009   9.9999999999999995E-008   1.5625000000000000E-002   188098634.94706705        2821479524663077.5        1009717852047.5311        0.0000000000000000        0.0000000000000000        0.0000000000000000        0.0000000000000000        0.0000000000000000        0.0000000000000000        0.0000000000000000     
  0.35156250000000000        0.0000000000000000        0.0000000000000000       -1.7524773692157984E-007   0.0000000000000000        0.0000000000000000        0.0000000000000000        0.0000000000000000        0.0000000000000000        1.5624999999999999E-009   9.9999999999999995E-008   1.5625000000000000E-002   188098634.94706699        2821479524663077.0        1009717852047.5311        0.0000000000000000        0.0000000000000000        0.0000000000000000        0.0000000000000000        0.0000000000000000        0.0000000000000000        0.0000000000000000     
  0.36718750000000000        0.0000000000000000        0.0000000000000000       -1.4604686008575561E-007   0.0000000000000000        0.0000000000000000        0.0000000000000000        0.0000000000000000        0.0000000000000000        1.5624999999999999E-009   9.9999999999999995E-008   1.5625000000000000E-002   188098634.94706708        2821479524663078.0        1009717852047.5311        0.0000000000000000        0.0000000000000000        0.0000000000000000        0.0000000000000000        0.0000000000000000        0.0000000000000000        0.0000000000000000     
  0.38281250000000000        0.0000000000000000        0.0000000000000000       -1.7530767270786691E-007   0.0000000000000000        0.0000000000000000        0.0000000000000000        0.0000000000000000        0.0000000000000000        1.5624999999999999E-009   9.9999999999999995E-008   1.5625000000000000E-002   188098634.94706684        2821479524663074.5        1009717852047.5311        0.0000000000000000        0.0000000000000000        0.0000000000000000        0.0000000000000000        0.0000000000000000        0.0000000000000000        0.0000000000000000     
  0.39843750000000000        0.0000000000000000        0.0000000000000000       -1.6070463129018345E-007   0.0000000000000000        0.0000000000000000        0.0000000000000000        0.0000000000000000        0.0000000000000000        1.5624999999999999E-009   9.9999999999999995E-008   1.5625000000000000E-002   188098634.94706693        2821479524663075.5        1009717852047.5311        0.0000000000000000        0.0000000000000000        0.0000000000000000        0.0000000000000000        0.0000000000000000        0.0000000000000000        0.0000000000000000     
  0.41406250000000000        0.0000000000000000        0.0000000000000000       -1.7519382870872770E-007   0.0000000000000000        0.0000000000000000        0.0000000000000000        0.0000000000000000        0.0000000000000000        1.5624999999999999E-009   9.9999999999999995E-008   1.5625000000000000E-002   188098634.94706717        2821479524663079.5        1009717852047.5311        0.0000000000000000        0.0000000000000000        0.0000000000000000        0.0000000000000000        0.0000000000000000        0.0000000000000000        0.0000000000000000     
  0.42968750000000000        0.0000000000000000        0.0000000000000000       -1.1678091610866525E-007   0.0000000000000000        0.0000000000000000        0.0000000000000000        0.0000000000000000        0.0000000000000000        1.5624999999999999E-009   9.9999999999999995E-008   1.5625000000000000E-002   188098634.94706699        2821479524663077.0        1009717852047.5311        0.0000000000000000        0.0000000000000000        0.0000000000000000        0.0000000000000000        0.0000000000000000        0.0000000000000000        0.0000000000000000     
  0.44531250000000000        0.0000000000000000        0.0000000000000000       -1.0218211692757504E-007   0.0000000000000000        0.0000000000000000        0.0000000000000000        0.0000000000000000        0.0000000000000000        1.5624999999999999E-009   9.9999999999999995E-008   1.5625000000000000E-002   188098634.94706696        2821479524663076.5        1009717852047.5311        0.0000000000000000        0.0000000000000000        0.0000000000000000        0.0000000000000000        0.0000000000000000        0.0000000000000000        0.0000000000000000     
  0.46093750000000000        0.0000000000000000        0.0000000000000000       -1.1678865895729979E-007   0.0000000000000000        0.0000000000000000        0.0000000000000000        0.0000000000000000        0.0000000000000000        1.5624999999999999E-009   9.9999999999999995E-008   1.5625000000000000E-002   188098634.94706681        2821479524663074.0        1009717852047.5311        0.0000000000000000        0.0000000000000000        0.0000000000000000        0.0000000000000000        0.0000000000000000        0.0000000000000000        0.0000000000000000     
  0.47656250000000000        0.0000000000000000        0.0000000000000000       -1.1679272514580918E-007   0.0000000000000000        0.0000000000000000        0.0000000000000000        0.0000000000000000        0.0000000000000000        1.5624999999999999E-009   9.9999999999999995E-008   1.5625000000000000E-002   188098634.94706687        2821479524663075.0        1009717852047.5311        0.0000000000000000        0.0000000000000000        0.0000000000000000        0.0000000000000000        0.0000000000000000        0.0000000000000000        0.0000000000000000     
  0.49218750000000000        0.0000000000000000        0.0000000000000000       -1.3139745665374837E-007   0.0000000000000000        0.0000000000000000        0.0000000000000000        0.0000000000000000        0.0000000000000000        1.5624999999999999E-009   9.9999999999999995E-008   1.5625000000000000E-002   188098634.94706699        2821479524663077.0        1009717852047.5311        0.0000000000000000        0.0000000000000000        0.0000000000000000        0.0000000000000000        0.0000000000000000        0.0000000000000000        0.0000000000000000     
  0.50781250000000000        0.0000000000000000        0.0000000000000000       -1.1684664186564788E-007   0.0000000000000000        0.0000000000000000        0.0000000000000000        0.0000000000000000        0.0000000000000000        1.5624999999999999E-009   9.9999999999999995E-008   1.5625000000000000E-002   188098634.94706705        2821479524663077.5        1009717852047.5311        0.0000000000000000        0.0000000000000000        0.0000000000000000        0.0000000000000000        0.0000000000000000        0.0000000000000000        0.0000000000000000     
  0.52343750000000000        0.0000000000000000        0.0000000000000000       -1.1685232208525233E-007   0.0000000000000000        0.0000000000000000        0.0000000000000000        0.0000000000000000        0.0000000000000000        1.5624999999999999E-009   9.9999999999999995E-008   1.5625000000000000E-002   188098634.94706693        2821479524663075.5        1009717852047.5311        0.0000000000000000        0.0000000000000000        0.0000000000000000        0.0000000000000000        0.0000000000000000        0.0000000000000000        0.0000000000000000     
  0.53906250000000000        0.0000000000000000        0.0000000000000000       -8.7582699692076545E-008   0.0000000000000000        0.0000000000000000        0.0000000000000000        0.0000000000000000        0.0000000000000000        1.5624999999999999E-009   9.9999999999999995E-008   1.5625000000000000E-002   188098634.94706684        2821479524663074.5        1009717852047.5311        0.0000000000000000        0.0000000000000000        0.0000000000000000        0.0000000000000000        0.0000000000000000        0.0000000000000000        0.0000000000000000     
  0.55468750000000000        0.0000000000000000        0.0000000000000000       -1.1678632607675675E-007   0.0000000000000000        0.0000000000000000        0.0000000000000000        0.0000000000000000        0.0000000000000000        1.5624999999999999E-009   9.9999999999999995E-008   1.5625000000000000E-002   188098634.94706699        2821479524663077.0        1009717852047.5311        0.0000000000000000        0.0000000000000000        0.0000000000000000        0.0000000000000000        0.0000000000000000        0.0000000000000000        0.0000000000000000     
  0.57031250000000000        0.0000000000000000        0.0000000000000000       -1.1679123469601056E-007   0.0000000000000000        0.0000000000000000        0.0000000000000000        0.0000000000000000        0.0000000000000000        1.5624999999999999E-009   9.9999999999999995E-008   1.5625000000000000E-002   188098634.94706696        2821479524663076.5        1009717852047.5311        0.0000000000000000        0.0000000000000000        0.0000000000000000        0.0000000000000000        0.0000000000000000        0.0000000000000000        0.0000000000000000     
  0.58593750000000000        0.0000000000000000        0.0000000000000000       -1.4600226460429026E-007   0.0000000000000000        0.0000000000000000        0.0000000000000000        0.0000000000000000        0.0000000000000000        1.5624999999999999E-009   9.9999999999999995E-008   1.5625000000000000E-002   188098634.94706705        2821479524663077.5        1009717852047.5311        0.0000000000000000        0.0000000000000000        0.0000000000000000        0.0000000000000000        0.0000000000000000        0.0000000000000000        0.0000000000000000     
  0.60156250000000000        0.0000000000000000        0.0000000000000000       -1.1679587378704767E-007   0.0000000000000000        0.0000000000000000        0.0000000000000000        0.0000000000000000        0.0000000000000000        1.5624999999999999E-009   9.9999999999999995E-008   1.5625000000000000E-002   188098634.94706723        2821479524663080.5        1009717852047.5311        0.0000000000000000        0.0000000000000000        0.0000000000000000        0.0000000000000000        0.0000000000000000        0.0000000000000000        0.0000000000000000     
  0.61718750000000000        0.0000000000000000        0.0000000000000000       -1.0224061001377981E-007   0.0000000000000000        0.0000000000000000        0.0000000000000000        0.0000000000000000        0.0000000000000000        1.5624999999999999E-009   9.9999999999999995E-008   1.5625000000000000E-002   188098634.94706687        2821479524663075.0        1009717852047.5311        0.0000000000000000        0.0000000000000000        0.0000000000000000        0.0000000000000000        0.0000000000000000        0.0000000000000000        0.0000000000000000     
  0.63281250000000000        0.0000000000000000        0.0000000000000000       -1.4605829642230496E-007   0.0000000000000000        0.0000000000000000        0.0000000000000000        0.0000000000000000        0.0000000000000000        1.5624999999999999E-009   9.9999999999999995E-008   1.5625000000000000E-002   188098634.94706696        2821479524663076.0        1009717852047.5311        0.0000000000000000        0.0000000000000000        0.0000000000000000        0.0000000000000000        0.0000000000000000        0.0000000000000000        0.0000000000000000     
  0.64843750000000000        0.0000000000000000        0.0000000000000000       -1.6071371336864471E-007   0.0000000000000000        0.0000000000000000        0.0000000000000000        0.0000000000000000        0.0000000000000000        1.5624999999999999E-009   9.9999999999999995E-008   1.5625000000000000E-002   188098634.94706693        2821479524663075.5        1009717852047.5311        0.0000000000000000        0.0000000000000000        0.0000000000000000        0.0000000000000000        0.0000000000000000        0.0000000000000000        0.0000000000000000     
  0.66406250000000000        0.0000000000000000        0.0000000000000000       -1.8991988608749319E-007   0.0000000000000000        0.0000000000000000        0.0000000000000000        0.0000000000000000        0.0000000000000000        1.5624999999999999E-009   9.9999999999999995E-008   1.5625000000000000E-002   188098634.94706705        2821479524663077.5        1009717852047.5311        0.0000000000000000        0.0000000000000000        0.0000000000000000        0.0000000000000000        0.0000000000000000        0.0000000000000000        0.0000000000000000     
  0.67968750000000000        0.0000000000000000        0.0000000000000000       -1.6059544033895106E-007   0.0000000000000000        0.0000000000000000        0.0000000000000000        0.0000000000000000        0.0000000000000000        1.5624999999999999E-009   9.9999999999999995E-008   1.5625000000000000E-002   188098634.94706699        2821479524663077.0        1009717852047.5311        0.0000000000000000        0.0000000000000000        0.0000000000000000        0.0000000000000000        0.0000000000000000        0.0000000000000000        0.0000000000000000     
  0.69531250000000000        0.0000000000000000        0.0000000000000000       -7.2974986616982761E-008   0.0000000000000000        0.0000000000000000        0.0000000000000000        0.0000000000000000        0.0000000000000000        1.5624999999999999E-009   9.9999999999999995E-008   1.5625000000000000E-002   188098634.94706717        2821479524663079.0        1009717852047.5311        0.0000000000000000        0.0000000000000000        0.0000000000000000        0.0000000000000000        0.0000000000000000        0.0000000000000000        0.0000000000000000     
  0.71093750000000000        0.0000000000000000        0.0000000000000000       -7.1411589235684187E-008   0.0000000000000000        0.0000000000000000        0.0000000000000000        0.0000000000000000        0.0000000000000000        1.5624999999999999E-009   9.9999999999999995E-008   1.5625000000000000E-002   188098634.94706663        2821479524663071.5        1009717852047.5311        0.0000000000000000        0.0000000000000000        0.0000000000000000        0.0000000000000000        0.0000000000000000        0.0000000000000000        0.0000000000000000     
  0.72656250000000000        0.0000000000000000        0.0000000000000000       -1.1678881197864710E-007   0.0000000000000000        0.0000000000000000        0.0000000000000000        0.0000000000000000        0.0000000000000000        1.5624999999999999E-009   9.9999999999999995E-008   1.5625000000000000E-002   188098634.94706658        2821479524663070.5        1009717852047.5311        0.0000000000000000        0.0000000000000000        0.0000000000000000        0.0000000000000000        0.0000000000000000        0.0000000000000000        0.0000000000000000     
  0.74218750000000000        0.0000000000000000        0.0000000000000000       -1.3139686012515088E-007   0.0000000000000000        0.0000000000000000        0.0000000000000000        0.0000000000000000        0.0000000000000000        1.5624999999999999E-009   9.9999999999999995E-008   1.5625000000000000E-002   188098634.94706661        2821479524663071.0        1009717852047.5311        0.0000000000000000        0.0000000000000000        0.0000000000000000        0.0000000000000000        0.0000000000000000        0.0000000000000000        0.0000000000000000     
  0.75781250000000000        0.0000000000000000        0.0000000000000000       -1.3241301528050164E-007   0.0000000000000000        0.0000000000000000        0.0000000000000000        0.0000000000000000        0.0000000000000000        1.5624999999999999E-009   9.9999999999999995E-008   1.5625000000000000E-002   188098634.94706684        2821479524663074.5        1009717852047.5311        0.0000000000000000        0.0000000000000000        0.0000000000000000        0.0000000000000000        0.0000000000000000        0.0000000000000000        0.0000000000000000     
  0.77343750000000000        0.0000000000000000        0.0000000000000000       -1.3081976777438389E-007   0.0000000000000000        0.0000000000000000        0.0000000000000000        0.0000000000000000        0.0000000000000000        1.5624999999999999E-009   9.9999999999999995E-008   1.5625000000000000E-002   188098634.94706681        2821479524663074.0        1009717852047.5311        0.0000000000000000        0.0000000000000000        0.0000000000000000        0.0000000000000000        0.0000000000000000        0.0000000000000000        0.0000000000000000     
  0.78906250000000000        0.0000000000000000        0.0000000000000000       -1.3051021305302662E-007   0.0000000000000000        0.0000000000000000        0.0000000000000000        0.0000000000000000        0.0000000000000000        1.5624999999999999E-009   9.9999999999999995E-008   1.5625000000000000E-002   188098634.94706693        2821479524663075.5        1009717852047.5311        0.0000000000000000        0.0000000000000000        0.0000000000000000        0.0000000000000000        0.0000000000000000        0.0000000000000000        0.0000000000000000     
  0.80468750000000000        0.0000000000000000        0.0000000000000000       -1.4511792057428033E-007   0.0000000000000000        0.0000000000000000        0.0000000000000000        0.0000000000000000        0.0000000000000000        1.5624999999999999E-009   9.9999999999999995E-008   1.5625000000000000E-002   188098634.94706696        2821479524663076.0        1009717852047.5311        0.0000000000000000        0.0000000000000000        0.0000000000000000        0.0000000000000000        0.0000000000000000        0.0000000000000000        0.0000000000000000     
  0.82031250000000000        0.0000000000000000        0.0000000000000000       -1.0380501032880427E-007   0.0000000000000000        0.0000000000000000        0.0000000000000000        0.0000000000000000        0.0000000000000000        1.5624999999999999E-009   9.9999999999999995E-008   1.5625000000000000E-002   188098634.94706675        2821479524663073.5        1009717852047.5311        0.0000000000000000        0.0000000000000000        0.0000000000000000        0.0000000000000000        0.0000000000000000        0.0000000000000000        0.0000000000000000     
  0.83593750000000000        0.0000000000000000        0.0000000000000000       -1.3150169269857293E-007   0.0000000000000000        0.0000000000000000        0.0000000000000000        0.0000000000000000        0.0000000000000000        1.5624999999999999E-009   9.9999999999999995E-008   1.5625000000000000E-002   188098634.94706693        2821479524663075.5        1009717852047.5311        0.0000000000000000        0.0000000000000000        0.0000000000000000        0.0000000000000000        0.0000000000000000        0.0000000000000000        0.0000000000000000     
  0.85156250000000000        0.0000000000000000        0.0000000000000000       -1.5968623484554934E-007   0.0000000000000000        0.0000000000000000        0.0000000000000000        0.0000000000000000        0.0000000000000000        1.5624999999999999E-009   9.9999999999999995E-008   1.5625000000000000E-002   188098634.94706675        2821479524663073.5        1009717852047.5311        0.0000000000000000        0.0000000000000000        0.0000000000000000        0.0000000000000000        0.0000000000000000        0.0000000000000000        0.0000000000000000     
  0.86718750000000000        0.0000000000000000        0.0000000000000000       -1.8835487652175575E-007   0.0000000000000000        0.0000000000000000        0.0000000000000000        0.0000000000000000        0.0000000000000000        1.5624999999999999E-009   9.9999999999999995E-008   1.5625000000000000E-002   188098634.94706675        2821479524663073.0        1009717852047.5311        0.0000000000000000        0.0000000000000000        0.0000000000000000        0.0000000000000000        0.0000000000000000        0.0000000000000000        0.0000000000000000     
  0.88281250000000000        0.0000000000000000        0.0000000000000000       -1.6059698645999241E-007   0.0000000000000000        0.0000000000000000        0.0000000000000000        0.0000000000000000        0.0000000000000000        1.5624999999999999E-009   9.9999999999999995E-008   1.5625000000000000E-002   188098634.94706675        2821479524663073.5        1009717852047.5311        0.0000000000000000        0.0000000000000000        0.0000000000000000        0.0000000000000000        0.0000000000000000        0.0000000000000000        0.0000000000000000     
  0.89843750000000000        0.0000000000000000        0.0000000000000000       -1.1683993891303946E-007   0.0000000000000000        0.0000000000000000        0.0000000000000000        0.0000000000000000        0.0000000000000000        1.5624999999999999E-009   9.9999999999999995E-008   1.5625000000000000E-002   188098634.94706687        2821479524663075.0        1009717852047.5311        0.0000000000000000        0.0000000000000000        0.0000000000000000        0.0000000000000000        0.0000000000000000        0.0000000000000000        0.0000000000000000     
  0.91406250000000000        0.0000000000000000        0.0000000000000000       -1.0223806578855704E-007   0.0000000000000000        0.0000000000000000        0.0000000000000000        0.0000000000000000        0.0000000000000000        1.5624999999999999E-009   9.9999999999999995E-008   1.5625000000000000E-002   188098634.94706681        2821479524663074.0        1009717852047.5311        0.0000000000000000        0.0000000000000000        0.0000000000000000        0.0000000000000000        0.0000000000000000        0.0000000000000000        0.0000000000000000     
  0.92968750000000000        0.0000000000000000        0.0000000000000000       -1.1678074475390350E-007   0.0000000000000000        0.0000000000000000        0.0000000000000000        0.0000000000000000        0.0000000000000000        1.5624999999999999E-009   9.9999999999999995E-008   1.5625000000000000E-002   188098634.94706684        2821479524663074.5        1009717852047.5311        0.0000000000000000        0.0000000000000000        0.0000000000000000        0.0000000000000000        0.0000000000000000        0.0000000000000000        0.0000000000000000     
  0.94531250000000000        0.0000000000000000        0.0000000000000000       -1.0217360652091436E-007   0.0000000000000000        0.0000000000000000        0.0000000000000000        0.0000000000000000        0.0000000000000000        1.5624999999999999E-009   9.9999999999999995E-008   1.5625000000000000E-002   188098634.94706684        2821479524663074.5        1009717852047.5311        0.0000000000000000        0.0000000000000000        0.0000000000000000        0.0000000000000000        0.0000000000000000        0.0000000000000000        0.0000000000000000     
  0.96093750000000000        0.0000000000000000        0.0000000000000000       -1.0217982619162275E-007   0.0000000000000000        0.0000000000000000        0.0000000000000000        0.0000000000000000        0.0000000000000000        1.5624999999999999E-009   9.9999999999999995E-008   1.5625000000000000E-002   188098634.94706705        2821479524663077.5        1009717852047.5311        0.0000000000000000        0.0000000000000000        0.0000000000000000        0.0000000000000000        0.0000000000000000        0.0000000000000000        0.0000000000000000     
  0.97656250000000000        0.0000000000000000        0.0000000000000000       -1.0218186822581822E-007   0.0000000000000000        0.0000000000000000        0.0000000000000000        0.0000000000000000        0.0000000000000000        1.5624999999999999E-009   9.9999999999999995E-008   1.5625000000000000E-002   188098634.94706687        2821479524663075.0        1009717852047.5311        0.0000000000000000        0.0000000000000000        0.0000000000000000        0.0000000000000000        0.0000000000000000        0.0000000000000000        0.0000000000000000     
  0.99218750000000000        0.0000000000000000        0.0000000000000000       -1.0218229193614859E-007   0.0000000000000000        0.0000000000000000        0.0000000000000000        0.0000000000000000        0.0000000000000000        1.5624999999999999E-009   9.9999999999999995E-008   1.5625000000000000E-002   188098634.94706696        2821479524663076.0        1009717852047.5311        0.0000000000000000        0.0000000000000000        0.0000000000000000        0.0000000000000000        0.0000000000000000        0.0000000000000000        0.0000000000000000     
   1.0078125000000000        0.0000000000000000        0.0000000000000000        0.0000000000000000        0.0000000000000000        0.0000000000000000        0.0000000000000000        0.0000000000000000        0.0000000000000000        0.0000000000000000        0.0000000000000000        0.0000000000000000        0.0000000000000000        0.0000000000000000        0.0000000000000000        0.0000000000000000        0.0000000000000000        0.0000000000000000        0.0000000000000000        0.0000000000000000        0.0000000000000000        0.0000000000000000     
   1.0234375000000000        0.0000000000000000        0.0000000000000000        0.0000000000000000        0.0000000000000000        0.0000000000000000        0.0000000000000000        0.0000000000000000        0.0000000000000000        0.0000000000000000        0.0000000000000000        0.0000000000000000        0.0000000000000000        0.0000000000000000        0.0000000000000000        0.0000000000000000        0.0000000000000000        0.0000000000000000        0.0000000000000000        0.0000000000000000        0.0000000000000000        0.0000000000000000     
   1.0390625000000000        0.0000000000000000        0.0000000000000000        0.0000000000000000        0.0000000000000000        0.0000000000000000        0.0000000000000000        0.0000000000000000        0.0000000000000000        0.0000000000000000        0.0000000000000000        0.0000000000000000        0.0000000000000000        0.0000000000000000        0.0000000000000000        0.0000000000000000        0.0000000000000000        0.0000000000000000        0.0000000000000000        0.0000000000000000        0.0000000000000000        0.0000000000000000     
  -1.0390625000000000        0.0000000000000000        0.0000000000000000        0.0000000000000000        0.0000000000000000        0.0000000000000000        0.0000000000000000        0.0000000000000000        0.0000000000000000        0.0000000000000000        0.0000000000000000        0.0000000000000000        0.0000000000000000        0.0000000000000000        0.0000000000000000        0.0000000000000000        0.0000000000000000        0.0000000000000000        0.0000000000000000        0.0000000000000000        0.0000000000000000        0.0000000000000000     
  -1.0234375000000000        0.0000000000000000        0.0000000000000000        0.0000000000000000        0.0000000000000000        0.0000000000000000        0.0000000000000000        0.0000000000000000        0.0000000000000000        0.0000000000000000        0.0000000000000000        0.0000000000000000        0.0000000000000000        0.0000000000000000        0.0000000000000000        0.0000000000000000        0.0000000000000000        0.0000000000000000        0.0000000000000000        0.0000000000000000        0.0000000000000000        0.0000000000000000     
  -1.0078125000000000        0.0000000000000000        0.0000000000000000        0.0000000000000000        0.0000000000000000        0.0000000000000000        0.0000000000000000        0.0000000000000000        0.0000000000000000        0.0000000000000000        0.0000000000000000        0.0000000000000000        0.0000000000000000        0.0000000000000000        0.0000000000000000        0.0000000000000000        0.0000000000000000        0.0000000000000000        0.0000000000000000        0.0000000000000000        0.0000000000000000        0.0000000000000000     
