   6.1000000000000043E-008
 -0.99218750000000000        0.0000000000000000        0.0000000000000000       -2.9207610819020461E-007   0.0000000000000000        0.0000000000000000        0.0000000000000000        0.0000000000000000        0.0000000000000000        1.5624999999999999E-009   9.9999999999999995E-008   1.5625000000000000E-002   158657357.17607263        2379860357725233.0        1009762013964.2234        0.0000000000000000        0.0000000000000000        0.0000000000000000        0.0000000000000000        0.0000000000000000        0.0000000000000000        0.0000000000000000     
 -0.97656250000000000        0.0000000000000000        0.0000000000000000       -2.9051437505015601E-007   0.0000000000000000        0.0000000000000000        0.0000000000000000        0.0000000000000000        0.0000000000000000        1.5624999999999999E-009   9.9999999999999995E-008   1.5625000000000000E-002   158657357.17607251        2379860357725231.0        1009762013964.2234        0.0000000000000000        0.0000000000000000        0.0000000000000000        0.0000000000000000        0.0000000000000000        0.0000000000000000        0.0000000000000000     
 -0.96093750000000000        0.0000000000000000        0.0000000000000000       -3.2133880253078752E-007   0.0000000000000000        0.0000000000000000        0.0000000000000000        0.0000000000000000        0.0000000000000000        1.5624999999999999E-009   9.9999999999999995E-008   1.5625000000000000E-002   158657357.17607257        2379860357725232.0        1009762013964.2234        0.0000000000000000        0.0000000000000000        0.0000000000000000        0.0000000000000000        0.0000000000000000        0.0000000000000000        0.0000000000000000     
 -0.94531250000000000        0.0000000000000000        0.0000000000000000       -2.7798785036216768E-007   0.0000000000000000        0.0000000000000000        0.0000000000000000        0.0000000000000000        0.0000000000000000        1.5624999999999999E-009   9.9999999999999995E-008   1.5625000000000000E-002   158657357.17607263        2379860357725233.0        1009762013964.2234        0.0000000000000000        0.0000000000000000        0.0000000000000000        0.0000000000000000        0.0000000000000000        0.0000000000000000        0.0000000000000000     
 -0.92968750000000000        0.0000000000000000        0.0000000000000000       -3.2134144735409423E-007   0.0000000000000000        0.0000000000000000        0.0000000000000000        0.0000000000000000        0.0000000000000000        1.5624999999999999E-009   9.9999999999999995E-008   1.5625000000000000E-002   158657357.17607257        2379860357725232.0        1009762013964.2234        0.0000000000000000        0.0000000000000000        0.0000000000000000        0.0000000000000000        0.0000000000000000        0.0000000000000000        0.0000000000000000     
 -0.91406250000000000        0.0000000000000000        0.0000000000000000       -3.6515103745856666E-007   0.0000000000000000        0.0000000000000000        0.0000000000000000        0.0000000000000000        0.0000000000000000        1.5624999999999999E-009   9.9999999999999995E-008   1.5625000000000000E-002   158657357.17607287        2379860357725236.0        1009762013964.2234        0.0000000000000000        0.0000000000000000        0.0000000000000000        0.0000000000000000        0.0000000000000000        0.0000000000000000        0.0000000000000000     
 -0.89843750000000000        0.0000000000000000        0.0000000000000000       -3.0662218496491035E-007   0.0000000000000000        0.0000000000000000        0.0000000000000000        0.0000000000000000        0.0000000000000000        1.5624999999999999E-009   9.9999999999999995E-008   1.5625000000000000E-002   158657357.17607287        2379860357725236.5        1009762013964.2234        0.0000000000000000        0.0000000000000000        0.0000000000000000        0.0000000000000000        0.0000000000000000        0.0000000000000000        0.0000000000000000     
 -0.88281250000000000        0.0000000000000000        0.0000000000000000       -2.4820812333240764E-007   0.0000000000000000        0.0000000000000000        0.0000000000000000        0.0000000000000000        0.0000000000000000        1.5624999999999999E-009   9.9999999999999995E-008   1.5625000000000000E-002   158657357.17607287        2379860357725236.0        1009762013964.2234        0.0000000000000000        0.0000000000000000        0.0000000000000000        0.0000000000000000        0.0000000000000000        0.0000000000000000        0.0000000000000000     
 -0.86718750000000000        0.0000000000000000        0.0000000000000000       -2.7742001045680311E-007   0.0000000000000000        0.0000000000000000        0.0000000000000000        0.0000000000000000        0.0000000000000000        1.5624999999999999E-009   9.9999999999999995E-008   1.5625000000000000E-002   158657357.17607269        2379860357725233.5        1009762013964.2234        0.0000000000000000        0.0000000000000000        0.0000000000000000        0.0000000000000000        0.0000000000000000        0.0000000000000000        0.0000000000000000     
 -0.85156250000000000        0.0000000000000000        0.0000000000000000       -2.9358740354765696E-007   0.0000000000000000        0.0000000000000000        0.0000000000000000        0.0000000000000000        0.0000000000000000        1.5624999999999999E-009   9.9999999999999995E-008   1.5625000000000000E-002   158657357.17607287        2379860357725236.0        1009762013964.2234        0.0000000000000000        0.0000000000000000        0.0000000000000000        0.0000000000000000        0.0000000000000000        0.0000000000000000        0.0000000000000000     
 -0.83593750000000000        0.0000000000000000        0.0000000000000000       -2.4826515838705578E-007   0.0000000000000000        0.0000000000000000        0.0000000000000000        0.0000000000000000        0.0000000000000000        1.5624999999999999E-009   9.9999999999999995E-008   1.5625000000000000E-002   158657357.17607287        2379860357725236.0        1009762013964.2234        0.0000000000000000        0.0000000000000000        0.0000000000000000        0.0000000000000000        0.0000000000000000        0.0000000000000000        0.0000000000000000     
 -0.82031250000000000        0.0000000000000000        0.0000000000000000       -2.0445666508055857E-007   0.0000000000000000        0.0000000000000000        0.0000000000000000        0.0000000000000000        0.0000000000000000        1.5624999999999999E-009   9.9999999999999995E-008   1.5625000000000000E-002   158657357.17607287        2379860357725236.5        1009762013964.2234        0.0000000000000000        0.0000000000000000        0.0000000000000000        0.0000000000000000        0.0000000000000000        0.0000000000000000        0.0000000000000000     
 -0.80468750000000000        0.0000000000000000        0.0000000000000000       -2.7627351499456138E-007   0.0000000000000000        0.0000000000000000        0.0000000000000000        0.0000000000000000        0.0000000000000000        1.5624999999999999E-009   9.9999999999999995E-008   1.5625000000000000E-002   158657357.17607281        2379860357725235.5        1009762013964.2234        0.0000000000000000        0.0000000000000000        0.0000000000000000        0.0000000000000000        0.0000000000000000        0.0000000000000000        0.0000000000000000     
 -0.78906250000000000        0.0000000000000000        0.0000000000000000       -2.3371608561657624E-007   0.0000000000000000        0.0000000000000000        0.0000000000000000        0.0000000000000000        0.0000000000000000        1.5624999999999999E-009   9.9999999999999995E-008   1.5625000000000000E-002   158657357.17607301        2379860357725238.5        1009762013964.2234        0.0000000000000000        0.0000000000000000        0.0000000000000000        0.0000000000000000        0.0000000000000000        0.0000000000000000        0.0000000000000000     
 -0.77343750000000000        0.0000000000000000        0.0000000000000000       -2.0445553645595744E-007   0.0000000000000000        0.0000000000000000        0.0000000000000000        0.0000000000000000        0.0000000000000000        1.5624999999999999E-009   9.9999999999999995E-008   1.5625000000000000E-002   158657357.17607281        2379860357725235.5        1009762013964.2234        0.0000000000000000        0.0000000000000000        0.0000000000000000        0.0000000000000000        0.0000000000000000        0.0000000000000000        0.0000000000000000     
 -0.75781250000000000        0.0000000000000000        0.0000000000000000       -2.0445692158005128E-007   0.0000000000000000        0.0000000000000000        0.0000000000000000        0.0000000000000000        0.0000000000000000        1.5624999999999999E-009   9.9999999999999995E-008   1.5625000000000000E-002   158657357.17607296        2379860357725237.5        1009762013964.2234        0.0000000000000000        0.0000000000000000        0.0000000000000000        0.0000000000000000        0.0000000000000000        0.0000000000000000        0.0000000000000000     
 -0.74218750000000000        0.0000000000000000        0.0000000000000000       -2.0451457440594418E-007   0.0000000000000000        0.0000000000000000        0.0000000000000000        0.0000000000000000        0.0000000000000000        1.5624999999999999E-009   9.9999999999999995E-008   1.5625000000000000E-002   158657357.17607278        2379860357725235.0        1009762013964.2234        0.0000000000000000        0.0000000000000000        0.0000000000000000        0.0000000000000000        0.0000000000000000        0.0000000000000000        0.0000000000000000     
 -0.72656250000000000        0.0000000000000000        0.0000000000000000       -2.6281060783662909E-007   0.0000000000000000        0.0000000000000000        0.0000000000000000        0.0000000000000000        0.0000000000000000        1.5624999999999999E-009   9.9999999999999995E-008   1.5625000000000000E-002   158657357.17607293        2379860357725237.0        1009762013964.2234        0.0000000000000000        0.0000000000000000        0.0000000000000000        0.0000000000000000        0.0000000000000000        0.0000000000000000        0.0000000000000000     
 -0.71093750000000000        0.0000000000000000        0.0000000000000000       -2.7746735849572715E-007   0.0000000000000000        0.0000000000000000        0.0000000000000000        0.0000000000000000        0.0000000000000000        1.5624999999999999E-009   9.9999999999999995E-008   1.5625000000000000E-002   158657357.17607257        2379860357725232.0        1009762013964.2234        0.0000000000000000        0.0000000000000000        0.0000000000000000        0.0000000000000000        0.0000000000000000        0.0000000000000000        0.0000000000000000     
 -0.69531250000000000        0.0000000000000000        0.0000000000000000       -2.9207607102672372E-007   0.0000000000000000        0.0000000000000000        0.0000000000000000        0.0000000000000000        0.0000000000000000        1.5624999999999999E-009   9.9999999999999995E-008   1.5625000000000000E-002   158657357.17607287        2379860357725236.5        1009762013964.2234        0.0000000000000000        0.0000000000000000        0.0000000000000000        0.0000000000000000        0.0000000000000000        0.0000000000000000        0.0000000000000000     
 -0.67968750000000000        0.0000000000000000        0.0000000000000000       -2.7752452414224331E-007   0.0000000000000000        0.0000000000000000        0.0000000000000000        0.0000000000000000        0.0000000000000000        1.5624999999999999E-009   9.9999999999999995E-008   1.5625000000000000E-002   158657357.17607287        2379860357725236.5        1009762013964.2234        0.0000000000000000        0.0000000000000000        0.0000000000000000        0.0000000000000000        0.0000000000000000        0.0000000000000000        0.0000000000000000     
 -0.66406250000000000        0.0000000000000000        0.0000000000000000       -2.7721658835682804E-007   0.0000000000000000        0.0000000000000000        0.0000000000000000        0.0000000000000000        0.0000000000000000        1.5624999999999999E-009   9.9999999999999995E-008   1.5625000000000000E-002   158657357.17607304        2379860357725239.0        1009762013964.2234        0.0000000000000000        0.0000000000000000        0.0000000000000000        0.0000000000000000        0.0000000000000000        0.0000000000000000        0.0000000000000000     
 -0.64843750000000000        0.0000000000000000        0.0000000000000000       -2.7753029008349105E-007   0.0000000000000000        0.0000000000000000        0.0000000000000000        0.0000000000000000        0.0000000000000000        1.5624999999999999E-009   9.9999999999999995E-008   1.5625000000000000E-002   158657357.17607304        2379860357725239.0        1009762013964.2234        0.0000000000000000        0.0000000000000000        0.0000000000000000        0.0000000000000000        0.0000000000000000        0.0000000000000000        0.0000000000000000     
 -0.63281250000000000        0.0000000000000000        0.0000000000000000       -2.9201503531502249E-007   0.0000000000000000        0.0000000000000000        0.0000000000000000        0.0000000000000000        0.0000000000000000        1.5624999999999999E-009   9.9999999999999995E-008   1.5625000000000000E-002   158657357.17607316        2379860357725241.0        1009762013964.2234        0.0000000000000000        0.0000000000000000        0.0000000000000000        0.0000000000000000        0.0000000000000000        0.0000000000000000        0.0000000000000000     
 -0.61718750000000000        0.0000000000000000        0.0000000000000000       -2.9232865466797247E-007   0.0000000000000000        0.0000000000000000        0.0000000000000000        0.0000000000000000        0.0000000000000000        1.5624999999999999E-009   9.9999999999999995E-008   1.5625000000000000E-002   158657357.17607296        2379860357725237.5        1009762013964.2234        0.0000000000000000        0.0000000000000000        0.0000000000000000        0.0000000000000000        0.0000000000000000        0.0000000000000000        0.0000000000000000     
 -0.60156250000000000        0.0000000000000000        0.0000000000000000       -3.2122771399299455E-007   0.0000000000000000        0.0000000000000000        0.0000000000000000        0.0000000000000000        0.0000000000000000        1.5624999999999999E-009   9.9999999999999995E-008   1.5625000000000000E-002   158657357.17607301        2379860357725238.5        1009762013964.2234        0.0000000000000000        0.0000000000000000        0.0000000000000000        0.0000000000000000        0.0000000000000000        0.0000000000000000        0.0000000000000000     
 -0.58593750000000000        0.0000000000000000        0.0000000000000000       -2.6281995580415753E-007   0.0000000000000000        0.0000000000000000        0.0000000000000000        0.0000000000000000        0.0000000000000000        1.5624999999999999E-009   9.9999999999999995E-008   1.5625000000000000E-002   158657357.17607293        2379860357725237.0        1009762013964.2234        0.0000000000000000        0.0000000000000000        0.0000000000000000        0.0000000000000000        0.0000000000000000        0.0000000000000000        0.0000000000000000     
 -0.57031250000000000        0.0000000000000000        0.0000000000000000       -2.6282120606816101E-007   0.0000000000000000        0.0000000000000000        0.0000000000000000        0.0000000000000000        0.0000000000000000        1.5624999999999999E-009   9.9999999999999995E-008   1.5625000000000000E-002   158657357.17607293        2379860357725237.0        1009762013964.2234        0.0000000000000000        0.0000000000000000        0.0000000000000000        0.0000000000000000        0.0000000000000000        0.0000000000000000        0.0000000000000000     
 -0.55468750000000000        0.0000000000000000        0.0000000000000000       -2.7849432620943517E-007   0.0000000000000000        0.0000000000000000        0.0000000000000000        0.0000000000000000        0.0000000000000000        1.5624999999999999E-009   9.9999999999999995E-008   1.5625000000000000E-002   158657357.17607287        2379860357725236.5        1009762013964.2234        0.0000000000000000        0.0000000000000000        0.0000000000000000        0.0000000000000000        0.0000000000000000        0.0000000000000000        0.0000000000000000     
 -0.53906250000000000        0.0000000000000000        0.0000000000000000       -2.1805073062225076E-007   0.0000000000000000        0.0000000000000000        0.0000000000000000        0.0000000000000000        0.0000000000000000        1.5624999999999999E-009   9.9999999999999995E-008   1.5625000000000000E-002   158657357.17607296        2379860357725237.5        1009762013964.2234        0.0000000000000000        0.0000000000000000        0.0000000000000000        0.0000000000000000        0.0000000000000000        0.0000000000000000        0.0000000000000000     
 -0.52343750000000000        0.0000000000000000        0.0000000000000000       -2.4934554563597736E-007   0.0000000000000000        0.0000000000000000        0.0000000000000000        0.0000000000000000        0.0000000000000000        1.5624999999999999E-009   9.9999999999999995E-008   1.5625000000000000E-002   158657357.17607278        2379860357725235.0        1009762013964.2234        0.0000000000000000        0.0000000000000000        0.0000000000000000        0.0000000000000000        0.0000000000000000        0.0000000000000000        0.0000000000000000     
 -0.50781250000000000        0.0000000000000000        0.0000000000000000       -3.5043171995094503E-007   0.0000000000000000        0.0000000000000000        0.0000000000000000        0.0000000000000000        0.0000000000000000        1.5624999999999999E-009   9.9999999999999995E-008   1.5625000000000000E-002   158657357.17607293        2379860357725237.0        1009762013964.2234        0.0000000000000000        0.0000000000000000        0.0000000000000000        0.0000000000000000        0.0000000000000000        0.0000000000000000        0.0000000000000000     
 -0.49218750000000000        0.0000000000000000        0.0000000000000000       -3.0560515380452051E-007   0.0000000000000000        0.0000000000000000        0.0000000000000000        0.0000000000000000        0.0000000000000000        1.5624999999999999E-009   9.9999999999999995E-008   1.5625000000000000E-002   158657357.17607301        2379860357725238.5        1009762013964.2234        0.0000000000000000        0.0000000000000000        0.0000000000000000        0.0000000000000000        0.0000000000000000        0.0000000000000000        0.0000000000000000     
 -0.47656250000000000        0.0000000000000000        0.0000000000000000       -2.6282045659139092E-007   0.0000000000000000        0.0000000000000000        0.0000000000000000        0.0000000000000000        0.0000000000000000        1.5624999999999999E-009   9.9999999999999995E-008   1.5625000000000000E-002   158657357.17607293        2379860357725237.0        1009762013964.2234        0.0000000000000000        0.0000000000000000        0.0000000000000000        0.0000000000000000        0.0000000000000000        0.0000000000000000        0.0000000000000000     
 -0.46093750000000000        0.0000000000000000        0.0000000000000000       -2.9202723972798717E-007   0.0000000000000000        0.0000000000000000        0.0000000000000000        0.0000000000000000        0.0000000000000000        1.5624999999999999E-009   9.9999999999999995E-008   1.5625000000000000E-002   158657357.17607296        2379860357725237.5        1009762013964.2234        0.0000000000000000        0.0000000000000000        0.0000000000000000        0.0000000000000000        0.0000000000000000        0.0000000000000000        0.0000000000000000     
 -0.44531250000000000        0.0000000000000000        0.0000000000000000       -2.6287081360993456E-007   0.0000000000000000        0.0000000000000000        0.0000000000000000        0.0000000000000000        0.0000000000000000        1.5624999999999999E-009   9.9999999999999995E-008   1.5625000000000000E-002   158657357.17607298        2379860357725238.0        1009762013964.2234        0.0000000000000000        0.0000000000000000        0.0000000000000000        0.0000000000000000        0.0000000000000000        0.0000000000000000        0.0000000000000000     
 -0.42968750000000000        0.0000000000000000        0.0000000000000000       -2.4827268155202167E-007   0.0000000000000000        0.0000000000000000        0.0000000000000000        0.0000000000000000        0.0000000000000000        1.5624999999999999E-009   9.9999999999999995E-008   1.5625000000000000E-002   158657357.17607293        2379860357725237.0        1009762013964.2234        0.0000000000000000        0.0000000000000000        0.0000000000000000        0.0000000000000000        0.0000000000000000        0.0000000000000000        0.0000000000000000     
 -0.41406250000000000        0.0000000000000000        0.0000000000000000       -2.3482869483037937E-007   0.0000000000000000        0.0000000000000000        0.0000000000000000        0.0000000000000000        0.0000000000000000        1.5624999999999999E-009   9.9999999999999995E-008   1.5625000000000000E-002   158657357.17607301        2379860357725238.5        1009762013964.2234        0.0000000000000000        0.0000000000000000        0.0000000000000000        0.0000000000000000        0.0000000000000000        0.0000000000000000        0.0000000000000000     
 -0.39843750000000000        0.0000000000000000        0.0000000000000000       -2.7565271569043113E-007   0.0000000000000000        0.0000000000000000        0.0000000000000000        0.0000000000000000        0.0000000000000000        1.5624999999999999E-009   9.9999999999999995E-008   1.5625000000000000E-002   158657357.17607296        2379860357725237.5        1009762013964.2234        0.0000000000000000        0.0000000000000000        0.0000000000000000        0.0000000000000000        0.0000000000000000        0.0000000000000000        0.0000000000000000     
 -0.38281250000000000        0.0000000000000000        0.0000000000000000       -2.6324328409667846E-007   0.0000000000000000        0.0000000000000000        0.0000000000000000        0.0000000000000000        0.0000000000000000        1.5624999999999999E-009   9.9999999999999995E-008   1.5625000000000000E-002   158657357.17607316        2379860357725240.5        1009762013964.2234        0.0000000000000000        0.0000000000000000        0.0000000000000000        0.0000000000000000        0.0000000000000000        0.0000000000000000        0.0000000000000000     
 -0.36718750000000000        0.0000000000000000        0.0000000000000000       -2.1900034784877268E-007   0.0000000000000000        0.0000000000000000        0.0000000000000000        0.0000000000000000        0.0000000000000000        1.5624999999999999E-009   9.9999999999999995E-008   1.5625000000000000E-002   158657357.17607293        2379860357725237.0        1009762013964.2234        0.0000000000000000        0.0000000000000000        0.0000000000000000        0.0000000000000000        0.0000000000000000        0.0000000000000000        0.0000000000000000     
 -0.35156250000000000        0.0000000000000000        0.0000000000000000       -2.4821104257212358E-007   0.0000000000000000        0.0000000000000000        0.0000000000000000        0.0000000000000000        0.0000000000000000        1.5624999999999999E-009   9.9999999999999995E-008   1.5625000000000000E-002   158657357.17607263        2379860357725233.0        1009762013964.2234        0.0000000000000000        0.0000000000000000        0.0000000000000000        0.0000000000000000        0.0000000000000000        0.0000000000000000        0.0000000000000000     
 -0.33593750000000000        0.0000000000000000        0.0000000000000000       -2.6124914596147727E-007   0.0000000000000000        0.0000000000000000        0.0000000000000000        0.0000000000000000        0.0000000000000000        1.5624999999999999E-009   9.9999999999999995E-008   1.5625000000000000E-002   158657357.17607263        2379860357725233.0        1009762013964.2234        0.0000000000000000        0.0000000000000000        0.0000000000000000        0.0000000000000000        0.0000000000000000        0.0000000000000000        0.0000000000000000     
 -0.32031250000000000        0.0000000000000000        0.0000000000000000       -2.4821433673622238E-007   0.0000000000000000        0.0000000000000000        0.0000000000000000        0.0000000000000000        0.0000000000000000        1.5624999999999999E-009   9.9999999999999995E-008   1.5625000000000000E-002   158657357.17607263        2379860357725233.0        1009762013964.2234        0.0000000000000000        0.0000000000000000        0.0000000000000000        0.0000000000000000        0.0000000000000000        0.0000000000000000        0.0000000000000000     
 -0.30468750000000000        0.0000000000000000        0.0000000000000000       -2.6281913238472172E-007   0.0000000000000000        0.0000000000000000        0.0000000000000000        0.0000000000000000        0.0000000000000000        1.5624999999999999E-009   9.9999999999999995E-008   1.5625000000000000E-002   158657357.17607275        2379860357725234.5        1009762013964.2234        0.0000000000000000        0.0000000000000000        0.0000000000000000        0.0000000000000000        0.0000000000000000        0.0000000000000000        0.0000000000000000     
 -0.28906250000000000        0.0000000000000000        0.0000000000000000       -2.7848841206643852E-007   0.0000000000000000        0.0000000000000000        0.0000000000000000        0.0000000000000000        0.0000000000000000        1.5624999999999999E-009   9.9999999999999995E-008   1.5625000000000000E-002   158657357.17607272        2379860357725234.0        1009762013964.2234        0.0000000000000000        0.0000000000000000        0.0000000000000000        0.0000000000000000        0.0000000000000000        0.0000000000000000        0.0000000000000000     
 -0.27343750000000000        0.0000000000000000        0.0000000000000000       -2.9208076728623131E-007   0.0000000000000000        0.0000000000000000        0.0000000000000000        0.0000000000000000        0.0000000000000000        1.5624999999999999E-009   9.9999999999999995E-008   1.5625000000000000E-002   158657357.17607263        2379860357725232.5        1009762013964.2234        0.0000000000000000        0.0000000000000000        0.0000000000000000        0.0000000000000000        0.0000000000000000        0.0000000000000000        0.0000000000000000     
 -0.25781250000000000        0.0000000000000000        0.0000000000000000       -3.2031543566317757E-007   0.0000000000000000        0.0000000000000000        0.0000000000000000        0.0000000000000000        0.0000000000000000        1.5624999999999999E-009   9.9999999999999995E-008   1.5625000000000000E-002   158657357.17607287        2379860357725236.0        1009762013964.2234        0.0000000000000000        0.0000000000000000        0.0000000000000000        0.0000000000000000        0.0000000000000000        0.0000000000000000        0.0000000000000000     
 -0.24218750000000000        0.0000000000000000        0.0000000000000000       -3.3588570993172504E-007   0.0000000000000000        0.0000000000000000        0.0000000000000000        0.0000000000000000        0.0000000000000000        1.5624999999999999E-009   9.9999999999999995E-008   1.5625000000000000E-002   158657357.17607293        2379860357725237.0        1009762013964.2234        0.0000000000000000        0.0000000000000000        0.0000000000000000        0.0000000000000000        0.0000000000000000        0.0000000000000000        0.0000000000000000     
 -0.22656250000000000        0.0000000000000000        0.0000000000000000       -3.2096936080749991E-007   0.0000000000000000        0.0000000000000000        0.0000000000000000        0.0000000000000000        0.0000000000000000        1.5624999999999999E-009   9.9999999999999995E-008   1.5625000000000000E-002   158657357.17607296        2379860357725237.5        1009762013964.2234        0.0000000000000000        0.0000000000000000        0.0000000000000000        0.0000000000000000        0.0000000000000000        0.0000000000000000        0.0000000000000000     
 -0.21093750000000000        0.0000000000000000        0.0000000000000000       -3.0829725283486200E-007   0.0000000000000000        0.0000000000000000        0.0000000000000000        0.0000000000000000        0.0000000000000000        1.5624999999999999E-009   9.9999999999999995E-008   1.5625000000000000E-002   158657357.17607322        2379860357725241.5        1009762013964.2234        0.0000000000000000        0.0000000000000000        0.0000000000000000        0.0000000000000000        0.0000000000000000        0.0000000000000000        0.0000000000000000     
 -0.19531250000000000        0.0000000000000000        0.0000000000000000       -2.9400470039553814E-007   0.0000000000000000        0.0000000000000000        0.0000000000000000        0.0000000000000000        0.0000000000000000        1.5624999999999999E-009   9.9999999999999995E-008   1.5625000000000000E-002   158657357.17607301        2379860357725238.5        1009762013964.2234        0.0000000000000000        0.0000000000000000        0.0000000000000000        0.0000000000000000        0.0000000000000000        0.0000000000000000        0.0000000000000000     
 -0.17968750000000000        0.0000000000000000        0.0000000000000000       -3.0474544527757706E-007   0.0000000000000000        0.0000000000000000        0.0000000000000000        0.0000000000000000        0.0000000000000000        1.5624999999999999E-009   9.9999999999999995E-008   1.5625000000000000E-002   158657357.17607310        2379860357725240.0        1009762013964.2234        0.0000000000000000        0.0000000000000000        0.0000000000000000        0.0000000000000000        0.0000000000000000        0.0000000000000000        0.0000000000000000     
 -0.16406250000000000        0.0000000000000000        0.0000000000000000       -2.9238198371211873E-007   0.0000000000000000        0.0000000000000000        0.0000000000000000        0.0000000000000000        0.0000000000000000        1.5624999999999999E-009   9.9999999999999995E-008   1.5625000000000000E-002   158657357.17607304        2379860357725239.0        1009762013964.2234        0.0000000000000000        0.0000000000000000        0.0000000000000000        0.0000000000000000        0.0000000000000000        0.0000000000000000        0.0000000000000000     
 -0.14843750000000000        0.0000000000000000        0.0000000000000000       -3.2097627341409788E-007   0.0000000000000000        0.0000000000000000        0.0000000000000000        0.0000000000000000        0.0000000000000000        1.5624999999999999E-009   9.9999999999999995E-008   1.5625000000000000E-002   158657357.17607304        2379860357725239.0        1009762013964.2234        0.0000000000000000        0.0000000000000000        0.0000000000000000        0.0000000000000000        0.0000000000000000        0.0000000000000000        0.0000000000000000     
 -0.13281250000000000        0.0000000000000000        0.0000000000000000       -3.6514387773518885E-007   0.0000000000000000        0.0000000000000000        0.0000000000000000        0.0000000000000000        0.0000000000000000        1.5624999999999999E-009   9.9999999999999995E-008   1.5625000000000000E-002   158657357.17607310        2379860357725240.0        1009762013964.2234        0.0000000000000000        0.0000000000000000        0.0000000000000000        0.0000000000000000        0.0000000000000000        0.0000000000000000        0.0000000000000000     
 -0.11718750000000000        0.0000000000000000        0.0000000000000000       -2.9232798805462074E-007   0.0000000000000000        0.0000000000000000        0.0000000000000000        0.0000000000000000        0.0000000000000000        1.5624999999999999E-009   9.9999999999999995E-008   1.5625000000000000E-002   158657357.17607316        2379860357725240.5        1009762013964.2234        0.0000000000000000        0.0000000000000000        0.0000000000000000        0.0000000000000000        0.0000000000000000        0.0000000000000000        0.0000000000000000     
 -0.10156250000000000        0.0000000000000000        0.0000000000000000       -3.5011497337349689E-007   0.0000000000000000        0.0000000000000000        0.0000000000000000        0.0000000000000000        0.0000000000000000        1.5624999999999999E-009   9.9999999999999995E-008   1.5625000000000000E-002   158657357.17607278        2379860357725235.0        1009762013964.2234        0.0000000000000000        0.0000000000000000        0.0000000000000000        0.0000000000000000        0.0000000000000000        0.0000000000000000        0.0000000000000000     
  -8.5937500000000000E-002   0.0000000000000000        0.0000000000000000       -4.6725348902315201E-007   0.0000000000000000        0.0000000000000000        0.0000000000000000        0.0000000000000000        0.0000000000000000        1.5624999999999999E-009   9.9999999999999995E-008   1.5625000000000000E-002   158657357.17607278        2379860357725235.0        1009762013964.2234        0.0000000000000000        0.0000000000000000        0.0000000000000000        0.0000000000000000        0.0000000000000000        0.0000000000000000        0.0000000000000000     
  -7.0312500000000000E-002   0.0000000000000000        0.0000000000000000       -4.8185739341969913E-007   0.0000000000000000        0.0000000000000000        0.0000000000000000        0.0000000000000000        0.0000000000000000        1.5624999999999999E-009   9.9999999999999995E-008   1.5625000000000000E-002   158657357.17607298        2379860357725238.0        1009762013964.2234        0.0000000000000000        0.0000000000000000        0.0000000000000000        0.0000000000000000        0.0000000000000000        0.0000000000000000        0.0000000000000000     
  -5.4687500000000000E-002   0.0000000000000000        0.0000000000000000       -2.7711141933831585E-007   0.0000000000000000        0.0000000000000000        0.0000000000000000        0.0000000000000000        0.0000000000000000        1.5624999999999999E-009   9.9999999999999995E-008   1.5625000000000000E-002   158657357.17607304        2379860357725239.0        1009762013964.2234        0.0000000000000000        0.0000000000000000        0.0000000000000000        0.0000000000000000        0.0000000000000000        0.0000000000000000        0.0000000000000000     
  -3.9062500000000000E-002   0.0000000000000000        0.0000000000000000       -2.6281678164188060E-007   0.0000000000000000        0.0000000000000000        0.0000000000000000        0.0000000000000000        0.0000000000000000        1.5624999999999999E-009   9.9999999999999995E-008   1.5625000000000000E-002   158657357.17607316        2379860357725240.5        1009762013964.2234        0.0000000000000000        0.0000000000000000        0.0000000000000000        0.0000000000000000        0.0000000000000000        0.0000000000000000        0.0000000000000000     
  -2.3437500000000000E-002   0.0000000000000000        0.0000000000000000       -3.0588645369994752E-007   0.0000000000000000        0.0000000000000000        0.0000000000000000        0.0000000000000000        0.0000000000000000        1.5624999999999999E-009   9.9999999999999995E-008   1.5625000000000000E-002   158657357.17607298        2379860357725238.0        1009762013964.2234        0.0000000000000000        0.0000000000000000        0.0000000000000000        0.0000000000000000        0.0000000000000000        0.0000000000000000        0.0000000000000000     
  -7.8125000000000000E-003   0.0000000000000000        0.0000000000000000       -2.0343930721055508E-007   0.0000000000000000        0.0000000000000000        0.0000000000000000        0.0000000000000000        0.0000000000000000        1.5624999999999999E-009   9.9999999999999995E-008   1.5625000000000000E-002   158657357.17607298        2379860357725238.0        1009762013964.2234        0.0000000000000000        0.0000000000000000        0.0000000000000000        0.0000000000000000        0.0000000000000000        0.0000000000000000        0.0000000000000000     
   7.8125000000000000E-003   0.0000000000000000        0.0000000000000000       -1.6065428067780737E-007   0.0000000000000000        0.0000000000000000        0.0000000000000000        0.0000000000000000        0.0000000000000000        1.5624999999999999E-009   9.9999999999999995E-008   1.5625000000000000E-002   158657357.17607301        2379860357725238.5        1009762013964.2234        0.0000000000000000        0.0000000000000000        0.0000000000000000        0.0000000000000000        0.0000000000000000        0.0000000000000000        0.0000000000000000     
   2.3437500000000000E-002   0.0000000000000000        0.0000000000000000       -1.7783826632994373E-007   0.0000000000000000        0.0000000000000000        0.0000000000000000        0.0000000000000000        0.0000000000000000        1.5624999999999999E-009   9.9999999999999995E-008   1.5625000000000000E-002   158657357.17607263        2379860357725233.0        1009762013964.2234        0.0000000000000000        0.0000000000000000        0.0000000000000000        0.0000000000000000        0.0000000000000000        0.0000000000000000        0.0000000000000000     
   3.9062500000000000E-002   0.0000000000000000        0.0000000000000000       -2.3113813038048099E-007   0.0000000000000000        0.0000000000000000        0.0000000000000000        0.0000000000000000        0.0000000000000000        1.5624999999999999E-009   9.9999999999999995E-008   1.5625000000000000E-002   158657357.17607298        2379860357725238.0        1009762013964.2234        0.0000000000000000        0.0000000000000000        0.0000000000000000        0.0000000000000000        0.0000000000000000        0.0000000000000000        0.0000000000000000     
   5.4687500000000000E-002   0.0000000000000000        0.0000000000000000       -2.7741230130560777E-007   0.0000000000000000        0.0000000000000000        0.0000000000000000        0.0000000000000000        0.0000000000000000        1.5624999999999999E-009   9.9999999999999995E-008   1.5625000000000000E-002   158657357.17607275        2379860357725234.5        1009762013964.2234        0.0000000000000000        0.0000000000000000        0.0000000000000000        0.0000000000000000        0.0000000000000000        0.0000000000000000        0.0000000000000000     
   7.0312500000000000E-002   0.0000000000000000        0.0000000000000000       -3.2127684867860302E-007   0.0000000000000000        0.0000000000000000        0.0000000000000000        0.0000000000000000        0.0000000000000000        1.5624999999999999E-009   9.9999999999999995E-008   1.5625000000000000E-002   158657357.17607278        2379860357725235.0        1009762013964.2234        0.0000000000000000        0.0000000000000000        0.0000000000000000        0.0000000000000000        0.0000000000000000        0.0000000000000000        0.0000000000000000     
   8.5937500000000000E-002   0.0000000000000000        0.0000000000000000       -2.9363976705179747E-007   0.0000000000000000        0.0000000000000000        0.0000000000000000        0.0000000000000000        0.0000000000000000        1.5624999999999999E-009   9.9999999999999995E-008   1.5625000000000000E-002   158657357.17607296        2379860357725237.5        1009762013964.2234        0.0000000000000000        0.0000000000000000        0.0000000000000000        0.0000000000000000        0.0000000000000000        0.0000000000000000        0.0000000000000000     
  0.10156250000000000        0.0000000000000000        0.0000000000000000       -3.0641877016878037E-007   0.0000000000000000        0.0000000000000000        0.0000000000000000        0.0000000000000000        0.0000000000000000        1.5624999999999999E-009   9.9999999999999995E-008   1.5625000000000000E-002   158657357.17607310        2379860357725240.0        1009762013964.2234        0.0000000000000000        0.0000000000000000        0.0000000000000000        0.0000000000000000        0.0000000000000000        0.0000000000000000        0.0000000000000000     
  0.11718750000000000        0.0000000000000000        0.0000000000000000       -2.9243819482042892E-007   0.0000000000000000        0.0000000000000000        0.0000000000000000        0.0000000000000000        0.0000000000000000        1.5624999999999999E-009   9.9999999999999995E-008   1.5625000000000000E-002   158657357.17607298        2379860357725238.0        1009762013964.2234        0.0000000000000000        0.0000000000000000        0.0000000000000000        0.0000000000000000        0.0000000000000000        0.0000000000000000        0.0000000000000000     
  0.13281250000000000        0.0000000000000000        0.0000000000000000       -3.3562994159083374E-007   0.0000000000000000        0.0000000000000000        0.0000000000000000        0.0000000000000000        0.0000000000000000        1.5624999999999999E-009   9.9999999999999995E-008   1.5625000000000000E-002   158657357.17607301        2379860357725238.5        1009762013964.2234        0.0000000000000000        0.0000000000000000        0.0000000000000000        0.0000000000000000        0.0000000000000000        0.0000000000000000        0.0000000000000000     
  0.14843750000000000        0.0000000000000000        0.0000000000000000       -2.6280608536587386E-007   0.0000000000000000        0.0000000000000000        0.0000000000000000        0.0000000000000000        0.0000000000000000        1.5624999999999999E-009   9.9999999999999995E-008   1.5625000000000000E-002   158657357.17607331        2379860357725243.0        1009762013964.2234        0.0000000000000000        0.0000000000000000        0.0000000000000000        0.0000000000000000        0.0000000000000000        0.0000000000000000        0.0000000000000000     
  0.16406250000000000        0.0000000000000000        0.0000000000000000       -2.4820714780171239E-007   0.0000000000000000        0.0000000000000000        0.0000000000000000        0.0000000000000000        0.0000000000000000        1.5624999999999999E-009   9.9999999999999995E-008   1.5625000000000000E-002   158657357.17607322        2379860357725241.5        1009762013964.2234        0.0000000000000000        0.0000000000000000        0.0000000000000000        0.0000000000000000        0.0000000000000000        0.0000000000000000        0.0000000000000000     
  0.17968750000000000        0.0000000000000000        0.0000000000000000       -2.6281209860102488E-007   0.0000000000000000        0.0000000000000000        0.0000000000000000        0.0000000000000000        0.0000000000000000        1.5624999999999999E-009   9.9999999999999995E-008   1.5625000000000000E-002   158657357.17607328        2379860357725242.5        1009762013964.2234        0.0000000000000000        0.0000000000000000        0.0000000000000000        0.0000000000000000        0.0000000000000000        0.0000000000000000        0.0000000000000000     
  0.19531250000000000        0.0000000000000000        0.0000000000000000       -2.4852269263352535E-007   0.0000000000000000        0.0000000000000000        0.0000000000000000        0.0000000000000000        0.0000000000000000        1.5624999999999999E-009   9.9999999999999995E-008   1.5625000000000000E-002   158657357.17607310        2379860357725240.0        1009762013964.2234        0.0000000000000000        0.0000000000000000        0.0000000000000000        0.0000000000000000        0.0000000000000000        0.0000000000000000        0.0000000000000000     
  0.21093750000000000        0.0000000000000000        0.0000000000000000       -1.8934245552444043E-007   0.0000000000000000        0.0000000000000000        0.0000000000000000        0.0000000000000000        0.0000000000000000        1.5624999999999999E-009   9.9999999999999995E-008   1.5625000000000000E-002   158657357.17607287        2379860357725236.0        1009762013964.2234        0.0000000000000000        0.0000000000000000        0.0000000000000000        0.0000000000000000        0.0000000000000000        0.0000000000000000        0.0000000000000000     
  0.22656250000000000        0.0000000000000000        0.0000000000000000       -2.4669716446062376E-007   0.0000000000000000        0.0000000000000000        0.0000000000000000        0.0000000000000000        0.0000000000000000        1.5624999999999999E-009   9.9999999999999995E-008   1.5625000000000000E-002   158657357.17607272        2379860357725234.0        1009762013964.2234        0.0000000000000000        0.0000000000000000        0.0000000000000000        0.0000000000000000        0.0000000000000000        0.0000000000000000        0.0000000000000000     
  0.24218750000000000        0.0000000000000000        0.0000000000000000       -2.6287457444195187E-007   0.0000000000000000        0.0000000000000000        0.0000000000000000        0.0000000000000000        0.0000000000000000        1.5624999999999999E-009   9.9999999999999995E-008   1.5625000000000000E-002   158657357.17607272        2379860357725234.0        1009762013964.2234        0.0000000000000000        0.0000000000000000        0.0000000000000000        0.0000000000000000        0.0000000000000000        0.0000000000000000        0.0000000000000000     
  0.25781250000000000        0.0000000000000000        0.0000000000000000       -2.6292272972707972E-007   0.0000000000000000        0.0000000000000000        0.0000000000000000        0.0000000000000000        0.0000000000000000        1.5624999999999999E-009   9.9999999999999995E-008   1.5625000000000000E-002   158657357.17607257        2379860357725232.0        1009762013964.2234        0.0000000000000000        0.0000000000000000        0.0000000000000000        0.0000000000000000        0.0000000000000000        0.0000000000000000        0.0000000000000000     
  0.27343750000000000        0.0000000000000000        0.0000000000000000       -3.0667939676676268E-007   0.0000000000000000        0.0000000000000000        0.0000000000000000        0.0000000000000000        0.0000000000000000        1.5624999999999999E-009   9.9999999999999995E-008   1.5625000000000000E-002   158657357.17607242        2379860357725229.5        1009762013964.2234        0.0000000000000000        0.0000000000000000        0.0000000000000000        0.0000000000000000        0.0000000000000000        0.0000000000000000        0.0000000000000000     
  0.28906250000000000        0.0000000000000000        0.0000000000000000       -3.3588337982356324E-007   0.0000000000000000        0.0000000000000000        0.0000000000000000        0.0000000000000000        0.0000000000000000        1.5624999999999999E-009   9.9999999999999995E-008   1.5625000000000000E-002   158657357.17607298        2379860357725238.0        1009762013964.2234        0.0000000000000000        0.0000000000000000        0.0000000000000000        0.0000000000000000        0.0000000000000000        0.0000000000000000        0.0000000000000000     
  0.30468750000000000        0.0000000000000000        0.0000000000000000       -2.6260943406257928E-007   0.0000000000000000        0.0000000000000000        0.0000000000000000        0.0000000000000000        0.0000000000000000        1.5624999999999999E-009   9.9999999999999995E-008   1.5625000000000000E-002   158657357.17607296        2379860357725237.5        1009762013964.2234        0.0000000000000000        0.0000000000000000        0.0000000000000000        0.0000000000000000        0.0000000000000000        0.0000000000000000        0.0000000000000000     
  0.32031250000000000        0.0000000000000000        0.0000000000000000       -3.0673060206458622E-007   0.0000000000000000        0.0000000000000000        0.0000000000000000        0.0000000000000000        0.0000000000000000        1.5624999999999999E-009   9.9999999999999995E-008   1.5625000000000000E-002   158657357.17607316        2379860357725241.0        1009762013964.2234        0.0000000000000000        0.0000000000000000        0.0000000000000000        0.0000000000000000        0.0000000000000000        0.0000000000000000        0.0000000000000000     
  0.33593750000000000        0.0000000000000000        0.0000000000000000       -3.5043170036720823E-007   0.0000000000000000        0.0000000000000000        0.0000000000000000        0.0000000000000000        0.0000000000000000        1.5624999999999999E-009   9.9999999999999995E-008   1.5625000000000000E-002   158657357.17607352        2379860357725246.0        1009762013964.2234        0.0000000000000000        0.0000000000000000        0.0000000000000000        0.0000000000000000        0.0000000000000000        0.0000000000000000        0.0000000000000000     
  0.35156250000000000        0.0000000000000000        0.0000000000000000       -3.0667614491365556E-007   0.0000000000000000        0.0000000000000000        0.0000000000000000        0.0000000000000000        0.0000000000000000        1.5624999999999999E-009   9.9999999999999995E-008   1.5625000000000000E-002   158657357.17607310        2379860357725240.0        1009762013964.2234        0.0000000000000000        0.0000000000000000        0.0000000000000000        0.0000000000000000        0.0000000000000000        0.0000000000000000        0.0000000000000000     
  0.36718750000000000        0.0000000000000000        0.0000000000000000       -3.6540571320183636E-007   0.0000000000000000        0.0000000000000000        0.0000000000000000        0.0000000000000000        0.0000000000000000        1.5624999999999999E-009   9.9999999999999995E-008   1.5625000000000000E-002   158657357.17607301        2379860357725238.5        1009762013964.2234        0.0000000000000000        0.0000000000000000        0.0000000000000000        0.0000000000000000        0.0000000000000000        0.0000000000000000        0.0000000000000000     
  0.38281250000000000        0.0000000000000000        0.0000000000000000       -3.3594202874300383E-007   0.0000000000000000        0.0000000000000000        0.0000000000000000        0.0000000000000000        0.0000000000000000        1.5624999999999999E-009   9.9999999999999995E-008   1.5625000000000000E-002   158657357.17607310        2379860357725240.0        1009762013964.2234        0.0000000000000000        0.0000000000000000        0.0000000000000000        0.0000000000000000        0.0000000000000000        0.0000000000000000        0.0000000000000000     
  0.39843750000000000        0.0000000000000000        0.0000000000000000       -1.7530920676242130E-007   0.0000000000000000        0.0000000000000000        0.0000000000000000        0.0000000000000000        0.0000000000000000        1.5624999999999999E-009   9.9999999999999995E-008   1.5625000000000000E-002   158657357.17607278        2379860357725235.0        1009762013964.2234        0.0000000000000000        0.0000000000000000        0.0000000000000000        0.0000000000000000        0.0000000000000000        0.0000000000000000        0.0000000000000000     
  0.41406250000000000        0.0000000000000000        0.0000000000000000       -3.7963749297696562E-007   0.0000000000000000        0.0000000000000000        0.0000000000000000        0.0000000000000000        0.0000000000000000        1.5624999999999999E-009   9.9999999999999995E-008   1.5625000000000000E-002   158657357.17607287        2379860357725236.0        1009762013964.2234        0.0000000000000000        0.0000000000000000        0.0000000000000000        0.0000000000000000        0.0000000000000000        0.0000000000000000        0.0000000000000000     
  0.42968750000000000        0.0000000000000000        0.0000000000000000       -3.9424230582836991E-007   0.0000000000000000        0.0000000000000000        0.0000000000000000        0.0000000000000000        0.0000000000000000        1.5624999999999999E-009   9.9999999999999995E-008   1.5625000000000000E-002   158657357.17607298        2379860357725238.0        1009762013964.2234        0.0000000000000000        0.0000000000000000        0.0000000000000000        0.0000000000000000        0.0000000000000000        0.0000000000000000        0.0000000000000000     
  0.44531250000000000        0.0000000000000000        0.0000000000000000       -2.6250894177974768E-007   0.0000000000000000        0.0000000000000000        0.0000000000000000        0.0000000000000000        0.0000000000000000        1.5624999999999999E-009   9.9999999999999995E-008   1.5625000000000000E-002   158657357.17607310        2379860357725240.0        1009762013964.2234        0.0000000000000000        0.0000000000000000        0.0000000000000000        0.0000000000000000        0.0000000000000000        0.0000000000000000        0.0000000000000000     
  0.46093750000000000        0.0000000000000000        0.0000000000000000       -2.0441051361541261E-007   0.0000000000000000        0.0000000000000000        0.0000000000000000        0.0000000000000000        0.0000000000000000        1.5624999999999999E-009   9.9999999999999995E-008   1.5625000000000000E-002   158657357.17607316        2379860357725241.0        1009762013964.2234        0.0000000000000000        0.0000000000000000        0.0000000000000000        0.0000000000000000        0.0000000000000000        0.0000000000000000        0.0000000000000000     
  0.47656250000000000        0.0000000000000000        0.0000000000000000       -2.1901798043297650E-007   0.0000000000000000        0.0000000000000000        0.0000000000000000        0.0000000000000000        0.0000000000000000        1.5624999999999999E-009   9.9999999999999995E-008   1.5625000000000000E-002   158657357.17607301        2379860357725238.5        1009762013964.2234        0.0000000000000000        0.0000000000000000        0.0000000000000000        0.0000000000000000        0.0000000000000000        0.0000000000000000        0.0000000000000000     
  0.49218750000000000        0.0000000000000000        0.0000000000000000       -2.4791376118080536E-007   0.0000000000000000        0.0000000000000000        0.0000000000000000        0.0000000000000000        0.0000000000000000        1.5624999999999999E-009   9.9999999999999995E-008   1.5625000000000000E-002   158657357.17607310        2379860357725240.0        1009762013964.2234        0.0000000000000000        0.0000000000000000        0.0000000000000000        0.0000000000000000        0.0000000000000000        0.0000000000000000        0.0000000000000000     
  0.50781250000000000        0.0000000000000000        0.0000000000000000       -2.3398597212953420E-007   0.0000000000000000        0.0000000000000000        0.0000000000000000        0.0000000000000000        0.0000000000000000        1.5624999999999999E-009   9.9999999999999995E-008   1.5625000000000000E-002   158657357.17607298        2379860357725238.0        1009762013964.2234        0.0000000000000000        0.0000000000000000        0.0000000000000000        0.0000000000000000        0.0000000000000000        0.0000000000000000        0.0000000000000000     
  0.52343750000000000        0.0000000000000000        0.0000000000000000       -2.4828343325066284E-007   0.0000000000000000        0.0000000000000000        0.0000000000000000        0.0000000000000000        0.0000000000000000        1.5624999999999999E-009   9.9999999999999995E-008   1.5625000000000000E-002   158657357.17607298        2379860357725238.0        1009762013964.2234        0.0000000000000000        0.0000000000000000        0.0000000000000000        0.0000000000000000        0.0000000000000000        0.0000000000000000        0.0000000000000000     
  0.53906250000000000        0.0000000000000000        0.0000000000000000       -2.6236587941117649E-007   0.0000000000000000        0.0000000000000000        0.0000000000000000        0.0000000000000000        0.0000000000000000        1.5624999999999999E-009   9.9999999999999995E-008   1.5625000000000000E-002   158657357.17607304        2379860357725239.0        1009762013964.2234        0.0000000000000000        0.0000000000000000        0.0000000000000000        0.0000000000000000        0.0000000000000000        0.0000000000000000        0.0000000000000000     
  0.55468750000000000        0.0000000000000000        0.0000000000000000       -2.7696521064537903E-007   0.0000000000000000        0.0000000000000000        0.0000000000000000        0.0000000000000000        0.0000000000000000        1.5624999999999999E-009   9.9999999999999995E-008   1.5625000000000000E-002   158657357.17607293        2379860357725237.0        1009762013964.2234        0.0000000000000000        0.0000000000000000        0.0000000000000000        0.0000000000000000        0.0000000000000000        0.0000000000000000        0.0000000000000000     
  0.57031250000000000        0.0000000000000000        0.0000000000000000       -2.7742849700740060E-007   0.0000000000000000        0.0000000000000000        0.0000000000000000        0.0000000000000000        0.0000000000000000        1.5624999999999999E-009   9.9999999999999995E-008   1.5625000000000000E-002   158657357.17607293        2379860357725237.0        1009762013964.2234        0.0000000000000000        0.0000000000000000        0.0000000000000000        0.0000000000000000        0.0000000000000000        0.0000000000000000        0.0000000000000000     
  0.58593750000000000        0.0000000000000000        0.0000000000000000       -2.7743233803799851E-007   0.0000000000000000        0.0000000000000000        0.0000000000000000        0.0000000000000000        0.0000000000000000        1.5624999999999999E-009   9.9999999999999995E-008   1.5625000000000000E-002   158657357.17607281        2379860357725235.5        1009762013964.2234        0.0000000000000000        0.0000000000000000        0.0000000000000000        0.0000000000000000        0.0000000000000000        0.0000000000000000        0.0000000000000000     
  0.60156250000000000        0.0000000000000000        0.0000000000000000       -3.2124220316284826E-007   0.0000000000000000        0.0000000000000000        0.0000000000000000        0.0000000000000000        0.0000000000000000        1.5624999999999999E-009   9.9999999999999995E-008   1.5625000000000000E-002   158657357.17607263        2379860357725233.0        1009762013964.2234        0.0000000000000000        0.0000000000000000        0.0000000000000000        0.0000000000000000        0.0000000000000000        0.0000000000000000        0.0000000000000000     
  0.61718750000000000        0.0000000000000000        0.0000000000000000       -3.5049655007871906E-007   0.0000000000000000        0.0000000000000000        0.0000000000000000        0.0000000000000000        0.0000000000000000        1.5624999999999999E-009   9.9999999999999995E-008   1.5625000000000000E-002   158657357.17607245        2379860357725230.0        1009762013964.2234        0.0000000000000000        0.0000000000000000        0.0000000000000000        0.0000000000000000        0.0000000000000000        0.0000000000000000        0.0000000000000000     
  0.63281250000000000        0.0000000000000000        0.0000000000000000       -3.0669382889621614E-007   0.0000000000000000        0.0000000000000000        0.0000000000000000        0.0000000000000000        0.0000000000000000        1.5624999999999999E-009   9.9999999999999995E-008   1.5625000000000000E-002   158657357.17607254        2379860357725231.5        1009762013964.2234        0.0000000000000000        0.0000000000000000        0.0000000000000000        0.0000000000000000        0.0000000000000000        0.0000000000000000        0.0000000000000000     
  0.64843750000000000        0.0000000000000000        0.0000000000000000       -2.9214264250602825E-007   0.0000000000000000        0.0000000000000000        0.0000000000000000        0.0000000000000000        0.0000000000000000        1.5624999999999999E-009   9.9999999999999995E-008   1.5625000000000000E-002   158657357.17607263        2379860357725232.5        1009762013964.2234        0.0000000000000000        0.0000000000000000        0.0000000000000000        0.0000000000000000        0.0000000000000000        0.0000000000000000        0.0000000000000000     
  0.66406250000000000        0.0000000000000000        0.0000000000000000       -2.9214126856001468E-007   0.0000000000000000        0.0000000000000000        0.0000000000000000        0.0000000000000000        0.0000000000000000        1.5624999999999999E-009   9.9999999999999995E-008   1.5625000000000000E-002   158657357.17607269        2379860357725233.5        1009762013964.2234        0.0000000000000000        0.0000000000000000        0.0000000000000000        0.0000000000000000        0.0000000000000000        0.0000000000000000        0.0000000000000000     
  0.67968750000000000        0.0000000000000000        0.0000000000000000       -2.4821499406343687E-007   0.0000000000000000        0.0000000000000000        0.0000000000000000        0.0000000000000000        0.0000000000000000        1.5624999999999999E-009   9.9999999999999995E-008   1.5625000000000000E-002   158657357.17607263        2379860357725232.5        1009762013964.2234        0.0000000000000000        0.0000000000000000        0.0000000000000000        0.0000000000000000        0.0000000000000000        0.0000000000000000        0.0000000000000000     
  0.69531250000000000        0.0000000000000000        0.0000000000000000       -2.1901021982000174E-007   0.0000000000000000        0.0000000000000000        0.0000000000000000        0.0000000000000000        0.0000000000000000        1.5624999999999999E-009   9.9999999999999995E-008   1.5625000000000000E-002   158657357.17607269        2379860357725233.5        1009762013964.2234        0.0000000000000000        0.0000000000000000        0.0000000000000000        0.0000000000000000        0.0000000000000000        0.0000000000000000        0.0000000000000000     
  0.71093750000000000        0.0000000000000000        0.0000000000000000       -2.0284393333453104E-007   0.0000000000000000        0.0000000000000000        0.0000000000000000        0.0000000000000000        0.0000000000000000        1.5624999999999999E-009   9.9999999999999995E-008   1.5625000000000000E-002   158657357.17607275        2379860357725234.5        1009762013964.2234        0.0000000000000000        0.0000000000000000        0.0000000000000000        0.0000000000000000        0.0000000000000000        0.0000000000000000        0.0000000000000000     
  0.72656250000000000        0.0000000000000000        0.0000000000000000       -2.1901302590184833E-007   0.0000000000000000        0.0000000000000000        0.0000000000000000        0.0000000000000000        0.0000000000000000        1.5624999999999999E-009   9.9999999999999995E-008   1.5625000000000000E-002   158657357.17607263        2379860357725233.0        1009762013964.2234        0.0000000000000000        0.0000000000000000        0.0000000000000000        0.0000000000000000        0.0000000000000000        0.0000000000000000        0.0000000000000000     
  0.74218750000000000        0.0000000000000000        0.0000000000000000       -2.1901758584719331E-007   0.0000000000000000        0.0000000000000000        0.0000000000000000        0.0000000000000000        0.0000000000000000        1.5624999999999999E-009   9.9999999999999995E-008   1.5625000000000000E-002   158657357.17607263        2379860357725232.5        1009762013964.2234        0.0000000000000000        0.0000000000000000        0.0000000000000000        0.0000000000000000        0.0000000000000000        0.0000000000000000        0.0000000000000000     
  0.75781250000000000        0.0000000000000000        0.0000000000000000       -2.4923966607532111E-007   0.0000000000000000        0.0000000000000000        0.0000000000000000        0.0000000000000000        0.0000000000000000        1.5624999999999999E-009   9.9999999999999995E-008   1.5625000000000000E-002   158657357.17607251        2379860357725231.0        1009762013964.2234        0.0000000000000000        0.0000000000000000        0.0000000000000000        0.0000000000000000        0.0000000000000000        0.0000000000000000        0.0000000000000000     
  0.77343750000000000        0.0000000000000000        0.0000000000000000       -2.9145548978316416E-007   0.0000000000000000        0.0000000000000000        0.0000000000000000        0.0000000000000000        0.0000000000000000        1.5624999999999999E-009   9.9999999999999995E-008   1.5625000000000000E-002   158657357.17607245        2379860357725230.0        1009762013964.2234        0.0000000000000000        0.0000000000000000        0.0000000000000000        0.0000000000000000        0.0000000000000000        0.0000000000000000        0.0000000000000000     
  0.78906250000000000        0.0000000000000000        0.0000000000000000       -3.0574886386990744E-007   0.0000000000000000        0.0000000000000000        0.0000000000000000        0.0000000000000000        0.0000000000000000        1.5624999999999999E-009   9.9999999999999995E-008   1.5625000000000000E-002   158657357.17607269        2379860357725233.5        1009762013964.2234        0.0000000000000000        0.0000000000000000        0.0000000000000000        0.0000000000000000        0.0000000000000000        0.0000000000000000        0.0000000000000000     
  0.80468750000000000        0.0000000000000000        0.0000000000000000       -2.4734074129867915E-007   0.0000000000000000        0.0000000000000000        0.0000000000000000        0.0000000000000000        0.0000000000000000        1.5624999999999999E-009   9.9999999999999995E-008   1.5625000000000000E-002   158657357.17607287        2379860357725236.0        1009762013964.2234        0.0000000000000000        0.0000000000000000        0.0000000000000000        0.0000000000000000        0.0000000000000000        0.0000000000000000        0.0000000000000000     
  0.82031250000000000        0.0000000000000000        0.0000000000000000       -2.7904460833096052E-007   0.0000000000000000        0.0000000000000000        0.0000000000000000        0.0000000000000000        0.0000000000000000        1.5624999999999999E-009   9.9999999999999995E-008   1.5625000000000000E-002   158657357.17607227        2379860357725227.5        1009762013964.2234        0.0000000000000000        0.0000000000000000        0.0000000000000000        0.0000000000000000        0.0000000000000000        0.0000000000000000        0.0000000000000000     
  0.83593750000000000        0.0000000000000000        0.0000000000000000       -3.5054930018604139E-007   0.0000000000000000        0.0000000000000000        0.0000000000000000        0.0000000000000000        0.0000000000000000        1.5624999999999999E-009   9.9999999999999995E-008   1.5625000000000000E-002   158657357.17607263        2379860357725233.0        1009762013964.2234        0.0000000000000000        0.0000000000000000        0.0000000000000000        0.0000000000000000        0.0000000000000000        0.0000000000000000        0.0000000000000000     
  0.85156250000000000        0.0000000000000000        0.0000000000000000       -3.4952620648068626E-007   0.0000000000000000        0.0000000000000000        0.0000000000000000        0.0000000000000000        0.0000000000000000        1.5624999999999999E-009   9.9999999999999995E-008   1.5625000000000000E-002   158657357.17607263        2379860357725233.0        1009762013964.2234        0.0000000000000000        0.0000000000000000        0.0000000000000000        0.0000000000000000        0.0000000000000000        0.0000000000000000        0.0000000000000000     
  0.86718750000000000        0.0000000000000000        0.0000000000000000       -2.4676638864392287E-007   0.0000000000000000        0.0000000000000000        0.0000000000000000        0.0000000000000000        0.0000000000000000        1.5624999999999999E-009   9.9999999999999995E-008   1.5625000000000000E-002   158657357.17607263        2379860357725232.5        1009762013964.2234        0.0000000000000000        0.0000000000000000        0.0000000000000000        0.0000000000000000        0.0000000000000000        0.0000000000000000        0.0000000000000000     
  0.88281250000000000        0.0000000000000000        0.0000000000000000       -2.6236035651542013E-007   0.0000000000000000        0.0000000000000000        0.0000000000000000        0.0000000000000000        0.0000000000000000        1.5624999999999999E-009   9.9999999999999995E-008   1.5625000000000000E-002   158657357.17607278        2379860357725235.0        1009762013964.2234        0.0000000000000000        0.0000000000000000        0.0000000000000000        0.0000000000000000        0.0000000000000000        0.0000000000000000        0.0000000000000000     
  0.89843750000000000        0.0000000000000000        0.0000000000000000       -2.3366675977710452E-007   0.0000000000000000        0.0000000000000000        0.0000000000000000        0.0000000000000000        0.0000000000000000        1.5624999999999999E-009   9.9999999999999995E-008   1.5625000000000000E-002   158657357.17607296        2379860357725237.5        1009762013964.2234        0.0000000000000000        0.0000000000000000        0.0000000000000000        0.0000000000000000        0.0000000000000000        0.0000000000000000        0.0000000000000000     
  0.91406250000000000        0.0000000000000000        0.0000000000000000       -2.1906566733754194E-007   0.0000000000000000        0.0000000000000000        0.0000000000000000        0.0000000000000000        0.0000000000000000        1.5624999999999999E-009   9.9999999999999995E-008   1.5625000000000000E-002   158657357.17607287        2379860357725236.5        1009762013964.2234        0.0000000000000000        0.0000000000000000        0.0000000000000000        0.0000000000000000        0.0000000000000000        0.0000000000000000        0.0000000000000000     
  0.92968750000000000        0.0000000000000000        0.0000000000000000       -2.0440143894013421E-007   0.0000000000000000        0.0000000000000000        0.0000000000000000        0.0000000000000000        0.0000000000000000        1.5624999999999999E-009   9.9999999999999995E-008   1.5625000000000000E-002   158657357.17607304        2379860357725239.0        1009762013964.2234        0.0000000000000000        0.0000000000000000        0.0000000000000000        0.0000000000000000        0.0000000000000000        0.0000000000000000        0.0000000000000000     
  0.94531250000000000        0.0000000000000000        0.0000000000000000       -1.8902545872825040E-007   0.0000000000000000        0.0000000000000000        0.0000000000000000        0.0000000000000000        0.0000000000000000        1.5624999999999999E-009   9.9999999999999995E-008   1.5625000000000000E-002   158657357.17607281        2379860357725235.5        1009762013964.2234        0.0000000000000000        0.0000000000000000        0.0000000000000000        0.0000000000000000        0.0000000000000000        0.0000000000000000        0.0000000000000000     
  0.96093750000000000        0.0000000000000000        0.0000000000000000       -2.4821333866251705E-007   0.0000000000000000        0.0000000000000000        0.0000000000000000        0.0000000000000000        0.0000000000000000        1.5624999999999999E-009   9.9999999999999995E-008   1.5625000000000000E-002   158657357.17607296        2379860357725237.5        1009762013964.2234        0.0000000000000000        0.0000000000000000        0.0000000000000000        0.0000000000000000        0.0000000000000000        0.0000000000000000        0.0000000000000000     
  0.97656250000000000        0.0000000000000000        0.0000000000000000       -2.6281833700626484E-007   0.0000000000000000        0.0000000000000000        0.0000000000000000        0.0000000000000000        0.0000000000000000        1.5624999999999999E-009   9.9999999999999995E-008   1.5625000000000000E-002   158657357.17607275        2379860357725234.5        1009762013964.2234        0.0000000000000000        0.0000000000000000        0.0000000000000000        0.0000000000000000        0.0000000000000000        0.0000000000000000        0.0000000000000000     
  0.99218750000000000        0.0000000000000000        0.0000000000000000       -3.0662780837298988E-007   0.0000000000000000        0.0000000000000000        0.0000000000000000        0.0000000000000000        0.0000000000000000        1.5624999999999999E-009   9.9999999999999995E-008   1.5625000000000000E-002   158657357.17607275        2379860357725234.5        1009762013964.2234        0.0000000000000000        0.0000000000000000        0.0000000000000000        0.0000000000000000        0.0000000000000000        0.0000000000000000        0.0000000000000000     
   1.0078125000000000        0.0000000000000000        0.0000000000000000        0.0000000000000000        0.0000000000000000        0.0000000000000000        0.0000000000000000        0.0000000000000000        0.0000000000000000        0.0000000000000000        0.0000000000000000        0.0000000000000000        0.0000000000000000        0.0000000000000000        0.0000000000000000        0.0000000000000000        0.0000000000000000        0.0000000000000000        0.0000000000000000        0.0000000000000000        0.0000000000000000        0.0000000000000000     
   1.0234375000000000        0.0000000000000000        0.0000000000000000        0.0000000000000000        0.0000000000000000        0.0000000000000000        0.0000000000000000        0.0000000000000000        0.0000000000000000        0.0000000000000000        0.0000000000000000        0.0000000000000000        0.0000000000000000        0.0000000000000000        0.0000000000000000        0.0000000000000000        0.0000000000000000        0.0000000000000000        0.0000000000000000        0.0000000000000000        0.0000000000000000        0.0000000000000000     
   1.0390625000000000        0.0000000000000000        0.0000000000000000        0.0000000000000000        0.0000000000000000        0.0000000000000000        0.0000000000000000        0.0000000000000000        0.0000000000000000        0.0000000000000000        0.0000000000000000        0.0000000000000000        0.0000000000000000        0.0000000000000000        0.0000000000000000        0.0000000000000000        0.0000000000000000        0.0000000000000000        0.0000000000000000        0.0000000000000000        0.0000000000000000        0.0000000000000000     
  -1.0390625000000000        0.0000000000000000        0.0000000000000000        0.0000000000000000        0.0000000000000000        0.0000000000000000        0.0000000000000000        0.0000000000000000        0.0000000000000000        0.0000000000000000        0.0000000000000000        0.0000000000000000        0.0000000000000000        0.0000000000000000        0.0000000000000000        0.0000000000000000        0.0000000000000000        0.0000000000000000        0.0000000000000000        0.0000000000000000        0.0000000000000000        0.0000000000000000     
  -1.0234375000000000        0.0000000000000000        0.0000000000000000        0.0000000000000000        0.0000000000000000        0.0000000000000000        0.0000000000000000        0.0000000000000000        0.0000000000000000        0.0000000000000000        0.0000000000000000        0.0000000000000000        0.0000000000000000        0.0000000000000000        0.0000000000000000        0.0000000000000000        0.0000000000000000        0.0000000000000000        0.0000000000000000        0.0000000000000000        0.0000000000000000        0.0000000000000000     
  -1.0078125000000000        0.0000000000000000        0.0000000000000000        0.0000000000000000        0.0000000000000000        0.0000000000000000        0.0000000000000000        0.0000000000000000        0.0000000000000000        0.0000000000000000        0.0000000000000000        0.0000000000000000        0.0000000000000000        0.0000000000000000        0.0000000000000000        0.0000000000000000        0.0000000000000000        0.0000000000000000        0.0000000000000000        0.0000000000000000        0.0000000000000000        0.0000000000000000     
