   8.0999999999999958E-008
 -0.99218749999999312        0.0000000000000000        0.0000000000000000       -5.9323263927966074E-004   0.0000000000000000        0.0000000000000000        31113216.000000000        0.0000000000000000        0.0000000000000000        1.5624999999999999E-009   1.0000000000001205E-007   1.5624999999998126E-002   151547751.58116519        2273216273758431.5        1009772678372.6266        0.0000000000000000        0.0000000000000000        0.0000000000000000        0.0000000000000000        0.0000000000000000        0.0000000000000000        0.0000000000000000     
 -0.97656249999999400        0.0000000000000000        0.0000000000000000        6.1065444001338529E-004   0.0000000000000000        0.0000000000000000       -1982464.0000017486        0.0000000000000000        0.0000000000000000        1.5624999999999999E-009   1.0000000000000637E-007   1.5624999999998996E-002   151547751.58114460        2273216273758254.0        1009772678372.6266        0.0000000000000000        0.0000000000000000        0.0000000000000000        0.0000000000000000        0.0000000000000000        0.0000000000000000        0.0000000000000000     
 -0.96093749999999512        0.0000000000000000        0.0000000000000000       -5.7587138700168519E-004   0.0000000000000000        0.0000000000000000       -28311552.000000000        0.0000000000000000        0.0000000000000000        1.5624999999999999E-009   1.0000000000001490E-007   1.5624999999997682E-002   151547751.58115408        2273216273758199.5        1009772678372.6266        0.0000000000000000        0.0000000000000000        0.0000000000000000        0.0000000000000000        0.0000000000000000        0.0000000000000000        0.0000000000000000     
 -0.94531249999999867        0.0000000000000000        0.0000000000000000        6.1590515330461979E-004   0.0000000000000000        0.0000000000000000        55476223.999998420        0.0000000000000000        0.0000000000000000        1.5624999999999999E-009   1.0000000000000958E-007   1.5624999999998496E-002   151547751.58115235        2273216273758296.5        1009772678372.6266        0.0000000000000000        0.0000000000000000        0.0000000000000000        0.0000000000000000        0.0000000000000000        0.0000000000000000        0.0000000000000000     
 -0.92968749999999811        0.0000000000000000        0.0000000000000000       -5.9862289401976484E-004   0.0000000000000000        0.0000000000000000       -77692928.000000000        0.0000000000000000        0.0000000000000000        1.5624999999999999E-009   1.0000000000001563E-007   1.5624999999997564E-002   151547751.58117166        2273216273758447.5        1009772678372.6266        0.0000000000000000        0.0000000000000000        0.0000000000000000        0.0000000000000000        0.0000000000000000        0.0000000000000000        0.0000000000000000     
 -0.91406250000000355        0.0000000000000000        0.0000000000000000        5.2295103875443067E-004   0.0000000000000000        0.0000000000000000        94961664.000000000        0.0000000000000000        0.0000000000000000        1.5624999999999999E-009   1.0000000000001242E-007   1.5624999999998052E-002   151547751.58115798        2273216273758316.5        1009772678372.6266        0.0000000000000000        0.0000000000000000        0.0000000000000000        0.0000000000000000        0.0000000000000000        0.0000000000000000        0.0000000000000000     
 -0.89843750000000200        0.0000000000000000        0.0000000000000000       -4.3992793571095306E-004   0.0000000000000000        0.0000000000000000       -111853568.00000000        0.0000000000000000        0.0000000000000000        1.5624999999999999E-009   1.0000000000001563E-007   1.5624999999997563E-002   151547751.58116516        2273216273758350.0        1009772678372.6266        0.0000000000000000        0.0000000000000000        0.0000000000000000        0.0000000000000000        0.0000000000000000        0.0000000000000000        0.0000000000000000     
 -0.88281250000000844        0.0000000000000000        0.0000000000000000        2.9656857963919101E-004   0.0000000000000000        0.0000000000000000        131825664.00000159        0.0000000000000000        0.0000000000000000        1.5624999999999999E-009   1.0000000000000955E-007   1.5624999999998505E-002   151547751.58115938        2273216273758403.0        1009772678372.6266        0.0000000000000000        0.0000000000000000        0.0000000000000000        0.0000000000000000        0.0000000000000000        0.0000000000000000        0.0000000000000000     
 -0.86718750000000500        0.0000000000000000        0.0000000000000000       -1.3338984556069834E-004   0.0000000000000000        0.0000000000000000       -145932288.00000000        0.0000000000000000        0.0000000000000000        1.5624999999999999E-009   1.0000000000001207E-007   1.5624999999998116E-002   151547751.58116791        2273216273758472.5        1009772678372.6266        0.0000000000000000        0.0000000000000000        0.0000000000000000        0.0000000000000000        0.0000000000000000        0.0000000000000000        0.0000000000000000     
 -0.85156250000001221        0.0000000000000000        0.0000000000000000        3.6963123699305578E-005   0.0000000000000000        0.0000000000000000        152436736.00000021        0.0000000000000000        0.0000000000000000        1.5624999999999999E-009   1.0000000000000995E-007   1.5624999999998446E-002   151547751.58115521        2273216273758330.5        1009772678372.6266        0.0000000000000000        0.0000000000000000        0.0000000000000000        0.0000000000000000        0.0000000000000000        0.0000000000000000        0.0000000000000000     
 -0.83593750000000810        0.0000000000000000        0.0000000000000000        1.5334388267953419E-004   0.0000000000000000        0.0000000000000000       -153845759.99999991        0.0000000000000000        0.0000000000000000        1.5624999999999999E-009   1.0000000000000852E-007   1.5624999999998668E-002   151547751.58115152        2273216273758308.0        1009772678372.6266        0.0000000000000000        0.0000000000000000        0.0000000000000000        0.0000000000000000        0.0000000000000000        0.0000000000000000        0.0000000000000000     
 -0.82031250000001488        0.0000000000000000        0.0000000000000000       -2.3573949529501922E-004   0.0000000000000000        0.0000000000000000        146161664.00000009        0.0000000000000000        0.0000000000000000        1.5624999999999999E-009   1.0000000000000709E-007   1.5624999999998898E-002   151547751.58115333        2273216273758366.5        1009772678372.6266        0.0000000000000000        0.0000000000000000        0.0000000000000000        0.0000000000000000        0.0000000000000000        0.0000000000000000        0.0000000000000000     
 -0.80468750000001033        0.0000000000000000        0.0000000000000000        3.7450606360295839E-004   0.0000000000000000        0.0000000000000000       -128188416.00000013        0.0000000000000000        0.0000000000000000        1.5624999999999999E-009   9.9999999999998553E-008   1.5625000000000219E-002   151547751.58113059        2273216273758221.0        1009772678372.6266        0.0000000000000000        0.0000000000000000        0.0000000000000000        0.0000000000000000        0.0000000000000000        0.0000000000000000        0.0000000000000000     
 -0.78906250000001443        0.0000000000000000        0.0000000000000000       -5.0205252496766473E-004   0.0000000000000000        0.0000000000000000        106774528.00000000        0.0000000000000000        0.0000000000000000        1.5624999999999999E-009   1.0000000000000034E-007   1.5624999999999957E-002   151547751.58112600        2273216273758110.0        1009772678372.6266        0.0000000000000000        0.0000000000000000        0.0000000000000000        0.0000000000000000        0.0000000000000000        0.0000000000000000        0.0000000000000000     
 -0.77343750000001044        0.0000000000000000        0.0000000000000000        5.4741682570139127E-004   0.0000000000000000        0.0000000000000000       -81166336.000000000        0.0000000000000000        0.0000000000000000        1.5624999999999999E-009   9.9999999999992518E-008   1.5625000000001159E-002   151547751.58110210        2273216273757931.0        1009772678372.6266        0.0000000000000000        0.0000000000000000        0.0000000000000000        0.0000000000000000        0.0000000000000000        0.0000000000000000        0.0000000000000000     
 -0.75781250000001210        0.0000000000000000        0.0000000000000000       -6.0195779474926951E-004   0.0000000000000000        0.0000000000000000        52838400.000000000        0.0000000000000000        0.0000000000000000        1.5624999999999999E-009   9.9999999999999281E-008   1.5625000000000121E-002   151547751.58113933        2273216273758334.0        1009772678372.6266        0.0000000000000000        0.0000000000000000        0.0000000000000000        0.0000000000000000        0.0000000000000000        0.0000000000000000        0.0000000000000000     
 -0.74218750000001021        0.0000000000000000        0.0000000000000000        6.0810448988209956E-004   0.0000000000000000        0.0000000000000000       -30326784.000000000        0.0000000000000000        0.0000000000000000        1.5624999999999999E-009   9.9999999999994304E-008   1.5625000000000878E-002   151547751.58111754        2273216273758121.5        1009772678372.6266        0.0000000000000000        0.0000000000000000        0.0000000000000000        0.0000000000000000        0.0000000000000000        0.0000000000000000        0.0000000000000000     
 -0.72656250000001033        0.0000000000000000        0.0000000000000000       -6.1399601898605969E-004   0.0000000000000000        0.0000000000000000        4276224.0000000000        0.0000000000000000        0.0000000000000000        1.5624999999999999E-009   9.9999999999998566E-008   1.5625000000000232E-002   151547751.58112031        2273216273758064.5        1009772678372.6266        0.0000000000000000        0.0000000000000000        0.0000000000000000        0.0000000000000000        0.0000000000000000        0.0000000000000000        0.0000000000000000     
 -0.71093750000000977        0.0000000000000000        0.0000000000000000        6.0819816773157094E-004   0.0000000000000000        0.0000000000000000        26345472.000000000        0.0000000000000000        0.0000000000000000        1.5624999999999999E-009   9.9999999999987899E-008   1.5625000000001880E-002   151547751.58110815        2273216273758126.5        1009772678372.6266        0.0000000000000000        0.0000000000000000        0.0000000000000000        0.0000000000000000        0.0000000000000000        0.0000000000000000        0.0000000000000000     
 -0.69531250000000655        0.0000000000000000        0.0000000000000000       -6.2054915854646705E-004   0.0000000000000000        0.0000000000000000       -51183616.000000000        0.0000000000000000        0.0000000000000000        1.5624999999999999E-009   9.9999999999990758E-008   1.5625000000001450E-002   151547751.58111078        2273216273758099.5        1009772678372.6266        0.0000000000000000        0.0000000000000000        0.0000000000000000        0.0000000000000000        0.0000000000000000        0.0000000000000000        0.0000000000000000     
 -0.67968750000000688        0.0000000000000000        0.0000000000000000        5.9735002943855605E-004   0.0000000000000000        0.0000000000000000        70139903.999999955        0.0000000000000000        0.0000000000000000        1.5624999999999999E-009   9.9999999999984008E-008   1.5625000000002491E-002   151547751.58108947        2273216273757935.0        1009772678372.6266        0.0000000000000000        0.0000000000000000        0.0000000000000000        0.0000000000000000        0.0000000000000000        0.0000000000000000        0.0000000000000000     
 -0.66406250000000155        0.0000000000000000        0.0000000000000000       -5.3628068600445038E-004   0.0000000000000000        0.0000000000000000       -82788352.000000000        0.0000000000000000        0.0000000000000000        1.5624999999999999E-009   9.9999999999985067E-008   1.5625000000002335E-002   151547751.58107939        2273216273757758.5        1009772678372.6266        0.0000000000000000        0.0000000000000000        0.0000000000000000        0.0000000000000000        0.0000000000000000        0.0000000000000000        0.0000000000000000     
 -0.64843750000000222        0.0000000000000000        0.0000000000000000        4.5316200403751501E-004   0.0000000000000000        0.0000000000000000        98664448.000000000        0.0000000000000000        0.0000000000000000        1.5624999999999999E-009   9.9999999999982221E-008   1.5625000000002769E-002   151547751.58107698        2273216273757788.0        1009772678372.6266        0.0000000000000000        0.0000000000000000        0.0000000000000000        0.0000000000000000        0.0000000000000000        0.0000000000000000        0.0000000000000000     
 -0.63281249999999600        0.0000000000000000        0.0000000000000000       -3.3564824989492736E-004   0.0000000000000000        0.0000000000000000       -121667584.00000000        0.0000000000000000        0.0000000000000000        1.5624999999999999E-009   9.9999999999989685E-008   1.5625000000001617E-002   151547751.58109543        2273216273757893.5        1009772678372.6266        0.0000000000000000        0.0000000000000000        0.0000000000000000        0.0000000000000000        0.0000000000000000        0.0000000000000000        0.0000000000000000     
 -0.61718749999999900        0.0000000000000000        0.0000000000000000        2.9886768426122285E-004   0.0000000000000000        0.0000000000000000        139411456.00000054        0.0000000000000000        0.0000000000000000        1.5624999999999999E-009   9.9999999999986125E-008   1.5625000000002161E-002   151547751.58109459        2273216273757963.0        1009772678372.6266        0.0000000000000000        0.0000000000000000        0.0000000000000000        0.0000000000000000        0.0000000000000000        0.0000000000000000        0.0000000000000000     
 -0.60156249999999167        0.0000000000000000        0.0000000000000000       -1.5206506195700970E-004   0.0000000000000000        0.0000000000000000       -148242432.00000000        0.0000000000000000        0.0000000000000000        1.5624999999999999E-009   9.9999999999987541E-008   1.5625000000001950E-002   151547751.58111441        2273216273758227.5        1009772678372.6266        0.0000000000000000        0.0000000000000000        0.0000000000000000        0.0000000000000000        0.0000000000000000        0.0000000000000000        0.0000000000000000     
 -0.58593749999999512        0.0000000000000000        0.0000000000000000        1.7989274664433819E-005   0.0000000000000000        0.0000000000000000        153600000.00000015        0.0000000000000000        0.0000000000000000        1.5624999999999999E-009   9.9999999999985781E-008   1.5625000000002220E-002   151547751.58109766        2273216273758016.5        1009772678372.6266        0.0000000000000000        0.0000000000000000        0.0000000000000000        0.0000000000000000        0.0000000000000000        0.0000000000000000        0.0000000000000000     
 -0.57031249999998723        0.0000000000000000        0.0000000000000000        1.9293964078803444E-004   0.0000000000000000        0.0000000000000000       -151748607.99999997        0.0000000000000000        0.0000000000000000        1.5624999999999999E-009   9.9999999999985067E-008   1.5625000000002328E-002   151547751.58107442        2273216273757684.5        1009772678372.6266        0.0000000000000000        0.0000000000000000        0.0000000000000000        0.0000000000000000        0.0000000000000000        0.0000000000000000        0.0000000000000000     
 -0.55468749999999045        0.0000000000000000        0.0000000000000000       -3.1193688807518291E-004   0.0000000000000000        0.0000000000000000        141017088.00000000        0.0000000000000000        0.0000000000000000        1.5624999999999999E-009   9.9999999999987899E-008   1.5625000000001898E-002   151547751.58109182        2273216273757880.0        1009772678372.6266        0.0000000000000000        0.0000000000000000        0.0000000000000000        0.0000000000000000        0.0000000000000000        0.0000000000000000        0.0000000000000000     
 -0.53906249999998346        0.0000000000000000        0.0000000000000000        4.3139212284606975E-004   0.0000000000000000        0.0000000000000000       -124387328.00000000        0.0000000000000000        0.0000000000000000        1.5624999999999999E-009   9.9999999999984365E-008   1.5625000000002436E-002   151547751.58110532        2273216273758164.5        1009772678372.6266        0.0000000000000000        0.0000000000000000        0.0000000000000000        0.0000000000000000        0.0000000000000000        0.0000000000000000        0.0000000000000000     
 -0.52343749999998557        0.0000000000000000        0.0000000000000000       -4.4260370254165795E-004   0.0000000000000000        0.0000000000000000        105234432.00000000        0.0000000000000000        0.0000000000000000        1.5624999999999999E-009   9.9999999999990400E-008   1.5625000000001506E-002   151547751.58111092        2273216273758109.5        1009772678372.6266        0.0000000000000000        0.0000000000000000        0.0000000000000000        0.0000000000000000        0.0000000000000000        0.0000000000000000        0.0000000000000000     
 -0.50781249999998046        0.0000000000000000        0.0000000000000000        5.2780270642990683E-004   0.0000000000000000        0.0000000000000000       -91701247.999999806        0.0000000000000000        0.0000000000000000        1.5624999999999999E-009   9.9999999999988269E-008   1.5625000000001828E-002   151547751.58110034        2273216273758000.5        1009772678372.6266        0.0000000000000000        0.0000000000000000        0.0000000000000000        0.0000000000000000        0.0000000000000000        0.0000000000000000        0.0000000000000000     
 -0.49218749999998190        0.0000000000000000        0.0000000000000000       -3.9455032738381555E-004   0.0000000000000000        0.0000000000000000        81166336.000000000        0.0000000000000000        0.0000000000000000        1.5624999999999999E-009   9.9999999999990572E-008   1.5625000000001475E-002   151547751.58111253        2273216273758130.5        1009772678372.6266        0.0000000000000000        0.0000000000000000        0.0000000000000000        0.0000000000000000        0.0000000000000000        0.0000000000000000        0.0000000000000000     
 -0.47656249999997752        0.0000000000000000        0.0000000000000000        4.2822152908494524E-004   0.0000000000000000        0.0000000000000000       -65273855.999999605        0.0000000000000000        0.0000000000000000        1.5624999999999999E-009   9.9999999999987555E-008   1.5625000000001936E-002   151547751.58110324        2273216273758060.5        1009772678372.6266        0.0000000000000000        0.0000000000000000        0.0000000000000000        0.0000000000000000        0.0000000000000000        0.0000000000000000        0.0000000000000000     
 -0.46093749999997802        0.0000000000000000        0.0000000000000000       -3.8886008547594169E-004   0.0000000000000000        0.0000000000000000        41172992.000000000        0.0000000000000000        0.0000000000000000        1.5624999999999999E-009   9.9999999999993775E-008   1.5625000000000982E-002   151547751.58111602        2273216273758109.5        1009772678372.6266        0.0000000000000000        0.0000000000000000        0.0000000000000000        0.0000000000000000        0.0000000000000000        0.0000000000000000        0.0000000000000000     
 -0.44531249999997558        0.0000000000000000        0.0000000000000000        3.3613306978802813E-004   0.0000000000000000        0.0000000000000000       -9912320.0000010654        0.0000000000000000        0.0000000000000000        1.5624999999999999E-009   9.9999999999986840E-008   1.5625000000002044E-002   151547751.58110002        2273216273758029.0        1009772678372.6266        0.0000000000000000        0.0000000000000000        0.0000000000000000        0.0000000000000000        0.0000000000000000        0.0000000000000000        0.0000000000000000     
 -0.42968749999997391        0.0000000000000000        0.0000000000000000       -2.1677971466188241E-004   0.0000000000000000        0.0000000000000000       -22462464.000000000        0.0000000000000000        0.0000000000000000        1.5624999999999999E-009   9.9999999999995376E-008   1.5625000000000732E-002   151547751.58111691        2273216273758086.0        1009772678372.6266        0.0000000000000000        0.0000000000000000        0.0000000000000000        0.0000000000000000        0.0000000000000000        0.0000000000000000        0.0000000000000000     
 -0.41406249999997413        0.0000000000000000        0.0000000000000000        2.5094691956021020E-004   0.0000000000000000        0.0000000000000000        50282496.000000000        0.0000000000000000        0.0000000000000000        1.5624999999999999E-009   9.9999999999989328E-008   1.5625000000001658E-002   151547751.58110228        2273216273758006.0        1009772678372.6266        0.0000000000000000        0.0000000000000000        0.0000000000000000        0.0000000000000000        0.0000000000000000        0.0000000000000000        0.0000000000000000     
 -0.39843749999997058        0.0000000000000000        0.0000000000000000       -1.5068465262224536E-004   0.0000000000000000        0.0000000000000000       -66387968.000000000        0.0000000000000000        0.0000000000000000        1.5624999999999999E-009   9.9999999999994304E-008   1.5625000000000895E-002   151547751.58111897        2273216273758142.5        1009772678372.6266        0.0000000000000000        0.0000000000000000        0.0000000000000000        0.0000000000000000        0.0000000000000000        0.0000000000000000        0.0000000000000000     
 -0.38281249999997236        0.0000000000000000        0.0000000000000000        1.3866265586792514E-004   0.0000000000000000        0.0000000000000000        72007680.000000000        0.0000000000000000        0.0000000000000000        1.5624999999999999E-009   9.9999999999995390E-008   1.5625000000000718E-002   151547751.58112553        2273216273758216.5        1009772678372.6266        0.0000000000000000        0.0000000000000000        0.0000000000000000        0.0000000000000000        0.0000000000000000        0.0000000000000000        0.0000000000000000     
 -0.36718749999996914        0.0000000000000000        0.0000000000000000        1.5600654170230951E-006   0.0000000000000000        0.0000000000000000       -76021760.000000000        0.0000000000000000        0.0000000000000000        1.5624999999999999E-009   9.9999999999997335E-008   1.5625000000000416E-002   151547751.58112121        2273216273758107.0        1009772678372.6266        0.0000000000000000        0.0000000000000000        0.0000000000000000        0.0000000000000000        0.0000000000000000        0.0000000000000000        0.0000000000000000     
 -0.35156249999997152        0.0000000000000000        0.0000000000000000        5.0736191653686846E-006   0.0000000000000000        0.0000000000000000        80035840.000000030        0.0000000000000000        0.0000000000000000        1.5624999999999999E-009   9.9999999999996422E-008   1.5625000000000559E-002   151547751.58111340        2273216273758010.5        1009772678372.6266        0.0000000000000000        0.0000000000000000        0.0000000000000000        0.0000000000000000        0.0000000000000000        0.0000000000000000        0.0000000000000000     
 -0.33593749999996803        0.0000000000000000        0.0000000000000000        9.6111474235833263E-005   0.0000000000000000        0.0000000000000000       -76775424.000000000        0.0000000000000000        0.0000000000000000        1.5624999999999999E-009   9.9999999999996250E-008   1.5625000000000583E-002   151547751.58112392        2273216273758173.0        1009772678372.6266        0.0000000000000000        0.0000000000000000        0.0000000000000000        0.0000000000000000        0.0000000000000000        0.0000000000000000        0.0000000000000000     
 -0.32031249999997036        0.0000000000000000        0.0000000000000000       -1.2873443233115710E-004   0.0000000000000000        0.0000000000000000        69140480.000000000        0.0000000000000000        0.0000000000000000        1.5624999999999999E-009   1.0000000000000017E-007   1.5624999999999977E-002   151547751.58113310        2273216273758221.0        1009772678372.6266        0.0000000000000000        0.0000000000000000        0.0000000000000000        0.0000000000000000        0.0000000000000000        0.0000000000000000        0.0000000000000000     
 -0.30468749999996808        0.0000000000000000        0.0000000000000000        2.4798597301208892E-004   0.0000000000000000        0.0000000000000000       -59867136.000001974        0.0000000000000000        0.0000000000000000        1.5624999999999999E-009   1.0000000000000105E-007   1.5624999999999832E-002   151547751.58112836        2273216273758130.0        1009772678372.6266        0.0000000000000000        0.0000000000000000        0.0000000000000000        0.0000000000000000        0.0000000000000000        0.0000000000000000        0.0000000000000000     
 -0.28906249999997069        0.0000000000000000        0.0000000000000000       -1.6656386919238194E-004   0.0000000000000000        0.0000000000000000        45662208.000000000        0.0000000000000000        0.0000000000000000        1.5624999999999999E-009   1.0000000000000780E-007   1.5624999999998787E-002   151547751.58115420        2273216273758364.0        1009772678372.6266        0.0000000000000000        0.0000000000000000        0.0000000000000000        0.0000000000000000        0.0000000000000000        0.0000000000000000        0.0000000000000000     
 -0.27343749999997052        0.0000000000000000        0.0000000000000000        2.5798218249546104E-004   0.0000000000000000        0.0000000000000000       -36241408.000000045        0.0000000000000000        0.0000000000000000        1.5624999999999999E-009   1.0000000000000727E-007   1.5624999999998862E-002   151547751.58115003        2273216273758314.0        1009772678372.6266        0.0000000000000000        0.0000000000000000        0.0000000000000000        0.0000000000000000        0.0000000000000000        0.0000000000000000        0.0000000000000000     
 -0.25781249999997297        0.0000000000000000        0.0000000000000000       -1.6265459723218784E-004   0.0000000000000000        0.0000000000000000        35880960.000000000        0.0000000000000000        0.0000000000000000        1.5624999999999999E-009   1.0000000000000823E-007   1.5624999999998713E-002   151547751.58114663        2273216273758241.0        1009772678372.6266        0.0000000000000000        0.0000000000000000        0.0000000000000000        0.0000000000000000        0.0000000000000000        0.0000000000000000        0.0000000000000000     
 -0.24218749999997310        0.0000000000000000        0.0000000000000000        1.2815876560587076E-004   0.0000000000000000        0.0000000000000000       -40976384.000000000        0.0000000000000000        0.0000000000000000        1.5624999999999999E-009   1.0000000000001037E-007   1.5624999999998385E-002   151547751.58115593        2273216273758331.5        1009772678372.6266        0.0000000000000000        0.0000000000000000        0.0000000000000000        0.0000000000000000        0.0000000000000000        0.0000000000000000        0.0000000000000000     
 -0.22656249999997621        0.0000000000000000        0.0000000000000000        1.7166617995857591E-005   0.0000000000000000        0.0000000000000000        46497792.000000000        0.0000000000000000        0.0000000000000000        1.5624999999999999E-009   1.0000000000000843E-007   1.5624999999998680E-002   151547751.58115134        2273216273758307.0        1009772678372.6266        0.0000000000000000        0.0000000000000000        0.0000000000000000        0.0000000000000000        0.0000000000000000        0.0000000000000000        0.0000000000000000     
 -0.21093749999997574        0.0000000000000000        0.0000000000000000        2.6534098483394061E-007   0.0000000000000000        0.0000000000000000       -45531136.000000000        0.0000000000000000        0.0000000000000000        1.5624999999999999E-009   1.0000000000000753E-007   1.5624999999998826E-002   151547751.58115169        2273216273758333.0        1009772678372.6266        0.0000000000000000        0.0000000000000000        0.0000000000000000        0.0000000000000000        0.0000000000000000        0.0000000000000000        0.0000000000000000     
 -0.19531249999997857        0.0000000000000000        0.0000000000000000        1.2571059351698663E-004   0.0000000000000000        0.0000000000000000        40189952.000000000        0.0000000000000000        0.0000000000000000        1.5624999999999999E-009   1.0000000000000849E-007   1.5624999999998675E-002   151547751.58115336        2273216273758335.5        1009772678372.6266        0.0000000000000000        0.0000000000000000        0.0000000000000000        0.0000000000000000        0.0000000000000000        0.0000000000000000        0.0000000000000000     
 -0.17968749999997841        0.0000000000000000        0.0000000000000000       -9.8978416055716382E-005   0.0000000000000000        0.0000000000000000       -33669120.000000000        0.0000000000000000        0.0000000000000000        1.5624999999999999E-009   1.0000000000000672E-007   1.5624999999998950E-002   151547751.58114827        2273216273758300.0        1009772678372.6266        0.0000000000000000        0.0000000000000000        0.0000000000000000        0.0000000000000000        0.0000000000000000        0.0000000000000000        0.0000000000000000     
 -0.16406249999998068        0.0000000000000000        0.0000000000000000        1.3023573546730460E-004   0.0000000000000000        0.0000000000000000        28917760.000000000        0.0000000000000000        0.0000000000000000        1.5624999999999999E-009   1.0000000000000816E-007   1.5624999999998727E-002   151547751.58114809        2273216273758264.0        1009772678372.6266        0.0000000000000000        0.0000000000000000        0.0000000000000000        0.0000000000000000        0.0000000000000000        0.0000000000000000        0.0000000000000000     
 -0.14843749999998096        0.0000000000000000        0.0000000000000000       -1.0737959850151417E-004   0.0000000000000000        0.0000000000000000       -24952832.000000000        0.0000000000000000        0.0000000000000000        1.5624999999999999E-009   1.0000000000000833E-007   1.5624999999998695E-002   151547751.58115068        2273216273758299.5        1009772678372.6266        0.0000000000000000        0.0000000000000000        0.0000000000000000        0.0000000000000000        0.0000000000000000        0.0000000000000000        0.0000000000000000     
 -0.13281249999998329        0.0000000000000000        0.0000000000000000        9.0245193693193511E-005   0.0000000000000000        0.0000000000000000        16367616.000000000        0.0000000000000000        0.0000000000000000        1.5624999999999999E-009   1.0000000000001093E-007   1.5624999999998297E-002   151547751.58115909        2273216273758366.0        1009772678372.6266        0.0000000000000000        0.0000000000000000        0.0000000000000000        0.0000000000000000        0.0000000000000000        0.0000000000000000        0.0000000000000000     
 -0.11718749999998437        0.0000000000000000        0.0000000000000000       -1.0285651895997893E-004   0.0000000000000000        0.0000000000000000       -4456447.9999995865        0.0000000000000000        0.0000000000000000        1.5624999999999999E-009   1.0000000000000783E-007   1.5624999999998772E-002   151547751.58114901        2273216273758286.0        1009772678372.6266        0.0000000000000000        0.0000000000000000        0.0000000000000000        0.0000000000000000        0.0000000000000000        0.0000000000000000        0.0000000000000000     
 -0.10156249999998575        0.0000000000000000        0.0000000000000000        8.1272395045526853E-005   0.0000000000000000        0.0000000000000000       -6684672.0000000000        0.0000000000000000        0.0000000000000000        1.5624999999999999E-009   1.0000000000001029E-007   1.5624999999998399E-002   151547751.58115453        2273216273758312.0        1009772678372.6266        0.0000000000000000        0.0000000000000000        0.0000000000000000        0.0000000000000000        0.0000000000000000        0.0000000000000000        0.0000000000000000     
  -8.5937499999987593E-002   0.0000000000000000        0.0000000000000000       -2.1231375297634635E-005   0.0000000000000000        0.0000000000000000        19103744.000000272        0.0000000000000000        0.0000000000000000        1.5624999999999999E-009   1.0000000000000780E-007   1.5624999999998777E-002   151547751.58115074        2273216273758312.5        1009772678372.6266        0.0000000000000000        0.0000000000000000        0.0000000000000000        0.0000000000000000        0.0000000000000000        0.0000000000000000        0.0000000000000000     
  -7.0312499999988190E-002   0.0000000000000000        0.0000000000000000        5.0322515374878499E-005   0.0000000000000000        0.0000000000000000       -31064064.000000000        0.0000000000000000        0.0000000000000000        1.5624999999999999E-009   1.0000000000001188E-007   1.5624999999998147E-002   151547751.58116087        2273216273758371.0        1009772678372.6266        0.0000000000000000        0.0000000000000000        0.0000000000000000        0.0000000000000000        0.0000000000000000        0.0000000000000000        0.0000000000000000     
  -5.4687499999991306E-002   0.0000000000000000        0.0000000000000000       -1.8094812324499489E-005   0.0000000000000000        0.0000000000000000        37781504.000000015        0.0000000000000000        0.0000000000000000        1.5624999999999999E-009   1.0000000000001135E-007   1.5624999999998224E-002   151547751.58115771        2273216273758336.5        1009772678372.6266        0.0000000000000000        0.0000000000000000        0.0000000000000000        0.0000000000000000        0.0000000000000000        0.0000000000000000        0.0000000000000000     
  -3.9062499999991743E-002   0.0000000000000000        0.0000000000000000        4.9593449201053590E-005   0.0000000000000000        0.0000000000000000       -41959424.000000000        0.0000000000000000        0.0000000000000000        1.5624999999999999E-009   1.0000000000001254E-007   1.5624999999998043E-002   151547751.58116254        2273216273758381.5        1009772678372.6266        0.0000000000000000        0.0000000000000000        0.0000000000000000        0.0000000000000000        0.0000000000000000        0.0000000000000000        0.0000000000000000     
  -2.3437499999995233E-002   0.0000000000000000        0.0000000000000000       -3.2330192102273823E-005   0.0000000000000000        0.0000000000000000        43483136.000000030        0.0000000000000000        0.0000000000000000        1.5624999999999999E-009   1.0000000000001170E-007   1.5624999999998172E-002   151547751.58115867        2273216273758342.5        1009772678372.6266        0.0000000000000000        0.0000000000000000        0.0000000000000000        0.0000000000000000        0.0000000000000000        0.0000000000000000        0.0000000000000000     
  -7.8124999999953952E-003   0.0000000000000000        0.0000000000000000        5.7964699150437329E-005   0.0000000000000000        0.0000000000000000       -39501824.000000104        0.0000000000000000        0.0000000000000000        1.5624999999999999E-009   1.0000000000001015E-007   1.5624999999998413E-002   151547751.58115485        2273216273758321.0        1009772678372.6266        0.0000000000000000        0.0000000000000000        0.0000000000000000        0.0000000000000000        0.0000000000000000        0.0000000000000000        0.0000000000000000     
   7.8125000000015925E-003   0.0000000000000000        0.0000000000000000       -5.0932623325177179E-005   0.0000000000000000        0.0000000000000000        32768000.000000000        0.0000000000000000        0.0000000000000000        1.5624999999999999E-009   1.0000000000001168E-007   1.5624999999998177E-002   151547751.58115926        2273216273758351.5        1009772678372.6266        0.0000000000000000        0.0000000000000000        0.0000000000000000        0.0000000000000000        0.0000000000000000        0.0000000000000000        0.0000000000000000     
   2.3437500000000947E-002   0.0000000000000000        0.0000000000000000        4.7532969842070360E-005   0.0000000000000000        0.0000000000000000       -23953408.000000373        0.0000000000000000        0.0000000000000000        1.5624999999999999E-009   1.0000000000001003E-007   1.5624999999998430E-002   151547751.58115631        2273216273758345.5        1009772678372.6266        0.0000000000000000        0.0000000000000000        0.0000000000000000        0.0000000000000000        0.0000000000000000        0.0000000000000000        0.0000000000000000     
   3.9062499999998453E-002   0.0000000000000000        0.0000000000000000       -1.0398386922845107E-004   0.0000000000000000        0.0000000000000000        12861440.000000000        0.0000000000000000        0.0000000000000000        1.5624999999999999E-009   1.0000000000001342E-007   1.5624999999997908E-002   151547751.58116367        2273216273758378.5        1009772678372.6266        0.0000000000000000        0.0000000000000000        0.0000000000000000        0.0000000000000000        0.0000000000000000        0.0000000000000000        0.0000000000000000     
   5.4687499999996753E-002   0.0000000000000000        0.0000000000000000        7.0838131375642653E-005   0.0000000000000000        0.0000000000000000       -1622016.0000000000        0.0000000000000000        0.0000000000000000        1.5624999999999999E-009   1.0000000000001156E-007   1.5624999999998189E-002   151547751.58115715        2273216273758323.0        1009772678372.6266        0.0000000000000000        0.0000000000000000        0.0000000000000000        0.0000000000000000        0.0000000000000000        0.0000000000000000        0.0000000000000000     
   7.0312499999994837E-002   0.0000000000000000        0.0000000000000000       -2.8671350599657545E-005   0.0000000000000000        0.0000000000000000       -8945664.0000000000        0.0000000000000000        0.0000000000000000        1.5624999999999999E-009   1.0000000000001482E-007   1.5624999999997689E-002   151547751.58116737        2273216273758402.0        1009772678372.6266        0.0000000000000000        0.0000000000000000        0.0000000000000000        0.0000000000000000        0.0000000000000000        0.0000000000000000        0.0000000000000000     
   8.5937499999992117E-002   0.0000000000000000        0.0000000000000000        1.2616779610049373E-005   0.0000000000000000        0.0000000000000000        16859136.000000019        0.0000000000000000        0.0000000000000000        1.5624999999999999E-009   1.0000000000001343E-007   1.5624999999997901E-002   151547751.58116487        2273216273758396.5        1009772678372.6266        0.0000000000000000        0.0000000000000000        0.0000000000000000        0.0000000000000000        0.0000000000000000        0.0000000000000000        0.0000000000000000     
  0.10156249999999063        0.0000000000000000        0.0000000000000000       -1.1704541904154757E-005   0.0000000000000000        0.0000000000000000       -21872640.000000000        0.0000000000000000        0.0000000000000000        1.5624999999999999E-009   1.0000000000001463E-007   1.5624999999997715E-002   151547751.58116826        2273216273758419.5        1009772678372.6266        0.0000000000000000        0.0000000000000000        0.0000000000000000        0.0000000000000000        0.0000000000000000        0.0000000000000000        0.0000000000000000     
  0.11718749999998754        0.0000000000000000        0.0000000000000000       -1.1266066474287681E-006   0.0000000000000000        0.0000000000000000        26836991.999999907        0.0000000000000000        0.0000000000000000        1.5624999999999999E-009   1.0000000000001371E-007   1.5624999999997854E-002   151547751.58116412        2273216273758379.0        1009772678372.6266        0.0000000000000000        0.0000000000000000        0.0000000000000000        0.0000000000000000        0.0000000000000000        0.0000000000000000        0.0000000000000000     
  0.13281249999998634        0.0000000000000000        0.0000000000000000        2.6224764705680368E-005   0.0000000000000000        0.0000000000000000       -32178176.000000000        0.0000000000000000        0.0000000000000000        1.5624999999999999E-009   1.0000000000001518E-007   1.5624999999997627E-002   151547751.58116746        2273216273758395.0        1009772678372.6266        0.0000000000000000        0.0000000000000000        0.0000000000000000        0.0000000000000000        0.0000000000000000        0.0000000000000000        0.0000000000000000     
  0.14843749999998279        0.0000000000000000        0.0000000000000000       -1.0973706199650279E-004   0.0000000000000000        0.0000000000000000        32243712.000000000        0.0000000000000000        0.0000000000000000        1.5624999999999999E-009   1.0000000000001429E-007   1.5624999999997766E-002   151547751.58116809        2273216273758424.5        1009772678372.6266        0.0000000000000000        0.0000000000000000        0.0000000000000000        0.0000000000000000        0.0000000000000000        0.0000000000000000        0.0000000000000000     
  0.16406249999998188        0.0000000000000000        0.0000000000000000        2.5874592098917462E-005   0.0000000000000000        0.0000000000000000       -29687807.999999564        0.0000000000000000        0.0000000000000000        1.5624999999999999E-009   1.0000000000001111E-007   1.5624999999998264E-002   151547751.58115897        2273216273758360.0        1009772678372.6266        0.0000000000000000        0.0000000000000000        0.0000000000000000        0.0000000000000000        0.0000000000000000        0.0000000000000000        0.0000000000000000     
  0.17968749999997932        0.0000000000000000        0.0000000000000000       -5.8998949130600130E-005   0.0000000000000000        0.0000000000000000        31866880.000000451        0.0000000000000000        0.0000000000000000        1.5624999999999999E-009   1.0000000000000788E-007   1.5624999999998770E-002   151547751.58114916        2273216273758287.0        1009772678372.6266        0.0000000000000000        0.0000000000000000        0.0000000000000000        0.0000000000000000        0.0000000000000000        0.0000000000000000        0.0000000000000000     
  0.19531249999997941        0.0000000000000000        0.0000000000000000       -4.5420601637303794E-005   0.0000000000000000        0.0000000000000000       -31621119.999999940        0.0000000000000000        0.0000000000000000        1.5624999999999999E-009   1.0000000000000673E-007   1.5624999999998950E-002   151547751.58114508        2273216273758252.0        1009772678372.6266        0.0000000000000000        0.0000000000000000        0.0000000000000000        0.0000000000000000        0.0000000000000000        0.0000000000000000        0.0000000000000000     
  0.21093749999997721        0.0000000000000000        0.0000000000000000        8.9007903210609477E-005   0.0000000000000000        0.0000000000000000        28213248.000000000        0.0000000000000000        0.0000000000000000        1.5624999999999999E-009   1.0000000000000772E-007   1.5624999999998793E-002   151547751.58114886        2273216273758285.5        1009772678372.6266        0.0000000000000000        0.0000000000000000        0.0000000000000000        0.0000000000000000        0.0000000000000000        0.0000000000000000        0.0000000000000000     
  0.22656249999997699        0.0000000000000000        0.0000000000000000       -1.7420514093866458E-004   0.0000000000000000        0.0000000000000000       -28508160.000000000        0.0000000000000000        0.0000000000000000        1.5624999999999999E-009   1.0000000000000808E-007   1.5624999999998739E-002   151547751.58115408        2273216273758355.5        1009772678372.6266        0.0000000000000000        0.0000000000000000        0.0000000000000000        0.0000000000000000        0.0000000000000000        0.0000000000000000        0.0000000000000000     
  0.24218749999997469        0.0000000000000000        0.0000000000000000        2.0536054075659540E-004   0.0000000000000000        0.0000000000000000        30359551.999999996        0.0000000000000000        0.0000000000000000        1.5624999999999999E-009   1.0000000000000753E-007   1.5624999999998826E-002   151547751.58114278        2273216273758199.5        1009772678372.6266        0.0000000000000000        0.0000000000000000        0.0000000000000000        0.0000000000000000        0.0000000000000000        0.0000000000000000        0.0000000000000000     
  0.25781249999997463        0.0000000000000000        0.0000000000000000       -2.6403426445941304E-004   0.0000000000000000        0.0000000000000000       -29442048.000000313        0.0000000000000000        0.0000000000000000        1.5624999999999999E-009   1.0000000000000815E-007   1.5624999999998725E-002   151547751.58115077        2273216273758305.0        1009772678372.6266        0.0000000000000000        0.0000000000000000        0.0000000000000000        0.0000000000000000        0.0000000000000000        0.0000000000000000        0.0000000000000000     
  0.27343749999997213        0.0000000000000000        0.0000000000000000        1.5753357986406571E-004   0.0000000000000000        0.0000000000000000        16252928.000000000        0.0000000000000000        0.0000000000000000        1.5624999999999999E-009   1.0000000000001082E-007   1.5624999999998316E-002   151547751.58116928        2273216273758521.0        1009772678372.6266        0.0000000000000000        0.0000000000000000        0.0000000000000000        0.0000000000000000        0.0000000000000000        0.0000000000000000        0.0000000000000000     
  0.28906249999997125        0.0000000000000000        0.0000000000000000       -2.1153069974792381E-004   0.0000000000000000        0.0000000000000000        10993664.000000227        0.0000000000000000        0.0000000000000000        1.5624999999999999E-009   1.0000000000000317E-007   1.5624999999999493E-002   151547751.58113351        2273216273758160.5        1009772678372.6266        0.0000000000000000        0.0000000000000000        0.0000000000000000        0.0000000000000000        0.0000000000000000        0.0000000000000000        0.0000000000000000     
  0.30468749999997113        0.0000000000000000        0.0000000000000000        1.1520238252479229E-004   0.0000000000000000        0.0000000000000000       -46186496.000000000        0.0000000000000000        0.0000000000000000        1.5624999999999999E-009   1.0000000000001048E-007   1.5624999999998375E-002   151547751.58114916        2273216273758226.5        1009772678372.6266        0.0000000000000000        0.0000000000000000        0.0000000000000000        0.0000000000000000        0.0000000000000000        0.0000000000000000        0.0000000000000000     
  0.32031249999996797        0.0000000000000000        0.0000000000000000       -1.2668246310346926E-004   0.0000000000000000        0.0000000000000000        79101952.000000000        0.0000000000000000        0.0000000000000000        1.5624999999999999E-009   9.9999999999999810E-008   1.5625000000000021E-002   151547751.58112437        2273216273758099.5        1009772678372.6266        0.0000000000000000        0.0000000000000000        0.0000000000000000        0.0000000000000000        0.0000000000000000        0.0000000000000000        0.0000000000000000     
  0.33593749999997119        0.0000000000000000        0.0000000000000000       -3.1634364777528342E-005   0.0000000000000000        0.0000000000000000       -100040704.00000000        0.0000000000000000        0.0000000000000000        1.5624999999999999E-009   1.0000000000000176E-007   1.5624999999999735E-002   151547751.58114031        2273216273758292.5        1009772678372.6266        0.0000000000000000        0.0000000000000000        0.0000000000000000        0.0000000000000000        0.0000000000000000        0.0000000000000000        0.0000000000000000     
  0.35156249999996741        0.0000000000000000        0.0000000000000000        4.4674245413533882E-005   0.0000000000000000        0.0000000000000000        111329280.00000000        0.0000000000000000        0.0000000000000000        1.5624999999999999E-009   9.9999999999996607E-008   1.5625000000000524E-002   151547751.58113435        2273216273758321.0        1009772678372.6266        0.0000000000000000        0.0000000000000000        0.0000000000000000        0.0000000000000000        0.0000000000000000        0.0000000000000000        0.0000000000000000     
  0.36718749999997224        0.0000000000000000        0.0000000000000000       -1.6778908823220621E-004   0.0000000000000000        0.0000000000000000       -113000447.99999993        0.0000000000000000        0.0000000000000000        1.5624999999999999E-009   9.9999999999995204E-008   1.5625000000000749E-002   151547751.58111128        2273216273758006.5        1009772678372.6266        0.0000000000000000        0.0000000000000000        0.0000000000000000        0.0000000000000000        0.0000000000000000        0.0000000000000000        0.0000000000000000     
  0.38281249999996891        0.0000000000000000        0.0000000000000000        8.3648604022867201E-005   0.0000000000000000        0.0000000000000000        109789184.00000000        0.0000000000000000        0.0000000000000000        1.5624999999999999E-009   9.9999999999995906E-008   1.5625000000000642E-002   151547751.58111963        2273216273758115.5        1009772678372.6266        0.0000000000000000        0.0000000000000000        0.0000000000000000        0.0000000000000000        0.0000000000000000        0.0000000000000000        0.0000000000000000     
  0.39843749999997352        0.0000000000000000        0.0000000000000000       -9.6446378908144896E-005   0.0000000000000000        0.0000000000000000       -103694336.00000000        0.0000000000000000        0.0000000000000000        1.5624999999999999E-009   9.9999999999995721E-008   1.5625000000000663E-002   151547751.58112815        2273216273758248.5        1009772678372.6266        0.0000000000000000        0.0000000000000000        0.0000000000000000        0.0000000000000000        0.0000000000000000        0.0000000000000000        0.0000000000000000     
  0.41406249999997025        0.0000000000000000        0.0000000000000000       -3.1201416126329509E-005   0.0000000000000000        0.0000000000000000        85262336.000000000        0.0000000000000000        0.0000000000000000        1.5624999999999999E-009   1.0000000000000034E-007   1.5624999999999955E-002   151547751.58112738        2273216273758130.5        1009772678372.6266        0.0000000000000000        0.0000000000000000        0.0000000000000000        0.0000000000000000        0.0000000000000000        0.0000000000000000        0.0000000000000000     
  0.42968749999997341        0.0000000000000000        0.0000000000000000        1.0981408420496269E-004   0.0000000000000000        0.0000000000000000       -60407807.999997251        0.0000000000000000        0.0000000000000000        1.5624999999999999E-009   9.9999999999992359E-008   1.5625000000001183E-002   151547751.58110711        2273216273758009.5        1009772678372.6266        0.0000000000000000        0.0000000000000000        0.0000000000000000        0.0000000000000000        0.0000000000000000        0.0000000000000000        0.0000000000000000     
  0.44531249999997263        0.0000000000000000        0.0000000000000000       -2.8077351675216483E-004   0.0000000000000000        0.0000000000000000        39698432.000000000        0.0000000000000000        0.0000000000000000        1.5624999999999999E-009   9.9999999999995363E-008   1.5625000000000732E-002   151547751.58112326        2273216273758182.0        1009772678372.6266        0.0000000000000000        0.0000000000000000        0.0000000000000000        0.0000000000000000        0.0000000000000000        0.0000000000000000        0.0000000000000000     
  0.46093749999997485        0.0000000000000000        0.0000000000000000        3.4476383508732789E-004   0.0000000000000000        0.0000000000000000       -21200895.999998856        0.0000000000000000        0.0000000000000000        1.5624999999999999E-009   9.9999999999990215E-008   1.5625000000001520E-002   151547751.58110133        2273216273757971.5        1009772678372.6266        0.0000000000000000        0.0000000000000000        0.0000000000000000        0.0000000000000000        0.0000000000000000        0.0000000000000000        0.0000000000000000     
  0.47656249999997569        0.0000000000000000        0.0000000000000000       -4.4548416831851262E-004   0.0000000000000000        0.0000000000000000       -2359296.0000000000        0.0000000000000000        0.0000000000000000        1.5624999999999999E-009   9.9999999999994649E-008   1.5625000000000843E-002   151547751.58111313        2273216273758046.0        1009772678372.6266        0.0000000000000000        0.0000000000000000        0.0000000000000000        0.0000000000000000        0.0000000000000000        0.0000000000000000        0.0000000000000000     
  0.49218749999997652        0.0000000000000000        0.0000000000000000        4.1309656676952612E-004   0.0000000000000000        0.0000000000000000        32096256.000002634        0.0000000000000000        0.0000000000000000        1.5624999999999999E-009   9.9999999999986840E-008   1.5625000000002044E-002   151547751.58110961        2273216273758173.0        1009772678372.6266        0.0000000000000000        0.0000000000000000        0.0000000000000000        0.0000000000000000        0.0000000000000000        0.0000000000000000        0.0000000000000000     
  0.50781249999997979        0.0000000000000000        0.0000000000000000       -4.6817190783800564E-004   0.0000000000000000        0.0000000000000000       -59834368.000000000        0.0000000000000000        0.0000000000000000        1.5624999999999999E-009   9.9999999999994490E-008   1.5625000000000864E-002   151547751.58111295        2273216273758047.5        1009772678372.6266        0.0000000000000000        0.0000000000000000        0.0000000000000000        0.0000000000000000        0.0000000000000000        0.0000000000000000        0.0000000000000000     
  0.52343749999997824        0.0000000000000000        0.0000000000000000        3.8761745049958077E-004   0.0000000000000000        0.0000000000000000        76070912.000000000        0.0000000000000000        0.0000000000000000        1.5624999999999999E-009   9.9999999999991816E-008   1.5625000000001273E-002   151547751.58108109        2273216273757631.0        1009772678372.6266        0.0000000000000000        0.0000000000000000        0.0000000000000000        0.0000000000000000        0.0000000000000000        0.0000000000000000        0.0000000000000000     
  0.53906249999998235        0.0000000000000000        0.0000000000000000       -5.2625330687124658E-004   0.0000000000000000        0.0000000000000000       -81264640.000000000        0.0000000000000000        0.0000000000000000        1.5624999999999999E-009   9.9999999999993947E-008   1.5625000000000947E-002   151547751.58111575        2273216273758102.5        1009772678372.6266        0.0000000000000000        0.0000000000000000        0.0000000000000000        0.0000000000000000        0.0000000000000000        0.0000000000000000        0.0000000000000000     
  0.55468749999998013        0.0000000000000000        0.0000000000000000        5.6657044666982815E-004   0.0000000000000000        0.0000000000000000        67371008.000000000        0.0000000000000000        0.0000000000000000        1.5624999999999999E-009   9.9999999999996078E-008   1.5625000000000618E-002   151547751.58114550        2273216273758499.5        1009772678372.6266        0.0000000000000000        0.0000000000000000        0.0000000000000000        0.0000000000000000        0.0000000000000000        0.0000000000000000        0.0000000000000000     
  0.57031249999998357        0.0000000000000000        0.0000000000000000       -6.3300968890790156E-004   0.0000000000000000        0.0000000000000000       -33636351.999995448        0.0000000000000000        0.0000000000000000        1.5624999999999999E-009   9.9999999999985794E-008   1.5625000000002203E-002   151547751.58111510        2273216273758279.0        1009772678372.6266        0.0000000000000000        0.0000000000000000        0.0000000000000000        0.0000000000000000        0.0000000000000000        0.0000000000000000        0.0000000000000000     
  0.58593749999998457        0.0000000000000000        0.0000000000000000        6.1875350149809499E-004   0.0000000000000000        0.0000000000000000       -3620864.0000000000        0.0000000000000000        0.0000000000000000        1.5624999999999999E-009   9.9999999999994304E-008   1.5625000000000902E-002   151547751.58110568        2273216273757942.0        1009772678372.6266        0.0000000000000000        0.0000000000000000        0.0000000000000000        0.0000000000000000        0.0000000000000000        0.0000000000000000        0.0000000000000000     
  0.60156249999998535        0.0000000000000000        0.0000000000000000       -6.6292121730065405E-004   0.0000000000000000        0.0000000000000000        33849344.000002176        0.0000000000000000        0.0000000000000000        1.5624999999999999E-009   9.9999999999987211E-008   1.5625000000001988E-002   151547751.58108044        2273216273757727.0        1009772678372.6266        0.0000000000000000        0.0000000000000000        0.0000000000000000        0.0000000000000000        0.0000000000000000        0.0000000000000000        0.0000000000000000     
  0.61718749999998856        0.0000000000000000        0.0000000000000000        5.6920142956251032E-004   0.0000000000000000        0.0000000000000000       -61521920.000000000        0.0000000000000000        0.0000000000000000        1.5624999999999999E-009   9.9999999999992518E-008   1.5625000000001180E-002   151547751.58112291        2273216273758241.0        1009772678372.6266        0.0000000000000000        0.0000000000000000        0.0000000000000000        0.0000000000000000        0.0000000000000000        0.0000000000000000        0.0000000000000000     
  0.63281249999998768        0.0000000000000000        0.0000000000000000       -5.1573373634219207E-004   0.0000000000000000        0.0000000000000000        95633407.999998614        0.0000000000000000        0.0000000000000000        1.5624999999999999E-009   9.9999999999984365E-008   1.5625000000002429E-002   151547751.58109656        2273216273758033.5        1009772678372.6266        0.0000000000000000        0.0000000000000000        0.0000000000000000        0.0000000000000000        0.0000000000000000        0.0000000000000000        0.0000000000000000     
  0.64843749999999345        0.0000000000000000        0.0000000000000000        3.8056052275789817E-004   0.0000000000000000        0.0000000000000000       -130187264.00000000        0.0000000000000000        0.0000000000000000        1.5624999999999999E-009   9.9999999999994304E-008   1.5625000000000902E-002   151547751.58111462        2273216273758076.0        1009772678372.6266        0.0000000000000000        0.0000000000000000        0.0000000000000000        0.0000000000000000        0.0000000000000000        0.0000000000000000        0.0000000000000000     
  0.66406249999998945        0.0000000000000000        0.0000000000000000       -2.8371782781289783E-004   0.0000000000000000        0.0000000000000000        150077440.00000000        0.0000000000000000        0.0000000000000000        1.5624999999999999E-009   9.9999999999989685E-008   1.5625000000001603E-002   151547751.58111125        2273216273758132.5        1009772678372.6266        0.0000000000000000        0.0000000000000000        0.0000000000000000        0.0000000000000000        0.0000000000000000        0.0000000000000000        0.0000000000000000     
  0.67968749999999667        0.0000000000000000        0.0000000000000000        1.5960631050806394E-004   0.0000000000000000        0.0000000000000000       -153878527.99999997        0.0000000000000000        0.0000000000000000        1.5624999999999999E-009   9.9999999999988984E-008   1.5625000000001721E-002   151547751.58110130        2273216273757998.0        1009772678372.6266        0.0000000000000000        0.0000000000000000        0.0000000000000000        0.0000000000000000        0.0000000000000000        0.0000000000000000        0.0000000000000000     
  0.69531249999999289        0.0000000000000000        0.0000000000000000       -3.0637910955016422E-005   0.0000000000000000        0.0000000000000000        153698304.00000006        0.0000000000000000        0.0000000000000000        1.5624999999999999E-009   9.9999999999987925E-008   1.5625000000001884E-002   151547751.58110675        2273216273758104.0        1009772678372.6266        0.0000000000000000        0.0000000000000000        0.0000000000000000        0.0000000000000000        0.0000000000000000        0.0000000000000000        0.0000000000000000     
  0.71093750000000044        0.0000000000000000        0.0000000000000000       -1.3214043725514628E-004   0.0000000000000000        0.0000000000000000       -147685375.99999991        0.0000000000000000        0.0000000000000000        1.5624999999999999E-009   9.9999999999986483E-008   1.5625000000002106E-002   151547751.58110541        2273216273758117.0        1009772678372.6266        0.0000000000000000        0.0000000000000000        0.0000000000000000        0.0000000000000000        0.0000000000000000        0.0000000000000000        0.0000000000000000     
  0.72656249999999711        0.0000000000000000        0.0000000000000000        2.8591279314531997E-004   0.0000000000000000        0.0000000000000000        126713856.00000000        0.0000000000000000        0.0000000000000000        1.5624999999999999E-009   9.9999999999990056E-008   1.5625000000001561E-002   151547751.58108819        2273216273757776.5        1009772678372.6266        0.0000000000000000        0.0000000000000000        0.0000000000000000        0.0000000000000000        0.0000000000000000        0.0000000000000000        0.0000000000000000     
  0.74218750000000355        0.0000000000000000        0.0000000000000000       -4.8419825868854322E-004   0.0000000000000000        0.0000000000000000       -87998463.999995723        0.0000000000000000        0.0000000000000000        1.5624999999999999E-009   9.9999999999980090E-008   1.5625000000003098E-002   151547751.58106115        2273216273757599.5        1009772678372.6266        0.0000000000000000        0.0000000000000000        0.0000000000000000        0.0000000000000000        0.0000000000000000        0.0000000000000000        0.0000000000000000     
  0.75781250000000333        0.0000000000000000        0.0000000000000000        6.9759962830822882E-004   0.0000000000000000        0.0000000000000000        39518208.000000000        0.0000000000000000        0.0000000000000000        1.5624999999999999E-009   9.9999999999992531E-008   1.5625000000001180E-002   151547751.58111808        2273216273758168.0        1009772678372.6266        0.0000000000000000        0.0000000000000000        0.0000000000000000        0.0000000000000000        0.0000000000000000        0.0000000000000000        0.0000000000000000     
  0.77343750000000588        0.0000000000000000        0.0000000000000000       -8.8848974758348178E-004   0.0000000000000000        0.0000000000000000        704511.99999781023        0.0000000000000000        0.0000000000000000        1.5624999999999999E-009   9.9999999999983637E-008   1.5625000000002547E-002   151547751.58110029        2273216273758106.0        1009772678372.6266        0.0000000000000000        0.0000000000000000        0.0000000000000000        0.0000000000000000        0.0000000000000000        0.0000000000000000        0.0000000000000000     
  0.78906250000000844        0.0000000000000000        0.0000000000000000        9.3351146631885608E-004   0.0000000000000000        0.0000000000000000       -22183936.000000000        0.0000000000000000        0.0000000000000000        1.5624999999999999E-009   9.9999999999990758E-008   1.5625000000001447E-002   151547751.58110473        2273216273758009.0        1009772678372.6266        0.0000000000000000        0.0000000000000000        0.0000000000000000        0.0000000000000000        0.0000000000000000        0.0000000000000000        0.0000000000000000     
  0.80468750000000877        0.0000000000000000        0.0000000000000000       -9.1068818316370696E-004   0.0000000000000000        0.0000000000000000        20611072.000000000        0.0000000000000000        0.0000000000000000        1.5624999999999999E-009   9.9999999999994304E-008   1.5625000000000892E-002   151547751.58111557        2273216273758091.5        1009772678372.6266        0.0000000000000000        0.0000000000000000        0.0000000000000000        0.0000000000000000        0.0000000000000000        0.0000000000000000        0.0000000000000000     
  0.82031250000001021        0.0000000000000000        0.0000000000000000        8.5481943787915431E-004   0.0000000000000000        0.0000000000000000       -1867776.0000049192        0.0000000000000000        0.0000000000000000        1.5624999999999999E-009   9.9999999999992875E-008   1.5625000000001103E-002   151547751.58110595        2273216273757980.5        1009772678372.6266        0.0000000000000000        0.0000000000000000        0.0000000000000000        0.0000000000000000        0.0000000000000000        0.0000000000000000        0.0000000000000000     
  0.83593750000001099        0.0000000000000000        0.0000000000000000       -7.4977790082249741E-004   0.0000000000000000        0.0000000000000000       -34947072.000000000        0.0000000000000000        0.0000000000000000        1.5624999999999999E-009   1.0000000000000353E-007   1.5624999999999464E-002   151547751.58112943        2273216273758088.5        1009772678372.6266        0.0000000000000000        0.0000000000000000        0.0000000000000000        0.0000000000000000        0.0000000000000000        0.0000000000000000        0.0000000000000000     
  0.85156250000000910        0.0000000000000000        0.0000000000000000        5.9246017250130214E-004   0.0000000000000000        0.0000000000000000        79937536.000000000        0.0000000000000000        0.0000000000000000        1.5624999999999999E-009   9.9999999999992174E-008   1.5625000000001207E-002   151547751.58111891        2273216273758191.5        1009772678372.6266        0.0000000000000000        0.0000000000000000        0.0000000000000000        0.0000000000000000        0.0000000000000000        0.0000000000000000        0.0000000000000000     
  0.86718750000001343        0.0000000000000000        0.0000000000000000       -3.9538522377066963E-004   0.0000000000000000        0.0000000000000000       -113655808.00000000        0.0000000000000000        0.0000000000000000        1.5624999999999999E-009   9.9999999999999625E-008   1.5625000000000069E-002   151547751.58114645        2273216273758433.0        1009772678372.6266        0.0000000000000000        0.0000000000000000        0.0000000000000000        0.0000000000000000        0.0000000000000000        0.0000000000000000        0.0000000000000000     
  0.88281250000000921        0.0000000000000000        0.0000000000000000        1.9466753165781197E-004   0.0000000000000000        0.0000000000000000        138264576.00000000        0.0000000000000000        0.0000000000000000        1.5624999999999999E-009   9.9999999999994662E-008   1.5625000000000826E-002   151547751.58112064        2273216273758160.0        1009772678372.6266        0.0000000000000000        0.0000000000000000        0.0000000000000000        0.0000000000000000        0.0000000000000000        0.0000000000000000        0.0000000000000000     
  0.89843750000001510        0.0000000000000000        0.0000000000000000       -5.0860890465716291E-005   0.0000000000000000        0.0000000000000000       -150192128.00000027        0.0000000000000000        0.0000000000000000        1.5624999999999999E-009   9.9999999999998937E-008   1.5625000000000167E-002   151547751.58112568        2273216273758137.5        1009772678372.6266        0.0000000000000000        0.0000000000000000        0.0000000000000000        0.0000000000000000        0.0000000000000000        0.0000000000000000        0.0000000000000000     
  0.91406250000000955        0.0000000000000000        0.0000000000000000       -9.7422138263204003E-005   0.0000000000000000        0.0000000000000000        150962176.00000000        0.0000000000000000        0.0000000000000000        1.5624999999999999E-009   1.0000000000000141E-007   1.5624999999999781E-002   151547751.58113298        2273216273758190.5        1009772678372.6266        0.0000000000000000        0.0000000000000000        0.0000000000000000        0.0000000000000000        0.0000000000000000        0.0000000000000000        0.0000000000000000     
  0.92968750000001465        0.0000000000000000        0.0000000000000000        1.9642556901696074E-004   0.0000000000000000        0.0000000000000000       -147472384.00000000        0.0000000000000000        0.0000000000000000        1.5624999999999999E-009   1.0000000000000247E-007   1.5624999999999608E-002   151547751.58112785        2273216273758090.5        1009772678372.6266        0.0000000000000000        0.0000000000000000        0.0000000000000000        0.0000000000000000        0.0000000000000000        0.0000000000000000        0.0000000000000000     
  0.94531250000000877        0.0000000000000000        0.0000000000000000       -2.7705685285885100E-004   0.0000000000000000        0.0000000000000000        135626752.00000000        0.0000000000000000        0.0000000000000000        1.5624999999999999E-009   1.0000000000000603E-007   1.5624999999999065E-002   151547751.58113077        2273216273758052.0        1009772678372.6266        0.0000000000000000        0.0000000000000000        0.0000000000000000        0.0000000000000000        0.0000000000000000        0.0000000000000000        0.0000000000000000     
  0.96093750000001277        0.0000000000000000        0.0000000000000000        4.1201607228998115E-004   0.0000000000000000        0.0000000000000000       -112230399.99999893        0.0000000000000000        0.0000000000000000        1.5624999999999999E-009   1.0000000000000107E-007   1.5624999999999821E-002   151547751.58113602        2273216273758246.0        1009772678372.6266        0.0000000000000000        0.0000000000000000        0.0000000000000000        0.0000000000000000        0.0000000000000000        0.0000000000000000        0.0000000000000000     
  0.97656250000000844        0.0000000000000000        0.0000000000000000       -5.2544705733923651E-004   0.0000000000000000        0.0000000000000000        82313216.000000000        0.0000000000000000        0.0000000000000000        1.5624999999999999E-009   1.0000000000000993E-007   1.5624999999998460E-002   151547751.58117113        2273216273758568.5        1009772678372.6266        0.0000000000000000        0.0000000000000000        0.0000000000000000        0.0000000000000000        0.0000000000000000        0.0000000000000000        0.0000000000000000     
  0.99218750000000966        0.0000000000000000        0.0000000000000000        5.8903674509449362E-004   0.0000000000000000        0.0000000000000000       -54837247.999998927        0.0000000000000000        0.0000000000000000        1.5624999999999999E-009   1.0000000000000495E-007   1.5624999999999216E-002   151547751.58114406        2273216273758278.0        1009772678372.6266        0.0000000000000000        0.0000000000000000        0.0000000000000000        0.0000000000000000        0.0000000000000000        0.0000000000000000        0.0000000000000000     
   1.0078125000000069        0.0000000000000000        0.0000000000000000        0.0000000000000000        0.0000000000000000        0.0000000000000000        0.0000000000000000        0.0000000000000000        0.0000000000000000        0.0000000000000000        0.0000000000000000        0.0000000000000000        0.0000000000000000        0.0000000000000000        0.0000000000000000        0.0000000000000000        0.0000000000000000        0.0000000000000000        0.0000000000000000        0.0000000000000000        0.0000000000000000        0.0000000000000000     
   1.0234375000000060        0.0000000000000000        0.0000000000000000        0.0000000000000000        0.0000000000000000        0.0000000000000000        0.0000000000000000        0.0000000000000000        0.0000000000000000        0.0000000000000000        0.0000000000000000        0.0000000000000000        0.0000000000000000        0.0000000000000000        0.0000000000000000        0.0000000000000000        0.0000000000000000        0.0000000000000000        0.0000000000000000        0.0000000000000000        0.0000000000000000        0.0000000000000000     
   1.0390625000000049        0.0000000000000000        0.0000000000000000        0.0000000000000000        0.0000000000000000        0.0000000000000000        0.0000000000000000        0.0000000000000000        0.0000000000000000        0.0000000000000000        0.0000000000000000        0.0000000000000000        0.0000000000000000        0.0000000000000000        0.0000000000000000        0.0000000000000000        0.0000000000000000        0.0000000000000000        0.0000000000000000        0.0000000000000000        0.0000000000000000        0.0000000000000000     
  -1.0390624999999871        0.0000000000000000        0.0000000000000000        0.0000000000000000        0.0000000000000000        0.0000000000000000        0.0000000000000000        0.0000000000000000        0.0000000000000000        0.0000000000000000        0.0000000000000000        0.0000000000000000        0.0000000000000000        0.0000000000000000        0.0000000000000000        0.0000000000000000        0.0000000000000000        0.0000000000000000        0.0000000000000000        0.0000000000000000        0.0000000000000000        0.0000000000000000     
  -1.0234374999999916        0.0000000000000000        0.0000000000000000        0.0000000000000000        0.0000000000000000        0.0000000000000000        0.0000000000000000        0.0000000000000000        0.0000000000000000        0.0000000000000000        0.0000000000000000        0.0000000000000000        0.0000000000000000        0.0000000000000000        0.0000000000000000        0.0000000000000000        0.0000000000000000        0.0000000000000000        0.0000000000000000        0.0000000000000000        0.0000000000000000        0.0000000000000000     
  -1.0078124999999902        0.0000000000000000        0.0000000000000000        0.0000000000000000        0.0000000000000000        0.0000000000000000        0.0000000000000000        0.0000000000000000        0.0000000000000000        0.0000000000000000        0.0000000000000000        0.0000000000000000        0.0000000000000000        0.0000000000000000        0.0000000000000000        0.0000000000000000        0.0000000000000000        0.0000000000000000        0.0000000000000000        0.0000000000000000        0.0000000000000000        0.0000000000000000     
