   9.1999999999999911E-008
 -0.99218749999992273        0.0000000000000000        0.0000000000000000       -5.6421882437465286E-004   0.0000000000000000        0.0000000000000000        35045376.000000000        0.0000000000000000        0.0000000000000000        1.5624999999999999E-009   9.9999999999828762E-008   1.5625000000026777E-002   149072156.54539105        2236082348213947.0        1009776391765.1718        0.0000000000000000        0.0000000000000000        0.0000000000000000        0.0000000000000000        0.0000000000000000        0.0000000000000000        0.0000000000000000     
 -0.97656249999989497        0.0000000000000000        0.0000000000000000        6.1902594547069961E-004   0.0000000000000000        0.0000000000000000        8388608.0000002701        0.0000000000000000        0.0000000000000000        1.5624999999999999E-009   9.9999999999819869E-008   1.5625000000028130E-002   149072156.54533413        2236082348213295.2        1009776391765.1718        0.0000000000000000        0.0000000000000000        0.0000000000000000        0.0000000000000000        0.0000000000000000        0.0000000000000000        0.0000000000000000     
 -0.96093749999986644        0.0000000000000000        0.0000000000000000       -6.0046536788988252E-004   0.0000000000000000        0.0000000000000000       -39387136.000000000        0.0000000000000000        0.0000000000000000        1.5624999999999999E-009   9.9999999999828405E-008   1.5625000000026822E-002   149072156.54529333        2236082348212490.0        1009776391765.1718        0.0000000000000000        0.0000000000000000        0.0000000000000000        0.0000000000000000        0.0000000000000000        0.0000000000000000        0.0000000000000000     
 -0.94531249999984135        0.0000000000000000        0.0000000000000000        5.4954143646825148E-004   0.0000000000000000        0.0000000000000000        62963711.999997586        0.0000000000000000        0.0000000000000000        1.5624999999999999E-009   9.9999999999825546E-008   1.5625000000027253E-002   149072156.54534918        2236082348213393.2        1009776391765.1718        0.0000000000000000        0.0000000000000000        0.0000000000000000        0.0000000000000000        0.0000000000000000        0.0000000000000000        0.0000000000000000     
 -0.92968749999981193        0.0000000000000000        0.0000000000000000       -5.1571228389404172E-004   0.0000000000000000        0.0000000000000000       -83656704.000000000        0.0000000000000000        0.0000000000000000        1.5624999999999999E-009   9.9999999999833024E-008   1.5625000000026094E-002   149072156.54538405        2236082348213747.8        1009776391765.1718        0.0000000000000000        0.0000000000000000        0.0000000000000000        0.0000000000000000        0.0000000000000000        0.0000000000000000        0.0000000000000000     
 -0.91406249999978917        0.0000000000000000        0.0000000000000000        4.8068441437531064E-004   0.0000000000000000        0.0000000000000000        102744064.00000000        0.0000000000000000        0.0000000000000000        1.5624999999999999E-009   9.9999999999831595E-008   1.5625000000026305E-002   149072156.54533592        2236082348213059.0        1009776391765.1718        0.0000000000000000        0.0000000000000000        0.0000000000000000        0.0000000000000000        0.0000000000000000        0.0000000000000000        0.0000000000000000     
 -0.89843749999975930        0.0000000000000000        0.0000000000000000       -4.0887729307913185E-004   0.0000000000000000        0.0000000000000000       -120340480.00000000        0.0000000000000000        0.0000000000000000        1.5624999999999999E-009   9.9999999999838702E-008   1.5625000000025209E-002   149072156.54535687        2236082348213213.2        1009776391765.1718        0.0000000000000000        0.0000000000000000        0.0000000000000000        0.0000000000000000        0.0000000000000000        0.0000000000000000        0.0000000000000000     
 -0.88281249999973876        0.0000000000000000        0.0000000000000000        3.4821094835733114E-004   0.0000000000000000        0.0000000000000000        136347648.00000003        0.0000000000000000        0.0000000000000000        1.5624999999999999E-009   9.9999999999838000E-008   1.5625000000025306E-002   149072156.54535007        2236082348213127.8        1009776391765.1718        0.0000000000000000        0.0000000000000000        0.0000000000000000        0.0000000000000000        0.0000000000000000        0.0000000000000000        0.0000000000000000     
 -0.86718749999970868        0.0000000000000000        0.0000000000000000       -1.1627882944135825E-004   0.0000000000000000        0.0000000000000000       -145211392.00000000        0.0000000000000000        0.0000000000000000        1.5624999999999999E-009   9.9999999999843665E-008   1.5625000000024425E-002   149072156.54537681        2236082348213401.8        1009776391765.1718        0.0000000000000000        0.0000000000000000        0.0000000000000000        0.0000000000000000        0.0000000000000000        0.0000000000000000        0.0000000000000000     
 -0.85156249999968991        0.0000000000000000        0.0000000000000000        7.6728922510043264E-006   0.0000000000000000        0.0000000000000000        145915904.00000000        0.0000000000000000        0.0000000000000000        1.5624999999999999E-009   9.9999999999847569E-008   1.5625000000023818E-002   149072156.54541090        2236082348213825.8        1009776391765.1718        0.0000000000000000        0.0000000000000000        0.0000000000000000        0.0000000000000000        0.0000000000000000        0.0000000000000000        0.0000000000000000     
 -0.83593749999966105        0.0000000000000000        0.0000000000000000        2.4068598884848335E-004   0.0000000000000000        0.0000000000000000       -138182656.00000313        0.0000000000000000        0.0000000000000000        1.5624999999999999E-009   9.9999999999849713E-008   1.5625000000023474E-002   149072156.54542196        2236082348213944.5        1009776391765.1718        0.0000000000000000        0.0000000000000000        0.0000000000000000        0.0000000000000000        0.0000000000000000        0.0000000000000000        0.0000000000000000     
 -0.82031249999964295        0.0000000000000000        0.0000000000000000       -3.9749967199638513E-004   0.0000000000000000        0.0000000000000000        119029760.00000000        0.0000000000000000        0.0000000000000000        1.5624999999999999E-009   9.9999999999858237E-008   1.5625000000022159E-002   149072156.54545859        2236082348214301.8        1009776391765.1718        0.0000000000000000        0.0000000000000000        0.0000000000000000        0.0000000000000000        0.0000000000000000        0.0000000000000000        0.0000000000000000     
 -0.80468749999961675        0.0000000000000000        0.0000000000000000        5.2817472182544985E-004   0.0000000000000000        0.0000000000000000       -86573056.000012040        0.0000000000000000        0.0000000000000000        1.5624999999999999E-009   9.9999999999855391E-008   1.5625000000022583E-002   149072156.54537472        2236082348213109.8        1009776391765.1718        0.0000000000000000        0.0000000000000000        0.0000000000000000        0.0000000000000000        0.0000000000000000        0.0000000000000000        0.0000000000000000     
 -0.78906249999959777        0.0000000000000000        0.0000000000000000       -6.5226649269512556E-004   0.0000000000000000        0.0000000000000000        44040192.000000000        0.0000000000000000        0.0000000000000000        1.5624999999999999E-009   9.9999999999872093E-008   1.5625000000020001E-002   149072156.54543796        2236082348213682.0        1009776391765.1718        0.0000000000000000        0.0000000000000000        0.0000000000000000        0.0000000000000000        0.0000000000000000        0.0000000000000000        0.0000000000000000     
 -0.77343749999957678        0.0000000000000000        0.0000000000000000        7.0349105893307315E-004   0.0000000000000000        0.0000000000000000       -4751360.0000074096        0.0000000000000000        0.0000000000000000        1.5624999999999999E-009   9.9999999999868891E-008   1.5625000000020470E-002   149072156.54547706        2236082348214343.0        1009776391765.1718        0.0000000000000000        0.0000000000000000        0.0000000000000000        0.0000000000000000        0.0000000000000000        0.0000000000000000        0.0000000000000000     
 -0.75781249999955680        0.0000000000000000        0.0000000000000000       -5.5932162693695915E-004   0.0000000000000000        0.0000000000000000       -30883840.000000000        0.0000000000000000        0.0000000000000000        1.5624999999999999E-009   9.9999999999882390E-008   1.5625000000018388E-002   149072156.54546714        2236082348213889.5        1009776391765.1718        0.0000000000000000        0.0000000000000000        0.0000000000000000        0.0000000000000000        0.0000000000000000        0.0000000000000000        0.0000000000000000     
 -0.74218749999954003        0.0000000000000000        0.0000000000000000        5.9378013391139068E-004   0.0000000000000000        0.0000000000000000        64126976.000000000        0.0000000000000000        0.0000000000000000        1.5624999999999999E-009   9.9999999999879558E-008   1.5625000000018808E-002   149072156.54545823        2236082348213821.8        1009776391765.1718        0.0000000000000000        0.0000000000000000        0.0000000000000000        0.0000000000000000        0.0000000000000000        0.0000000000000000        0.0000000000000000     
 -0.72656249999951916        0.0000000000000000        0.0000000000000000       -4.8697969006412673E-004   0.0000000000000000        0.0000000000000000       -90570752.000000000        0.0000000000000000        0.0000000000000000        1.5624999999999999E-009   9.9999999999890914E-008   1.5625000000017056E-002   149072156.54548529        2236082348213971.8        1009776391765.1718        0.0000000000000000        0.0000000000000000        0.0000000000000000        0.0000000000000000        0.0000000000000000        0.0000000000000000        0.0000000000000000     
 -0.71093749999950595        0.0000000000000000        0.0000000000000000        4.3591584291427071E-004   0.0000000000000000        0.0000000000000000        114507775.99999337        0.0000000000000000        0.0000000000000000        1.5624999999999999E-009   9.9999999999891999E-008   1.5625000000016865E-002   149072156.54550347        2236082348214221.8        1009776391765.1718        0.0000000000000000        0.0000000000000000        0.0000000000000000        0.0000000000000000        0.0000000000000000        0.0000000000000000        0.0000000000000000     
 -0.69531249999948541        0.0000000000000000        0.0000000000000000       -2.6580410725097667E-004   0.0000000000000000        0.0000000000000000       -137904128.00000021        0.0000000000000000        0.0000000000000000        1.5624999999999999E-009   9.9999999999904413E-008   1.5625000000014943E-002   149072156.54552943        2236082348214332.2        1009776391765.1718        0.0000000000000000        0.0000000000000000        0.0000000000000000        0.0000000000000000        0.0000000000000000        0.0000000000000000        0.0000000000000000     
 -0.67968749999947609        0.0000000000000000        0.0000000000000000        1.9769019079669088E-004   0.0000000000000000        0.0000000000000000        153010176.00000000        0.0000000000000000        0.0000000000000000        1.5624999999999999E-009   9.9999999999906557E-008   1.5625000000014599E-002   149072156.54555014        2236082348214595.8        1009776391765.1718        0.0000000000000000        0.0000000000000000        0.0000000000000000        0.0000000000000000        0.0000000000000000        0.0000000000000000        0.0000000000000000     
 -0.66406249999945621        0.0000000000000000        0.0000000000000000        6.9990800203501442E-005   0.0000000000000000        0.0000000000000000       -152584192.00000000        0.0000000000000000        0.0000000000000000        1.5624999999999999E-009   9.9999999999911533E-008   1.5625000000013819E-002   149072156.54555544        2236082348214563.8        1009776391765.1718        0.0000000000000000        0.0000000000000000        0.0000000000000000        0.0000000000000000        0.0000000000000000        0.0000000000000000        0.0000000000000000     
 -0.64843749999944844        0.0000000000000000        0.0000000000000000       -1.3062740149009130E-004   0.0000000000000000        0.0000000000000000        145850368.00000000        0.0000000000000000        0.0000000000000000        1.5624999999999999E-009   9.9999999999920057E-008   1.5625000000012493E-002   149072156.54555601        2236082348214381.2        1009776391765.1718        0.0000000000000000        0.0000000000000000        0.0000000000000000        0.0000000000000000        0.0000000000000000        0.0000000000000000        0.0000000000000000     
 -0.63281249999943123        0.0000000000000000        0.0000000000000000        3.1480980604391465E-004   0.0000000000000000        0.0000000000000000       -136314880.00000000        0.0000000000000000        0.0000000000000000        1.5624999999999999E-009   9.9999999999925721E-008   1.5625000000011598E-002   149072156.54557934        2236082348214605.5        1009776391765.1718        0.0000000000000000        0.0000000000000000        0.0000000000000000        0.0000000000000000        0.0000000000000000        0.0000000000000000        0.0000000000000000     
 -0.61718749999942524        0.0000000000000000        0.0000000000000000       -3.5227594837722266E-004   0.0000000000000000        0.0000000000000000        119046144.00000000        0.0000000000000000        0.0000000000000000        1.5624999999999999E-009   9.9999999999938175E-008   1.5625000000009666E-002   149072156.54562661        2236082348215034.8        1009776391765.1718        0.0000000000000000        0.0000000000000000        0.0000000000000000        0.0000000000000000        0.0000000000000000        0.0000000000000000        0.0000000000000000     
 -0.60156249999941191        0.0000000000000000        0.0000000000000000        5.4406399156659545E-004   0.0000000000000000        0.0000000000000000       -99844096.000000000        0.0000000000000000        0.0000000000000000        1.5624999999999999E-009   9.9999999999941365E-008   1.5625000000009149E-002   149072156.54565933        2236082348215456.2        1009776391765.1718        0.0000000000000000        0.0000000000000000        0.0000000000000000        0.0000000000000000        0.0000000000000000        0.0000000000000000        0.0000000000000000     
 -0.58593749999940692        0.0000000000000000        0.0000000000000000       -5.3880425213601697E-004   0.0000000000000000        0.0000000000000000        75317248.000000000        0.0000000000000000        0.0000000000000000        1.5624999999999999E-009   9.9999999999953792E-008   1.5625000000007230E-002   149072156.54563972        2236082348214881.8        1009776391765.1718        0.0000000000000000        0.0000000000000000        0.0000000000000000        0.0000000000000000        0.0000000000000000        0.0000000000000000        0.0000000000000000     
 -0.57031249999939748        0.0000000000000000        0.0000000000000000        6.4294601353536644E-004   0.0000000000000000        0.0000000000000000       -42303488.000011459        0.0000000000000000        0.0000000000000000        1.5624999999999999E-009   9.9999999999952734E-008   1.5625000000007369E-002   149072156.54562065        2236082348214621.8        1009776391765.1718        0.0000000000000000        0.0000000000000000        0.0000000000000000        0.0000000000000000        0.0000000000000000        0.0000000000000000        0.0000000000000000     
 -0.55468749999939215        0.0000000000000000        0.0000000000000000       -6.3241761443323674E-004   0.0000000000000000        0.0000000000000000        7421951.9999999134        0.0000000000000000        0.0000000000000000        1.5624999999999999E-009   9.9999999999969079E-008   1.5625000000004843E-002   149072156.54568446        2236082348215211.0        1009776391765.1718        0.0000000000000000        0.0000000000000000        0.0000000000000000        0.0000000000000000        0.0000000000000000        0.0000000000000000        0.0000000000000000     
 -0.53906249999938782        0.0000000000000000        0.0000000000000000        6.4213293604265149E-004   0.0000000000000000        0.0000000000000000        24084480.000000000        0.0000000000000000        0.0000000000000000        1.5624999999999999E-009   9.9999999999970495E-008   1.5625000000004597E-002   149072156.54571751        2236082348215677.5        1009776391765.1718        0.0000000000000000        0.0000000000000000        0.0000000000000000        0.0000000000000000        0.0000000000000000        0.0000000000000000        0.0000000000000000     
 -0.52343749999938294        0.0000000000000000        0.0000000000000000       -5.6018267025332235E-004   0.0000000000000000        0.0000000000000000       -50905088.000000000        0.0000000000000000        0.0000000000000000        1.5624999999999999E-009   9.9999999999986125E-008   1.5625000000002172E-002   149072156.54572669        2236082348215463.8        1009776391765.1718        0.0000000000000000        0.0000000000000000        0.0000000000000000        0.0000000000000000        0.0000000000000000        0.0000000000000000        0.0000000000000000     
 -0.50781249999938349        0.0000000000000000        0.0000000000000000        5.6421677187677374E-004   0.0000000000000000        0.0000000000000000        67878912.000000000        0.0000000000000000        0.0000000000000000        1.5624999999999999E-009   9.9999999999991102E-008   1.5625000000001384E-002   149072156.54572448        2236082348215320.2        1009776391765.1718        0.0000000000000000        0.0000000000000000        0.0000000000000000        0.0000000000000000        0.0000000000000000        0.0000000000000000        0.0000000000000000     
 -0.49218749999938016        0.0000000000000000        0.0000000000000000       -4.5255210567901523E-004   0.0000000000000000        0.0000000000000000       -71909376.000000000        0.0000000000000000        0.0000000000000000        1.5624999999999999E-009   1.0000000000000088E-007   1.5624999999999859E-002   149072156.54578263        2236082348215973.8        1009776391765.1718        0.0000000000000000        0.0000000000000000        0.0000000000000000        0.0000000000000000        0.0000000000000000        0.0000000000000000        0.0000000000000000     
 -0.47656249999938377        0.0000000000000000        0.0000000000000000        4.5906635739182208E-004   0.0000000000000000        0.0000000000000000        68288512.000000000        0.0000000000000000        0.0000000000000000        1.5624999999999999E-009   1.0000000000001171E-007   1.5624999999998175E-002   149072156.54578713        2236082348215799.0        1009776391765.1718        0.0000000000000000        0.0000000000000000        0.0000000000000000        0.0000000000000000        0.0000000000000000        0.0000000000000000        0.0000000000000000     
 -0.46093749999938383        0.0000000000000000        0.0000000000000000       -1.7251630218984159E-004   0.0000000000000000        0.0000000000000000       -62537728.000000000        0.0000000000000000        0.0000000000000000        1.5624999999999999E-009   1.0000000000001972E-007   1.5624999999996916E-002   149072156.54579407        2236082348215724.5        1009776391765.1718        0.0000000000000000        0.0000000000000000        0.0000000000000000        0.0000000000000000        0.0000000000000000        0.0000000000000000        0.0000000000000000     
 -0.44531249999938993        0.0000000000000000        0.0000000000000000        7.5810341580820589E-005   0.0000000000000000        0.0000000000000000        60473343.999995582        0.0000000000000000        0.0000000000000000        1.5624999999999999E-009   1.0000000000003020E-007   1.5624999999995283E-002   149072156.54583737        2236082348216139.2        1009776391765.1718        0.0000000000000000        0.0000000000000000        0.0000000000000000        0.0000000000000000        0.0000000000000000        0.0000000000000000        0.0000000000000000     
 -0.42968749999939326        0.0000000000000000        0.0000000000000000        1.1712010868858651E-004   0.0000000000000000        0.0000000000000000       -59686912.000005260        0.0000000000000000        0.0000000000000000        1.5624999999999999E-009   1.0000000000004030E-007   1.5624999999993703E-002   149072156.54584780        2236082348216070.0        1009776391765.1718        0.0000000000000000        0.0000000000000000        0.0000000000000000        0.0000000000000000        0.0000000000000000        0.0000000000000000        0.0000000000000000     
 -0.41406249999940253        0.0000000000000000        0.0000000000000000       -1.3624523826646548E-004   0.0000000000000000        0.0000000000000000        54607872.000000000        0.0000000000000000        0.0000000000000000        1.5624999999999999E-009   1.0000000000005131E-007   1.5624999999991989E-002   149072156.54588729        2236082348216415.8        1009776391765.1718        0.0000000000000000        0.0000000000000000        0.0000000000000000        0.0000000000000000        0.0000000000000000        0.0000000000000000        0.0000000000000000     
 -0.39843749999940931        0.0000000000000000        0.0000000000000000        2.6278234169260886E-004   0.0000000000000000        0.0000000000000000       -48283648.000000000        0.0000000000000000        0.0000000000000000        1.5624999999999999E-009   1.0000000000005860E-007   1.5624999999990841E-002   149072156.54589453        2236082348216361.8        1009776391765.1718        0.0000000000000000        0.0000000000000000        0.0000000000000000        0.0000000000000000        0.0000000000000000        0.0000000000000000        0.0000000000000000     
 -0.38281249999942085        0.0000000000000000        0.0000000000000000       -2.3888064424606141E-004   0.0000000000000000        0.0000000000000000        41385984.000000000        0.0000000000000000        0.0000000000000000        1.5624999999999999E-009   1.0000000000006838E-007   1.5624999999989318E-002   149072156.54590636        2236082348216320.0        1009776391765.1718        0.0000000000000000        0.0000000000000000        0.0000000000000000        0.0000000000000000        0.0000000000000000        0.0000000000000000        0.0000000000000000     
 -0.36718749999943068        0.0000000000000000        0.0000000000000000        3.3924819959674576E-004   0.0000000000000000        0.0000000000000000       -31604736.000000000        0.0000000000000000        0.0000000000000000        1.5624999999999999E-009   1.0000000000007423E-007   1.5624999999988398E-002   149072156.54594633        2236082348216789.8        1009776391765.1718        0.0000000000000000        0.0000000000000000        0.0000000000000000        0.0000000000000000        0.0000000000000000        0.0000000000000000        0.0000000000000000     
 -0.35156249999944406        0.0000000000000000        0.0000000000000000       -3.0270040804130424E-004   0.0000000000000000        0.0000000000000000        17874944.000000000        0.0000000000000000        0.0000000000000000        1.5624999999999999E-009   1.0000000000008560E-007   1.5624999999986630E-002   149072156.54596162        2236082348216763.8        1009776391765.1718        0.0000000000000000        0.0000000000000000        0.0000000000000000        0.0000000000000000        0.0000000000000000        0.0000000000000000        0.0000000000000000     
 -0.33593749999945743        0.0000000000000000        0.0000000000000000        3.4196589742091168E-004   0.0000000000000000        0.0000000000000000       -851968.00000000000        0.0000000000000000        0.0000000000000000        1.5624999999999999E-009   1.0000000000008986E-007   1.5624999999985954E-002   149072156.54597136        2236082348216815.5        1009776391765.1718        0.0000000000000000        0.0000000000000000        0.0000000000000000        0.0000000000000000        0.0000000000000000        0.0000000000000000        0.0000000000000000     
 -0.32031249999947214        0.0000000000000000        0.0000000000000000       -2.7301726684796806E-004   0.0000000000000000        0.0000000000000000       -16498688.000000000        0.0000000000000000        0.0000000000000000        1.5624999999999999E-009   1.0000000000010283E-007   1.5624999999983940E-002   149072156.54599410        2236082348216865.5        1009776391765.1718        0.0000000000000000        0.0000000000000000        0.0000000000000000        0.0000000000000000        0.0000000000000000        0.0000000000000000        0.0000000000000000     
 -0.30468749999948957        0.0000000000000000        0.0000000000000000        2.7968919070535706E-004   0.0000000000000000        0.0000000000000000        29245439.999995552        0.0000000000000000        0.0000000000000000        1.5624999999999999E-009   1.0000000000010852E-007   1.5624999999983043E-002   149072156.54600149        2236082348216850.0        1009776391765.1718        0.0000000000000000        0.0000000000000000        0.0000000000000000        0.0000000000000000        0.0000000000000000        0.0000000000000000        0.0000000000000000     
 -0.28906249999950606        0.0000000000000000        0.0000000000000000       -2.4937601599949816E-004   0.0000000000000000        0.0000000000000000       -36700160.000002526        0.0000000000000000        0.0000000000000000        1.5624999999999999E-009   1.0000000000011865E-007   1.5624999999981464E-002   149072156.54601982        2236082348216897.8        1009776391765.1718        0.0000000000000000        0.0000000000000000        0.0000000000000000        0.0000000000000000        0.0000000000000000        0.0000000000000000        0.0000000000000000     
 -0.27343749999952666        0.0000000000000000        0.0000000000000000        2.4573122076804844E-004   0.0000000000000000        0.0000000000000000        38666239.999997929        0.0000000000000000        0.0000000000000000        1.5624999999999999E-009   1.0000000000012628E-007   1.5624999999980269E-002   149072156.54605880        2236082348217312.0        1009776391765.1718        0.0000000000000000        0.0000000000000000        0.0000000000000000        0.0000000000000000        0.0000000000000000        0.0000000000000000        0.0000000000000000     
 -0.25781249999954553        0.0000000000000000        0.0000000000000000       -2.2753581644617988E-004   0.0000000000000000        0.0000000000000000       -30949376.000000000        0.0000000000000000        0.0000000000000000        1.5624999999999999E-009   1.0000000000013320E-007   1.5624999999979182E-002   149072156.54608065        2236082348217485.5        1009776391765.1718        0.0000000000000000        0.0000000000000000        0.0000000000000000        0.0000000000000000        0.0000000000000000        0.0000000000000000        0.0000000000000000     
 -0.24218749999956829        0.0000000000000000        0.0000000000000000        2.3399133035816974E-004   0.0000000000000000        0.0000000000000000        15007743.999998881        0.0000000000000000        0.0000000000000000        1.5624999999999999E-009   1.0000000000014661E-007   1.5624999999977098E-002   149072156.54609761        2236082348217439.2        1009776391765.1718        0.0000000000000000        0.0000000000000000        0.0000000000000000        0.0000000000000000        0.0000000000000000        0.0000000000000000        0.0000000000000000     
 -0.22656249999959135        0.0000000000000000        0.0000000000000000       -1.4743650101667609E-004   0.0000000000000000        0.0000000000000000       -1523712.0000037935        0.0000000000000000        0.0000000000000000        1.5624999999999999E-009   1.0000000000015167E-007   1.5624999999976300E-002   149072156.54611188        2236082348217541.2        1009776391765.1718        0.0000000000000000        0.0000000000000000        0.0000000000000000        0.0000000000000000        0.0000000000000000        0.0000000000000000        0.0000000000000000     
 -0.21093749999961570        0.0000000000000000        0.0000000000000000        2.1355191774078165E-004   0.0000000000000000        0.0000000000000000       -10387456.000000000        0.0000000000000000        0.0000000000000000        1.5624999999999999E-009   1.0000000000016100E-007   1.5624999999974850E-002   149072156.54613093        2236082348217617.2        1009776391765.1718        0.0000000000000000        0.0000000000000000        0.0000000000000000        0.0000000000000000        0.0000000000000000        0.0000000000000000        0.0000000000000000     
 -0.19531249999964168        0.0000000000000000        0.0000000000000000       -1.4613104714101668E-004   0.0000000000000000        0.0000000000000000        22102016.000000000        0.0000000000000000        0.0000000000000000        1.5624999999999999E-009   1.0000000000016358E-007   1.5624999999974439E-002   149072156.54613975        2236082348217693.0        1009776391765.1718        0.0000000000000000        0.0000000000000000        0.0000000000000000        0.0000000000000000        0.0000000000000000        0.0000000000000000        0.0000000000000000     
 -0.17968749999966682        0.0000000000000000        0.0000000000000000        1.2352556879652464E-004   0.0000000000000000        0.0000000000000000       -30507008.000000000        0.0000000000000000        0.0000000000000000        1.5624999999999999E-009   1.0000000000017026E-007   1.5624999999973400E-002   149072156.54616642        2236082348217942.8        1009776391765.1718        0.0000000000000000        0.0000000000000000        0.0000000000000000        0.0000000000000000        0.0000000000000000        0.0000000000000000        0.0000000000000000     
 -0.16406249999969488        0.0000000000000000        0.0000000000000000       -1.7558879045586295E-005   0.0000000000000000        0.0000000000000000        37552127.999998882        0.0000000000000000        0.0000000000000000        1.5624999999999999E-009   1.0000000000017283E-007   1.5624999999972996E-002   149072156.54616430        2236082348217854.2        1009776391765.1718        0.0000000000000000        0.0000000000000000        0.0000000000000000        0.0000000000000000        0.0000000000000000        0.0000000000000000        0.0000000000000000     
 -0.14843749999972083        0.0000000000000000        0.0000000000000000       -2.2384161441959378E-005   0.0000000000000000        0.0000000000000000       -39747584.000000000        0.0000000000000000        0.0000000000000000        1.5624999999999999E-009   1.0000000000017789E-007   1.5624999999972205E-002   149072156.54617286        2236082348217869.0        1009776391765.1718        0.0000000000000000        0.0000000000000000        0.0000000000000000        0.0000000000000000        0.0000000000000000        0.0000000000000000        0.0000000000000000     
 -0.13281249999975048        0.0000000000000000        0.0000000000000000        6.8165983409995684E-005   0.0000000000000000        0.0000000000000000        40091648.000000000        0.0000000000000000        0.0000000000000000        1.5624999999999999E-009   1.0000000000018321E-007   1.5624999999971374E-002   149072156.54618773        2236082348217973.0        1009776391765.1718        0.0000000000000000        0.0000000000000000        0.0000000000000000        0.0000000000000000        0.0000000000000000        0.0000000000000000        0.0000000000000000     
 -0.11718749999977809        0.0000000000000000        0.0000000000000000       -1.2807026963787571E-004   0.0000000000000000        0.0000000000000000       -43220992.000000000        0.0000000000000000        0.0000000000000000        1.5624999999999999E-009   1.0000000000018943E-007   1.5624999999970406E-002   149072156.54620013        2236082348218020.2        1009776391765.1718        0.0000000000000000        0.0000000000000000        0.0000000000000000        0.0000000000000000        0.0000000000000000        0.0000000000000000        0.0000000000000000     
 -0.10156249999980968        0.0000000000000000        0.0000000000000000        1.2908216315265299E-004   0.0000000000000000        0.0000000000000000        45563904.000000000        0.0000000000000000        0.0000000000000000        1.5624999999999999E-009   1.0000000000019365E-007   1.5624999999969743E-002   149072156.54620972        2236082348218069.5        1009776391765.1718        0.0000000000000000        0.0000000000000000        0.0000000000000000        0.0000000000000000        0.0000000000000000        0.0000000000000000        0.0000000000000000     
  -8.5937499999838615E-002   0.0000000000000000        0.0000000000000000       -1.3595880919439990E-004   0.0000000000000000        0.0000000000000000       -45514752.000000000        0.0000000000000000        0.0000000000000000        1.5624999999999999E-009   1.0000000000019817E-007   1.5624999999969035E-002   149072156.54622445        2236082348218189.0        1009776391765.1718        0.0000000000000000        0.0000000000000000        0.0000000000000000        0.0000000000000000        0.0000000000000000        0.0000000000000000        0.0000000000000000     
  -7.0312499999871617E-002   0.0000000000000000        0.0000000000000000        1.6669322731187509E-004   0.0000000000000000        0.0000000000000000        40108032.000000000        0.0000000000000000        0.0000000000000000        1.5624999999999999E-009   1.0000000000020312E-007   1.5624999999968261E-002   149072156.54623577        2236082348218248.2        1009776391765.1718        0.0000000000000000        0.0000000000000000        0.0000000000000000        0.0000000000000000        0.0000000000000000        0.0000000000000000        0.0000000000000000     
  -5.4687499999902092E-002   0.0000000000000000        0.0000000000000000       -1.1315370374246234E-004   0.0000000000000000        0.0000000000000000       -31883264.000000000        0.0000000000000000        0.0000000000000000        1.5624999999999999E-009   1.0000000000020344E-007   1.5624999999968209E-002   149072156.54623678        2236082348218256.8        1009776391765.1718        0.0000000000000000        0.0000000000000000        0.0000000000000000        0.0000000000000000        0.0000000000000000        0.0000000000000000        0.0000000000000000     
  -3.9062499999935198E-002   0.0000000000000000        0.0000000000000000        1.5966938268160703E-004   0.0000000000000000        0.0000000000000000        22773760.000000000        0.0000000000000000        0.0000000000000000        1.5624999999999999E-009   1.0000000000020679E-007   1.5624999999967694E-002   149072156.54624483        2236082348218302.2        1009776391765.1718        0.0000000000000000        0.0000000000000000        0.0000000000000000        0.0000000000000000        0.0000000000000000        0.0000000000000000        0.0000000000000000     
  -2.3437499999966721E-002   0.0000000000000000        0.0000000000000000       -5.6068336120499393E-005   0.0000000000000000        0.0000000000000000       -13008895.999999864        0.0000000000000000        0.0000000000000000        1.5624999999999999E-009   1.0000000000020461E-007   1.5624999999968027E-002   149072156.54623553        2236082348218212.2        1009776391765.1718        0.0000000000000000        0.0000000000000000        0.0000000000000000        0.0000000000000000        0.0000000000000000        0.0000000000000000        0.0000000000000000     
  -7.8124999999991387E-003   0.0000000000000000        0.0000000000000000        4.6811547471496566E-005   0.0000000000000000        0.0000000000000000        5750784.0000000000        0.0000000000000000        0.0000000000000000        1.5624999999999999E-009   1.0000000000020592E-007   1.5624999999967830E-002   149072156.54624000        2236082348218249.5        1009776391765.1718        0.0000000000000000        0.0000000000000000        0.0000000000000000        0.0000000000000000        0.0000000000000000        0.0000000000000000        0.0000000000000000     
   7.8124999999689259E-003   0.0000000000000000        0.0000000000000000        4.1838000139065925E-005   0.0000000000000000        0.0000000000000000        1736704.0000000000        0.0000000000000000        0.0000000000000000        1.5624999999999999E-009   1.0000000000020377E-007   1.5624999999968156E-002   149072156.54623601        2236082348218238.0        1009776391765.1718        0.0000000000000000        0.0000000000000000        0.0000000000000000        0.0000000000000000        0.0000000000000000        0.0000000000000000        0.0000000000000000     
   2.3437499999937182E-002   0.0000000000000000        0.0000000000000000       -4.4994508475318860E-005   0.0000000000000000        0.0000000000000000       -11501568.000000000        0.0000000000000000        0.0000000000000000        1.5624999999999999E-009   1.0000000000020516E-007   1.5624999999967948E-002   149072156.54623833        2236082348218241.0        1009776391765.1718        0.0000000000000000        0.0000000000000000        0.0000000000000000        0.0000000000000000        0.0000000000000000        0.0000000000000000        0.0000000000000000     
   3.9062499999904812E-002   0.0000000000000000        0.0000000000000000        1.0262851720383351E-004   0.0000000000000000        0.0000000000000000        21676032.000000000        0.0000000000000000        0.0000000000000000        1.5624999999999999E-009   1.0000000000020095E-007   1.5624999999968600E-002   149072156.54622844        2236082348218187.2        1009776391765.1718        0.0000000000000000        0.0000000000000000        0.0000000000000000        0.0000000000000000        0.0000000000000000        0.0000000000000000        0.0000000000000000     
   5.4687499999874378E-002   0.0000000000000000        0.0000000000000000       -1.4404362696250427E-004   0.0000000000000000        0.0000000000000000       -31424512.000000000        0.0000000000000000        0.0000000000000000        1.5624999999999999E-009   1.0000000000020083E-007   1.5624999999968624E-002   149072156.54622951        2236082348218205.2        1009776391765.1718        0.0000000000000000        0.0000000000000000        0.0000000000000000        0.0000000000000000        0.0000000000000000        0.0000000000000000        0.0000000000000000     
   7.0312499999842043E-002   0.0000000000000000        0.0000000000000000        1.5049170842072710E-004   0.0000000000000000        0.0000000000000000        40304640.000000000        0.0000000000000000        0.0000000000000000        1.5624999999999999E-009   1.0000000000019583E-007   1.5624999999969396E-002   149072156.54621670        2236082348218125.5        1009776391765.1718        0.0000000000000000        0.0000000000000000        0.0000000000000000        0.0000000000000000        0.0000000000000000        0.0000000000000000        0.0000000000000000     
   8.5937499999813177E-002   0.0000000000000000        0.0000000000000000       -1.6325590694265832E-004   0.0000000000000000        0.0000000000000000       -45121535.999999888        0.0000000000000000        0.0000000000000000        1.5624999999999999E-009   1.0000000000019427E-007   1.5624999999969649E-002   149072156.54621431        2236082348218124.8        1009776391765.1718        0.0000000000000000        0.0000000000000000        0.0000000000000000        0.0000000000000000        0.0000000000000000        0.0000000000000000        0.0000000000000000     
  0.10156249999978133        0.0000000000000000        0.0000000000000000        1.3930217989664603E-004   0.0000000000000000        0.0000000000000000        45613056.000000000        0.0000000000000000        0.0000000000000000        1.5624999999999999E-009   1.0000000000019174E-007   1.5624999999970040E-002   149072156.54621205        2236082348218147.0        1009776391765.1718        0.0000000000000000        0.0000000000000000        0.0000000000000000        0.0000000000000000        0.0000000000000000        0.0000000000000000        0.0000000000000000     
  0.11718749999975325        0.0000000000000000        0.0000000000000000       -1.4852157810237948E-004   0.0000000000000000        0.0000000000000000       -45776896.000000000        0.0000000000000000        0.0000000000000000        1.5624999999999999E-009   1.0000000000018869E-007   1.5624999999970517E-002   149072156.54620114        2236082348218051.8        1009776391765.1718        0.0000000000000000        0.0000000000000000        0.0000000000000000        0.0000000000000000        0.0000000000000000        0.0000000000000000        0.0000000000000000     
  0.13281249999972236        0.0000000000000000        0.0000000000000000        5.7823134212507426E-005   0.0000000000000000        0.0000000000000000        44646400.000000000        0.0000000000000000        0.0000000000000000        1.5624999999999999E-009   1.0000000000018491E-007   1.5624999999971110E-002   149072156.54618862        2236082348217948.5        1009776391765.1718        0.0000000000000000        0.0000000000000000        0.0000000000000000        0.0000000000000000        0.0000000000000000        0.0000000000000000        0.0000000000000000     
  0.14843749999969547        0.0000000000000000        0.0000000000000000       -1.2874364145502667E-005   0.0000000000000000        0.0000000000000000       -39059456.000000000        0.0000000000000000        0.0000000000000000        1.5624999999999999E-009   1.0000000000017902E-007   1.5624999999972024E-002   149072156.54617691        2236082348217904.8        1009776391765.1718        0.0000000000000000        0.0000000000000000        0.0000000000000000        0.0000000000000000        0.0000000000000000        0.0000000000000000        0.0000000000000000     
  0.16406249999966641        0.0000000000000000        0.0000000000000000       -8.9900096445073421E-005   0.0000000000000000        0.0000000000000000        30343168.000000287        0.0000000000000000        0.0000000000000000        1.5624999999999999E-009   1.0000000000017647E-007   1.5624999999972428E-002   149072156.54616949        2236082348217850.2        1009776391765.1718        0.0000000000000000        0.0000000000000000        0.0000000000000000        0.0000000000000000        0.0000000000000000        0.0000000000000000        0.0000000000000000     
  0.17968749999964032        0.0000000000000000        0.0000000000000000        1.0489455793640075E-004   0.0000000000000000        0.0000000000000000       -23183359.999997601        0.0000000000000000        0.0000000000000000        1.5624999999999999E-009   1.0000000000016902E-007   1.5624999999973587E-002   149072156.54615441        2236082348217791.0        1009776391765.1718        0.0000000000000000        0.0000000000000000        0.0000000000000000        0.0000000000000000        0.0000000000000000        0.0000000000000000        0.0000000000000000     
  0.19531249999961359        0.0000000000000000        0.0000000000000000       -1.9236083097820178E-004   0.0000000000000000        0.0000000000000000        14974976.000001270        0.0000000000000000        0.0000000000000000        1.5624999999999999E-009   1.0000000000016359E-007   1.5624999999974442E-002   149072156.54614416        2236082348217757.5        1009776391765.1718        0.0000000000000000        0.0000000000000000        0.0000000000000000        0.0000000000000000        0.0000000000000000        0.0000000000000000        0.0000000000000000     
  0.21093749999958919        0.0000000000000000        0.0000000000000000        1.3977905532711814E-004   0.0000000000000000        0.0000000000000000       -3014655.9999947720        0.0000000000000000        0.0000000000000000        1.5624999999999999E-009   1.0000000000015258E-007   1.5624999999976153E-002   149072156.54611090        2236082348217506.0        1009776391765.1718        0.0000000000000000        0.0000000000000000        0.0000000000000000        0.0000000000000000        0.0000000000000000        0.0000000000000000        0.0000000000000000     
  0.22656249999956590        0.0000000000000000        0.0000000000000000       -2.5023055937166546E-004   0.0000000000000000        0.0000000000000000       -8765439.9999987241        0.0000000000000000        0.0000000000000000        1.5624999999999999E-009   1.0000000000014715E-007   1.5624999999977013E-002   149072156.54610237        2236082348217498.5        1009776391765.1718        0.0000000000000000        0.0000000000000000        0.0000000000000000        0.0000000000000000        0.0000000000000000        0.0000000000000000        0.0000000000000000     
  0.24218749999954320        0.0000000000000000        0.0000000000000000        2.1447067758716034E-004   0.0000000000000000        0.0000000000000000        23724032.000005011        0.0000000000000000        0.0000000000000000        1.5624999999999999E-009   1.0000000000013639E-007   1.5624999999978682E-002   149072156.54607382        2236082348217311.8        1009776391765.1718        0.0000000000000000        0.0000000000000000        0.0000000000000000        0.0000000000000000        0.0000000000000000        0.0000000000000000        0.0000000000000000     
  0.25781249999952327        0.0000000000000000        0.0000000000000000       -2.3628838288219494E-004   0.0000000000000000        0.0000000000000000       -42696704.000000000        0.0000000000000000        0.0000000000000000        1.5624999999999999E-009   1.0000000000013428E-007   1.5624999999979025E-002   149072156.54607859        2236082348217430.0        1009776391765.1718        0.0000000000000000        0.0000000000000000        0.0000000000000000        0.0000000000000000        0.0000000000000000        0.0000000000000000        0.0000000000000000     
  0.27343749999950123        0.0000000000000000        0.0000000000000000        1.5587344875157079E-004   0.0000000000000000        0.0000000000000000        53428224.000000000        0.0000000000000000        0.0000000000000000        1.5624999999999999E-009   1.0000000000012309E-007   1.5624999999980765E-002   149072156.54605463        2236082348217321.2        1009776391765.1718        0.0000000000000000        0.0000000000000000        0.0000000000000000        0.0000000000000000        0.0000000000000000        0.0000000000000000        0.0000000000000000     
  0.28906249999948480        0.0000000000000000        0.0000000000000000       -2.1979429630885293E-004   0.0000000000000000        0.0000000000000000       -57409535.999995269        0.0000000000000000        0.0000000000000000        1.5624999999999999E-009   1.0000000000011261E-007   1.5624999999982405E-002   149072156.54601634        2236082348216980.8        1009776391765.1718        0.0000000000000000        0.0000000000000000        0.0000000000000000        0.0000000000000000        0.0000000000000000        0.0000000000000000        0.0000000000000000     
  0.30468749999946604        0.0000000000000000        0.0000000000000000        1.7653103576121504E-004   0.0000000000000000        0.0000000000000000        65781760.000000000        0.0000000000000000        0.0000000000000000        1.5624999999999999E-009   1.0000000000009910E-007   1.5624999999984514E-002   149072156.54598314        2236082348216785.2        1009776391765.1718        0.0000000000000000        0.0000000000000000        0.0000000000000000        0.0000000000000000        0.0000000000000000        0.0000000000000000        0.0000000000000000     
  0.32031249999945383        0.0000000000000000        0.0000000000000000       -1.5898578006839648E-004   0.0000000000000000        0.0000000000000000       -73351168.000000000        0.0000000000000000        0.0000000000000000        1.5624999999999999E-009   1.0000000000009023E-007   1.5624999999985902E-002   149072156.54596546        2236082348216718.0        1009776391765.1718        0.0000000000000000        0.0000000000000000        0.0000000000000000        0.0000000000000000        0.0000000000000000        0.0000000000000000        0.0000000000000000     
  0.33593749999943784        0.0000000000000000        0.0000000000000000       -7.3153720388177018E-006   0.0000000000000000        0.0000000000000000        76021760.000000000        0.0000000000000000        0.0000000000000000        1.5624999999999999E-009   1.0000000000007885E-007   1.5624999999987682E-002   149072156.54594558        2236082348216674.5        1009776391765.1718        0.0000000000000000        0.0000000000000000        0.0000000000000000        0.0000000000000000        0.0000000000000000        0.0000000000000000        0.0000000000000000     
  0.35156249999942918        0.0000000000000000        0.0000000000000000       -1.3135499866837750E-005   0.0000000000000000        0.0000000000000000       -71811072.000000000        0.0000000000000000        0.0000000000000000        1.5624999999999999E-009   1.0000000000006696E-007   1.5624999999989536E-002   149072156.54592222        2236082348216590.0        1009776391765.1718        0.0000000000000000        0.0000000000000000        0.0000000000000000        0.0000000000000000        0.0000000000000000        0.0000000000000000        0.0000000000000000     
  0.36718749999941691        0.0000000000000000        0.0000000000000000       -1.3897348515276689E-004   0.0000000000000000        0.0000000000000000        66076672.000003017        0.0000000000000000        0.0000000000000000        1.5624999999999999E-009   1.0000000000005860E-007   1.5624999999990846E-002   149072156.54589167        2236082348216318.5        1009776391765.1718        0.0000000000000000        0.0000000000000000        0.0000000000000000        0.0000000000000000        0.0000000000000000        0.0000000000000000        0.0000000000000000     
  0.38281249999941086        0.0000000000000000        0.0000000000000000        1.4948359400931112E-004   0.0000000000000000        0.0000000000000000       -63668224.000000000        0.0000000000000000        0.0000000000000000        1.5624999999999999E-009   1.0000000000004849E-007   1.5624999999992419E-002   149072156.54587027        2236082348216224.2        1009776391765.1718        0.0000000000000000        0.0000000000000000        0.0000000000000000        0.0000000000000000        0.0000000000000000        0.0000000000000000        0.0000000000000000     
  0.39843749999940176        0.0000000000000000        0.0000000000000000       -2.7974196290127165E-004   0.0000000000000000        0.0000000000000000        54525952.000000000        0.0000000000000000        0.0000000000000000        1.5624999999999999E-009   1.0000000000003925E-007   1.5624999999993873E-002   149072156.54584566        2236082348216060.8        1009776391765.1718        0.0000000000000000        0.0000000000000000        0.0000000000000000        0.0000000000000000        0.0000000000000000        0.0000000000000000        0.0000000000000000     
  0.41406249999939859        0.0000000000000000        0.0000000000000000        3.3170376086221311E-004   0.0000000000000000        0.0000000000000000       -34963456.000000000        0.0000000000000000        0.0000000000000000        1.5624999999999999E-009   1.0000000000002236E-007   1.5624999999996498E-002   149072156.54580164        2236082348215779.2        1009776391765.1718        0.0000000000000000        0.0000000000000000        0.0000000000000000        0.0000000000000000        0.0000000000000000        0.0000000000000000        0.0000000000000000     
  0.42968749999939476        0.0000000000000000        0.0000000000000000       -3.3102205074956014E-004   0.0000000000000000        0.0000000000000000        14499840.000001578        0.0000000000000000        0.0000000000000000        1.5624999999999999E-009   1.0000000000001633E-007   1.5624999999997455E-002   149072156.54580233        2236082348215923.2        1009776391765.1718        0.0000000000000000        0.0000000000000000        0.0000000000000000        0.0000000000000000        0.0000000000000000        0.0000000000000000        0.0000000000000000     
  0.44531249999939349        0.0000000000000000        0.0000000000000000        3.2447894888665014E-004   0.0000000000000000        0.0000000000000000        5767168.0000087041        0.0000000000000000        0.0000000000000000        1.5624999999999999E-009   1.0000000000000213E-007   1.5624999999999658E-002   149072156.54576480        2236082348215679.2        1009776391765.1718        0.0000000000000000        0.0000000000000000        0.0000000000000000        0.0000000000000000        0.0000000000000000        0.0000000000000000        0.0000000000000000     
  0.46093749999939410        0.0000000000000000        0.0000000000000000       -3.7845747000666533E-004   0.0000000000000000        0.0000000000000000       -33308671.999999456        0.0000000000000000        0.0000000000000000        1.5624999999999999E-009   9.9999999999998566E-008   1.5625000000000232E-002   149072156.54574057        2236082348215393.8        1009776391765.1718        0.0000000000000000        0.0000000000000000        0.0000000000000000        0.0000000000000000        0.0000000000000000        0.0000000000000000        0.0000000000000000     
  0.47656249999939393        0.0000000000000000        0.0000000000000000        2.5954878151820775E-004   0.0000000000000000        0.0000000000000000        64716800.000014715        0.0000000000000000        0.0000000000000000        1.5624999999999999E-009   9.9999999999980090E-008   1.5625000000003098E-002   149072156.54570445        2236082348215267.2        1009776391765.1718        0.0000000000000000        0.0000000000000000        0.0000000000000000        0.0000000000000000        0.0000000000000000        0.0000000000000000        0.0000000000000000     
  0.49218749999940031        0.0000000000000000        0.0000000000000000       -2.2535685390142010E-004   0.0000000000000000        0.0000000000000000       -92831743.999999076        0.0000000000000000        0.0000000000000000        1.5624999999999999E-009   9.9999999999975484E-008   1.5625000000003841E-002   149072156.54573312        2236082348215798.2        1009776391765.1718        0.0000000000000000        0.0000000000000000        0.0000000000000000        0.0000000000000000        0.0000000000000000        0.0000000000000000        0.0000000000000000     
  0.50781249999940159        0.0000000000000000        0.0000000000000000        8.7220612739775295E-005   0.0000000000000000        0.0000000000000000        116965376.00001231        0.0000000000000000        0.0000000000000000        1.5624999999999999E-009   9.9999999999958597E-008   1.5625000000006464E-002   149072156.54562140        2236082348214501.5        1009776391765.1718        0.0000000000000000        0.0000000000000000        0.0000000000000000        0.0000000000000000        0.0000000000000000        0.0000000000000000        0.0000000000000000     
  0.52343749999941325        0.0000000000000000        0.0000000000000000       -7.1528676313475394E-005   0.0000000000000000        0.0000000000000000       -130531328.00000000        0.0000000000000000        0.0000000000000000        1.5624999999999999E-009   9.9999999999951318E-008   1.5625000000007608E-002   149072156.54561403        2236082348214552.8        1009776391765.1718        0.0000000000000000        0.0000000000000000        0.0000000000000000        0.0000000000000000        0.0000000000000000        0.0000000000000000        0.0000000000000000     
  0.53906249999941680        0.0000000000000000        0.0000000000000000        6.5006177525283787E-005   0.0000000000000000        0.0000000000000000        136986624.00000000        0.0000000000000000        0.0000000000000000        1.5624999999999999E-009   9.9999999999941021E-008   1.5625000000009215E-002   149072156.54567876        2236082348215754.2        1009776391765.1718        0.0000000000000000        0.0000000000000000        0.0000000000000000        0.0000000000000000        0.0000000000000000        0.0000000000000000        0.0000000000000000     
  0.55468749999943168        0.0000000000000000        0.0000000000000000       -2.4372536084482009E-004   0.0000000000000000        0.0000000000000000       -138166271.99999782        0.0000000000000000        0.0000000000000000        1.5624999999999999E-009   9.9999999999933900E-008   1.5625000000010325E-002   149072156.54561228        2236082348214916.5        1009776391765.1718        0.0000000000000000        0.0000000000000000        0.0000000000000000        0.0000000000000000        0.0000000000000000        0.0000000000000000        0.0000000000000000     
  0.57031249999943745        0.0000000000000000        0.0000000000000000        2.7276150807342160E-004   0.0000000000000000        0.0000000000000000        127959040.00000107        0.0000000000000000        0.0000000000000000        1.5624999999999999E-009   9.9999999999928924E-008   1.5625000000011106E-002   149072156.54561490        2236082348215066.5        1009776391765.1718        0.0000000000000000        0.0000000000000000        0.0000000000000000        0.0000000000000000        0.0000000000000000        0.0000000000000000        0.0000000000000000     
  0.58593749999945388        0.0000000000000000        0.0000000000000000       -4.4100022948783410E-004   0.0000000000000000        0.0000000000000000       -113704959.99999408        0.0000000000000000        0.0000000000000000        1.5624999999999999E-009   9.9999999999917211E-008   1.5625000000012927E-002   149072156.54556522        2236082348214583.8        1009776391765.1718        0.0000000000000000        0.0000000000000000        0.0000000000000000        0.0000000000000000        0.0000000000000000        0.0000000000000000        0.0000000000000000     
  0.60156249999946332        0.0000000000000000        0.0000000000000000        4.8050874299683803E-004   0.0000000000000000        0.0000000000000000        93224960.000001222        0.0000000000000000        0.0000000000000000        1.5624999999999999E-009   9.9999999999911878E-008   1.5625000000013777E-002   149072156.54550564        2236082348213808.2        1009776391765.1718        0.0000000000000000        0.0000000000000000        0.0000000000000000        0.0000000000000000        0.0000000000000000        0.0000000000000000        0.0000000000000000     
  0.61718749999948141        0.0000000000000000        0.0000000000000000       -6.0115107135530498E-004   0.0000000000000000        0.0000000000000000       -62210047.999986902        0.0000000000000000        0.0000000000000000        1.5624999999999999E-009   9.9999999999894460E-008   1.5625000000016480E-002   149072156.54549524        2236082348214043.5        1009776391765.1718        0.0000000000000000        0.0000000000000000        0.0000000000000000        0.0000000000000000        0.0000000000000000        0.0000000000000000        0.0000000000000000     
  0.63281249999949629        0.0000000000000000        0.0000000000000000        6.1206476546523747E-004   0.0000000000000000        0.0000000000000000        29032448.000000022        0.0000000000000000        0.0000000000000000        1.5624999999999999E-009   9.9999999999893772E-008   1.5625000000016612E-002   149072156.54551816        2236082348214400.5        1009776391765.1718        0.0000000000000000        0.0000000000000000        0.0000000000000000        0.0000000000000000        0.0000000000000000        0.0000000000000000        0.0000000000000000     
  0.64843749999951461        0.0000000000000000        0.0000000000000000       -6.3350960060214742E-004   0.0000000000000000        0.0000000000000000        5849087.9999993434        0.0000000000000000        0.0000000000000000        1.5624999999999999E-009   9.9999999999879214E-008   1.5625000000018856E-002   149072156.54549751        2236082348214418.5        1009776391765.1718        0.0000000000000000        0.0000000000000000        0.0000000000000000        0.0000000000000000        0.0000000000000000        0.0000000000000000        0.0000000000000000     
  0.66406249999953404        0.0000000000000000        0.0000000000000000        5.9807258013676095E-004   0.0000000000000000        0.0000000000000000       -47480832.000000000        0.0000000000000000        0.0000000000000000        1.5624999999999999E-009   9.9999999999883105E-008   1.5625000000018281E-002   149072156.54548267        2236082348214106.5        1009776391765.1718        0.0000000000000000        0.0000000000000000        0.0000000000000000        0.0000000000000000        0.0000000000000000        0.0000000000000000        0.0000000000000000     
  0.67968749999955114        0.0000000000000000        0.0000000000000000       -5.8921738371503810E-004   0.0000000000000000        0.0000000000000000        88883200.000000000        0.0000000000000000        0.0000000000000000        1.5624999999999999E-009   9.9999999999866773E-008   1.5625000000020803E-002   149072156.54541558        2236082348213468.0        1009776391765.1718        0.0000000000000000        0.0000000000000000        0.0000000000000000        0.0000000000000000        0.0000000000000000        0.0000000000000000        0.0000000000000000     
  0.69531249999957567        0.0000000000000000        0.0000000000000000        4.4401902736069599E-004   0.0000000000000000        0.0000000000000000       -112771072.00000000        0.0000000000000000        0.0000000000000000        1.5624999999999999E-009   9.9999999999868533E-008   1.5625000000020550E-002   149072156.54546013        2236082348214094.8        1009776391765.1718        0.0000000000000000        0.0000000000000000        0.0000000000000000        0.0000000000000000        0.0000000000000000        0.0000000000000000        0.0000000000000000     
  0.71093749999959222        0.0000000000000000        0.0000000000000000       -3.4414153195055875E-004   0.0000000000000000        0.0000000000000000        120799232.00000034        0.0000000000000000        0.0000000000000000        1.5624999999999999E-009   9.9999999999865701E-008   1.5625000000020980E-002   149072156.54542470        2236082348213628.0        1009776391765.1718        0.0000000000000000        0.0000000000000000        0.0000000000000000        0.0000000000000000        0.0000000000000000        0.0000000000000000        0.0000000000000000     
  0.72656249999961764        0.0000000000000000        0.0000000000000000        2.2825070576091259E-004   0.0000000000000000        0.0000000000000000       -132300800.00000000        0.0000000000000000        0.0000000000000000        1.5624999999999999E-009   9.9999999999865688E-008   1.5625000000020990E-002   149072156.54540199        2236082348213286.8        1009776391765.1718        0.0000000000000000        0.0000000000000000        0.0000000000000000        0.0000000000000000        0.0000000000000000        0.0000000000000000        0.0000000000000000     
  0.74218749999963418        0.0000000000000000        0.0000000000000000       -9.7234602397585290E-005   0.0000000000000000        0.0000000000000000        147619840.00000316        0.0000000000000000        0.0000000000000000        1.5624999999999999E-009   9.9999999999857165E-008   1.5625000000022315E-002   149072156.54543522        2236082348213976.5        1009776391765.1718        0.0000000000000000        0.0000000000000000        0.0000000000000000        0.0000000000000000        0.0000000000000000        0.0000000000000000        0.0000000000000000     
  0.75781249999966227        0.0000000000000000        0.0000000000000000       -7.1103521793278859E-005   0.0000000000000000        0.0000000000000000       -148996095.99999964        0.0000000000000000        0.0000000000000000        1.5624999999999999E-009   9.9999999999854332E-008   1.5625000000022760E-002   149072156.54541329        2236082348213710.5        1009776391765.1718        0.0000000000000000        0.0000000000000000        0.0000000000000000        0.0000000000000000        0.0000000000000000        0.0000000000000000        0.0000000000000000     
  0.77343749999967970        0.0000000000000000        0.0000000000000000        2.1598634287046275E-004   0.0000000000000000        0.0000000000000000        139362304.00000000        0.0000000000000000        0.0000000000000000        1.5624999999999999E-009   9.9999999999855391E-008   1.5625000000022597E-002   149072156.54539993        2236082348213486.5        1009776391765.1718        0.0000000000000000        0.0000000000000000        0.0000000000000000        0.0000000000000000        0.0000000000000000        0.0000000000000000        0.0000000000000000     
  0.78906249999970746        0.0000000000000000        0.0000000000000000       -3.0327507838661533E-004   0.0000000000000000        0.0000000000000000       -132464640.00000000        0.0000000000000000        0.0000000000000000        1.5624999999999999E-009   9.9999999999852201E-008   1.5625000000023089E-002   149072156.54541478        2236082348213780.5        1009776391765.1718        0.0000000000000000        0.0000000000000000        0.0000000000000000        0.0000000000000000        0.0000000000000000        0.0000000000000000        0.0000000000000000     
  0.80468749999972589        0.0000000000000000        0.0000000000000000        3.5117029732895826E-004   0.0000000000000000        0.0000000000000000        119717888.00000000        0.0000000000000000        0.0000000000000000        1.5624999999999999E-009   9.9999999999851129E-008   1.5625000000023263E-002   149072156.54542449        2236082348213949.5        1009776391765.1718        0.0000000000000000        0.0000000000000000        0.0000000000000000        0.0000000000000000        0.0000000000000000        0.0000000000000000        0.0000000000000000     
  0.82031249999975397        0.0000000000000000        0.0000000000000000       -4.5520062364679887E-004   0.0000000000000000        0.0000000000000000       -99368959.999995425        0.0000000000000000        0.0000000000000000        1.5624999999999999E-009   9.9999999999840819E-008   1.5625000000024862E-002   149072156.54538789        2236082348213632.5        1009776391765.1718        0.0000000000000000        0.0000000000000000        0.0000000000000000        0.0000000000000000        0.0000000000000000        0.0000000000000000        0.0000000000000000     
  0.83593749999977562        0.0000000000000000        0.0000000000000000        5.4586323662142390E-004   0.0000000000000000        0.0000000000000000        78528512.000000000        0.0000000000000000        0.0000000000000000        1.5624999999999999E-009   9.9999999999840131E-008   1.5625000000024990E-002   149072156.54537517        2236082348213455.2        1009776391765.1718        0.0000000000000000        0.0000000000000000        0.0000000000000000        0.0000000000000000        0.0000000000000000        0.0000000000000000        0.0000000000000000     
  0.85156249999980393        0.0000000000000000        0.0000000000000000       -6.1963886035615778E-004   0.0000000000000000        0.0000000000000000       -48316416.000003405        0.0000000000000000        0.0000000000000000        1.5624999999999999E-009   9.9999999999830165E-008   1.5625000000026520E-002   149072156.54536358        2236082348213507.0        1009776391765.1718        0.0000000000000000        0.0000000000000000        0.0000000000000000        0.0000000000000000        0.0000000000000000        0.0000000000000000        0.0000000000000000     
  0.86718749999982869        0.0000000000000000        0.0000000000000000        5.6830004825188295E-004   0.0000000000000000        0.0000000000000000       -278528.00000000000        0.0000000000000000        0.0000000000000000        1.5624999999999999E-009   9.9999999999839059E-008   1.5625000000025167E-002   149072156.54540154        2236082348213874.0        1009776391765.1718        0.0000000000000000        0.0000000000000000        0.0000000000000000        0.0000000000000000        0.0000000000000000        0.0000000000000000        0.0000000000000000     
  0.88281249999985423        0.0000000000000000        0.0000000000000000       -5.5901932988647839E-004   0.0000000000000000        0.0000000000000000        60850176.000000000        0.0000000000000000        0.0000000000000000        1.5624999999999999E-009   9.9999999999821642E-008   1.5625000000027842E-002   149072156.54532233        2236082348213079.5        1009776391765.1718        0.0000000000000000        0.0000000000000000        0.0000000000000000        0.0000000000000000        0.0000000000000000        0.0000000000000000        0.0000000000000000     
  0.89843749999988443        0.0000000000000000        0.0000000000000000        4.6692617141077598E-004   0.0000000000000000        0.0000000000000000       -123699200.00000000        0.0000000000000000        0.0000000000000000        1.5624999999999999E-009   9.9999999999834083E-008   1.5625000000025948E-002   149072156.54533193        2236082348212940.5        1009776391765.1718        0.0000000000000000        0.0000000000000000        0.0000000000000000        0.0000000000000000        0.0000000000000000        0.0000000000000000        0.0000000000000000     
  0.91406249999990608        0.0000000000000000        0.0000000000000000       -4.6046491107735229E-004   0.0000000000000000        0.0000000000000000        176930816.00000000        0.0000000000000000        0.0000000000000000        1.5624999999999999E-009   9.9999999999817738E-008   1.5625000000028460E-002   149072156.54533157        2236082348213304.5        1009776391765.1718        0.0000000000000000        0.0000000000000000        0.0000000000000000        0.0000000000000000        0.0000000000000000        0.0000000000000000        0.0000000000000000     
  0.92968749999994138        0.0000000000000000        0.0000000000000000        4.2283621188688759E-004   0.0000000000000000        0.0000000000000000       -205488128.00000000        0.0000000000000000        0.0000000000000000        1.5624999999999999E-009   9.9999999999822013E-008   1.5625000000027818E-002   149072156.54533723        2236082348213291.5        1009776391765.1718        0.0000000000000000        0.0000000000000000        0.0000000000000000        0.0000000000000000        0.0000000000000000        0.0000000000000000        0.0000000000000000     
  0.94531249999996170        0.0000000000000000        0.0000000000000000       -3.8793026989490052E-004   0.0000000000000000        0.0000000000000000        208928768.00000015        0.0000000000000000        0.0000000000000000        1.5624999999999999E-009   9.9999999999820213E-008   1.5625000000028092E-002   149072156.54533395        2236082348213283.2        1009776391765.1718        0.0000000000000000        0.0000000000000000        0.0000000000000000        0.0000000000000000        0.0000000000000000        0.0000000000000000        0.0000000000000000     
  0.96093749999999756        0.0000000000000000        0.0000000000000000        3.7081946572157344E-004   0.0000000000000000        0.0000000000000000       -188628991.99999908        0.0000000000000000        0.0000000000000000        1.5624999999999999E-009   9.9999999999815607E-008   1.5625000000028796E-002   149072156.54532006        2236082348213179.5        1009776391765.1718        0.0000000000000000        0.0000000000000000        0.0000000000000000        0.0000000000000000        0.0000000000000000        0.0000000000000000        0.0000000000000000     
  0.97656250000001932        0.0000000000000000        0.0000000000000000       -4.5393909386197667E-004   0.0000000000000000        0.0000000000000000        145735680.00000000        0.0000000000000000        0.0000000000000000        1.5624999999999999E-009   9.9999999999826976E-008   1.5625000000027051E-002   149072156.54534820        2236082348213344.2        1009776391765.1718        0.0000000000000000        0.0000000000000000        0.0000000000000000        0.0000000000000000        0.0000000000000000        0.0000000000000000        0.0000000000000000     
  0.99218750000005163        0.0000000000000000        0.0000000000000000        5.0284848966644711E-004   0.0000000000000000        0.0000000000000000       -91734015.999993339        0.0000000000000000        0.0000000000000000        1.5624999999999999E-009   9.9999999999814548E-008   1.5625000000028956E-002   149072156.54531446        2236082348213120.2        1009776391765.1718        0.0000000000000000        0.0000000000000000        0.0000000000000000        0.0000000000000000        0.0000000000000000        0.0000000000000000        0.0000000000000000     
   1.0078125000000773        0.0000000000000000        0.0000000000000000        0.0000000000000000        0.0000000000000000        0.0000000000000000        0.0000000000000000        0.0000000000000000        0.0000000000000000        0.0000000000000000        0.0000000000000000        0.0000000000000000        0.0000000000000000        0.0000000000000000        0.0000000000000000        0.0000000000000000        0.0000000000000000        0.0000000000000000        0.0000000000000000        0.0000000000000000        0.0000000000000000        0.0000000000000000     
   1.0234375000001050        0.0000000000000000        0.0000000000000000        0.0000000000000000        0.0000000000000000        0.0000000000000000        0.0000000000000000        0.0000000000000000        0.0000000000000000        0.0000000000000000        0.0000000000000000        0.0000000000000000        0.0000000000000000        0.0000000000000000        0.0000000000000000        0.0000000000000000        0.0000000000000000        0.0000000000000000        0.0000000000000000        0.0000000000000000        0.0000000000000000        0.0000000000000000     
   1.0390625000001337        0.0000000000000000        0.0000000000000000        0.0000000000000000        0.0000000000000000        0.0000000000000000        0.0000000000000000        0.0000000000000000        0.0000000000000000        0.0000000000000000        0.0000000000000000        0.0000000000000000        0.0000000000000000        0.0000000000000000        0.0000000000000000        0.0000000000000000        0.0000000000000000        0.0000000000000000        0.0000000000000000        0.0000000000000000        0.0000000000000000        0.0000000000000000     
  -1.0390625000000024        0.0000000000000000        0.0000000000000000        0.0000000000000000        0.0000000000000000        0.0000000000000000        0.0000000000000000        0.0000000000000000        0.0000000000000000        0.0000000000000000        0.0000000000000000        0.0000000000000000        0.0000000000000000        0.0000000000000000        0.0000000000000000        0.0000000000000000        0.0000000000000000        0.0000000000000000        0.0000000000000000        0.0000000000000000        0.0000000000000000        0.0000000000000000     
  -1.0234374999999807        0.0000000000000000        0.0000000000000000        0.0000000000000000        0.0000000000000000        0.0000000000000000        0.0000000000000000        0.0000000000000000        0.0000000000000000        0.0000000000000000        0.0000000000000000        0.0000000000000000        0.0000000000000000        0.0000000000000000        0.0000000000000000        0.0000000000000000        0.0000000000000000        0.0000000000000000        0.0000000000000000        0.0000000000000000        0.0000000000000000        0.0000000000000000     
  -1.0078124999999485        0.0000000000000000        0.0000000000000000        0.0000000000000000        0.0000000000000000        0.0000000000000000        0.0000000000000000        0.0000000000000000        0.0000000000000000        0.0000000000000000        0.0000000000000000        0.0000000000000000        0.0000000000000000        0.0000000000000000        0.0000000000000000        0.0000000000000000        0.0000000000000000        0.0000000000000000        0.0000000000000000        0.0000000000000000        0.0000000000000000        0.0000000000000000     
