   7.9999999999999962E-008
 -0.99218750000000244        0.0000000000000000        0.0000000000000000        3.1745426088569025E-005   0.0000000000000000        0.0000000000000000        164298752.00000000        0.0000000000000000        0.0000000000000000        1.5624999999999999E-009   9.9999999999999625E-008   1.5625000000000056E-002   151812582.06991902        2277188731091388.0        1009772281126.8929        0.0000000000000000        0.0000000000000000        0.0000000000000000        0.0000000000000000        0.0000000000000000        0.0000000000000000        0.0000000000000000     
 -0.97656249999999634        0.0000000000000000        0.0000000000000000        9.8261822027103857E-005   0.0000000000000000        0.0000000000000000       -162578432.00000024        0.0000000000000000        0.0000000000000000        1.5624999999999999E-009   9.9999999999998923E-008   1.5625000000000163E-002   151812582.06991246        2277188731091305.5        1009772281126.8929        0.0000000000000000        0.0000000000000000        0.0000000000000000        0.0000000000000000        0.0000000000000000        0.0000000000000000        0.0000000000000000     
 -0.96093750000000211        0.0000000000000000        0.0000000000000000       -2.5479174173118351E-004   0.0000000000000000        0.0000000000000000        155353088.00000000        0.0000000000000000        0.0000000000000000        1.5624999999999999E-009   1.0000000000000140E-007   1.5624999999999790E-002   151812582.06991017        2277188731091214.5        1009772281126.8929        0.0000000000000000        0.0000000000000000        0.0000000000000000        0.0000000000000000        0.0000000000000000        0.0000000000000000        0.0000000000000000     
 -0.94531249999999678        0.0000000000000000        0.0000000000000000        3.9379046552247363E-004   0.0000000000000000        0.0000000000000000       -138313728.00000632        0.0000000000000000        0.0000000000000000        1.5624999999999999E-009   1.0000000000000034E-007   1.5624999999999938E-002   151812582.06990516        2277188731091165.0        1009772281126.8929        0.0000000000000000        0.0000000000000000        0.0000000000000000        0.0000000000000000        0.0000000000000000        0.0000000000000000        0.0000000000000000     
 -0.92968750000000222        0.0000000000000000        0.0000000000000000       -5.3200126526364443E-004   0.0000000000000000        0.0000000000000000        99926016.000000000        0.0000000000000000        0.0000000000000000        1.5624999999999999E-009   1.0000000000001242E-007   1.5624999999998076E-002   151812582.06994089        2277188731091423.0        1009772281126.8929        0.0000000000000000        0.0000000000000000        0.0000000000000000        0.0000000000000000        0.0000000000000000        0.0000000000000000        0.0000000000000000     
 -0.91406250000000067        0.0000000000000000        0.0000000000000000        5.8530867150206455E-004   0.0000000000000000        0.0000000000000000       -54804480.000000000        0.0000000000000000        0.0000000000000000        1.5624999999999999E-009   1.0000000000000211E-007   1.5624999999999651E-002   151812582.06991467        2277188731091267.5        1009772281126.8929        0.0000000000000000        0.0000000000000000        0.0000000000000000        0.0000000000000000        0.0000000000000000        0.0000000000000000        0.0000000000000000     
 -0.89843750000000289        0.0000000000000000        0.0000000000000000       -6.0347518466075199E-004   0.0000000000000000        0.0000000000000000        11517952.000000000        0.0000000000000000        0.0000000000000000        1.5624999999999999E-009   1.0000000000001171E-007   1.5624999999998187E-002   151812582.06993648        2277188731091373.5        1009772281126.8929        0.0000000000000000        0.0000000000000000        0.0000000000000000        0.0000000000000000        0.0000000000000000        0.0000000000000000        0.0000000000000000     
 -0.88281250000000433        0.0000000000000000        0.0000000000000000        6.8183609184079453E-004   0.0000000000000000        0.0000000000000000        30900224.000004899        0.0000000000000000        0.0000000000000000        1.5624999999999999E-009   1.0000000000000105E-007   1.5624999999999820E-002   151812582.06992155        2277188731091395.0        1009772281126.8929        0.0000000000000000        0.0000000000000000        0.0000000000000000        0.0000000000000000        0.0000000000000000        0.0000000000000000        0.0000000000000000     
 -0.86718750000000322        0.0000000000000000        0.0000000000000000       -5.6958849421521053E-004   0.0000000000000000        0.0000000000000000       -69582848.000000000        0.0000000000000000        0.0000000000000000        1.5624999999999999E-009   1.0000000000000959E-007   1.5624999999998513E-002   151812582.06994322        2277188731091523.0        1009772281126.8929        0.0000000000000000        0.0000000000000000        0.0000000000000000        0.0000000000000000        0.0000000000000000        0.0000000000000000        0.0000000000000000     
 -0.85156250000000733        0.0000000000000000        0.0000000000000000        4.1344114852726548E-004   0.0000000000000000        0.0000000000000000        99876864.000002906        0.0000000000000000        0.0000000000000000        1.5624999999999999E-009   1.0000000000000140E-007   1.5624999999999774E-002   151812582.06992134        2277188731091383.0        1009772281126.8929        0.0000000000000000        0.0000000000000000        0.0000000000000000        0.0000000000000000        0.0000000000000000        0.0000000000000000        0.0000000000000000     
 -0.83593750000000366        0.0000000000000000        0.0000000000000000       -3.5594649820042389E-004   0.0000000000000000        0.0000000000000000       -118243328.00000000        0.0000000000000000        0.0000000000000000        1.5624999999999999E-009   1.0000000000000389E-007   1.5624999999999400E-002   151812582.06991994        2277188731091304.5        1009772281126.8929        0.0000000000000000        0.0000000000000000        0.0000000000000000        0.0000000000000000        0.0000000000000000        0.0000000000000000        0.0000000000000000     
 -0.82031250000000855        0.0000000000000000        0.0000000000000000        2.0019907307772196E-004   0.0000000000000000        0.0000000000000000        133595135.99999955        0.0000000000000000        0.0000000000000000        1.5624999999999999E-009   9.9999999999999995E-008   1.5624999999999997E-002   151812582.06990823        2277188731091218.5        1009772281126.8929        0.0000000000000000        0.0000000000000000        0.0000000000000000        0.0000000000000000        0.0000000000000000        0.0000000000000000        0.0000000000000000     
 -0.80468750000000366        0.0000000000000000        0.0000000000000000       -9.5123028539872590E-005   0.0000000000000000        0.0000000000000000       -146276352.00000000        0.0000000000000000        0.0000000000000000        1.5624999999999999E-009   1.0000000000000319E-007   1.5624999999999504E-002   151812582.06991497        2277188731091246.0        1009772281126.8929        0.0000000000000000        0.0000000000000000        0.0000000000000000        0.0000000000000000        0.0000000000000000        0.0000000000000000        0.0000000000000000     
 -0.78906250000000955        0.0000000000000000        0.0000000000000000       -1.2826825669490791E-004   0.0000000000000000        0.0000000000000000        150568960.00000000        0.0000000000000000        0.0000000000000000        1.5624999999999999E-009   1.0000000000000177E-007   1.5624999999999724E-002   151812582.06991479        2277188731091275.5        1009772281126.8929        0.0000000000000000        0.0000000000000000        0.0000000000000000        0.0000000000000000        0.0000000000000000        0.0000000000000000        0.0000000000000000     
 -0.77343750000000422        0.0000000000000000        0.0000000000000000        2.6811651179049583E-004   0.0000000000000000        0.0000000000000000       -141656064.00000000        0.0000000000000000        0.0000000000000000        1.5624999999999999E-009   9.9999999999999268E-008   1.5625000000000108E-002   151812582.06990314        2277188731091158.5        1009772281126.8929        0.0000000000000000        0.0000000000000000        0.0000000000000000        0.0000000000000000        0.0000000000000000        0.0000000000000000        0.0000000000000000     
 -0.75781250000000933        0.0000000000000000        0.0000000000000000       -3.8982695064198751E-004   0.0000000000000000        0.0000000000000000        115998720.00000000        0.0000000000000000        0.0000000000000000        1.5624999999999999E-009   1.0000000000000496E-007   1.5624999999999238E-002   151812582.06993198        2277188731091459.5        1009772281126.8929        0.0000000000000000        0.0000000000000000        0.0000000000000000        0.0000000000000000        0.0000000000000000        0.0000000000000000        0.0000000000000000     
 -0.74218750000000577        0.0000000000000000        0.0000000000000000        5.4054624685922678E-004   0.0000000000000000        0.0000000000000000       -81969152.000000000        0.0000000000000000        0.0000000000000000        1.5624999999999999E-009   9.9999999999995019E-008   1.5625000000000763E-002   151812582.06990939        2277188731091350.0        1009772281126.8929        0.0000000000000000        0.0000000000000000        0.0000000000000000        0.0000000000000000        0.0000000000000000        0.0000000000000000        0.0000000000000000     
 -0.72656250000000777        0.0000000000000000        0.0000000000000000       -6.2744267969796401E-004   0.0000000000000000        0.0000000000000000        44449792.000000000        0.0000000000000000        0.0000000000000000        1.5624999999999999E-009   1.0000000000000176E-007   1.5624999999999740E-002   151812582.06991649        2277188731091300.0        1009772281126.8929        0.0000000000000000        0.0000000000000000        0.0000000000000000        0.0000000000000000        0.0000000000000000        0.0000000000000000        0.0000000000000000     
 -0.71093750000000633        0.0000000000000000        0.0000000000000000        5.8110268764454461E-004   0.0000000000000000        0.0000000000000000       -3817472.0000000000        0.0000000000000000        0.0000000000000000        1.5624999999999999E-009   9.9999999999990400E-008   1.5625000000001485E-002   151812582.06989130        2277188731091184.0        1009772281126.8929        0.0000000000000000        0.0000000000000000        0.0000000000000000        0.0000000000000000        0.0000000000000000        0.0000000000000000        0.0000000000000000     
 -0.69531250000000477        0.0000000000000000        0.0000000000000000       -5.8754583475763647E-004   0.0000000000000000        0.0000000000000000       -33718272.000000000        0.0000000000000000        0.0000000000000000        1.5624999999999999E-009   9.9999999999998566E-008   1.5625000000000236E-002   151812582.06990436        2277188731091191.5        1009772281126.8929        0.0000000000000000        0.0000000000000000        0.0000000000000000        0.0000000000000000        0.0000000000000000        0.0000000000000000        0.0000000000000000     
 -0.67968750000000588        0.0000000000000000        0.0000000000000000        5.5763303111278095E-004   0.0000000000000000        0.0000000000000000        62980095.999999084        0.0000000000000000        0.0000000000000000        1.5624999999999999E-009   9.9999999999991459E-008   1.5625000000001322E-002   151812582.06989262        2277188731091179.0        1009772281126.8929        0.0000000000000000        0.0000000000000000        0.0000000000000000        0.0000000000000000        0.0000000000000000        0.0000000000000000        0.0000000000000000     
 -0.66406250000000211        0.0000000000000000        0.0000000000000000       -5.1122892845005064E-004   0.0000000000000000        0.0000000000000000       -84033536.000000000        0.0000000000000000        0.0000000000000000        1.5624999999999999E-009   9.9999999999996078E-008   1.5625000000000618E-002   151812582.06989399        2277188731091093.0        1009772281126.8929        0.0000000000000000        0.0000000000000000        0.0000000000000000        0.0000000000000000        0.0000000000000000        0.0000000000000000        0.0000000000000000     
 -0.64843750000000466        0.0000000000000000        0.0000000000000000        4.0088007249857111E-004   0.0000000000000000        0.0000000000000000        102285312.00000000        0.0000000000000000        0.0000000000000000        1.5624999999999999E-009   9.9999999999992888E-008   1.5625000000001103E-002   151812582.06987965        2277188731090951.5        1009772281126.8929        0.0000000000000000        0.0000000000000000        0.0000000000000000        0.0000000000000000        0.0000000000000000        0.0000000000000000        0.0000000000000000     
 -0.63281249999999989        0.0000000000000000        0.0000000000000000       -3.0307917756071184E-004   0.0000000000000000        0.0000000000000000       -119521280.00000000        0.0000000000000000        0.0000000000000000        1.5624999999999999E-009   9.9999999999998222E-008   1.5625000000000284E-002   151812582.06990001        2277188731091134.5        1009772281126.8929        0.0000000000000000        0.0000000000000000        0.0000000000000000        0.0000000000000000        0.0000000000000000        0.0000000000000000        0.0000000000000000     
 -0.61718750000000411        0.0000000000000000        0.0000000000000000        2.4304262447877371E-004   0.0000000000000000        0.0000000000000000        133808128.00000019        0.0000000000000000        0.0000000000000000        1.5624999999999999E-009   9.9999999999996078E-008   1.5625000000000607E-002   151812582.06990731        2277188731091293.5        1009772281126.8929        0.0000000000000000        0.0000000000000000        0.0000000000000000        0.0000000000000000        0.0000000000000000        0.0000000000000000        0.0000000000000000     
 -0.60156249999999867        0.0000000000000000        0.0000000000000000       -1.2117671715447764E-004   0.0000000000000000        0.0000000000000000       -146112512.00000000        0.0000000000000000        0.0000000000000000        1.5624999999999999E-009   9.9999999999999281E-008   1.5625000000000114E-002   151812582.06992370        2277188731091465.5        1009772281126.8929        0.0000000000000000        0.0000000000000000        0.0000000000000000        0.0000000000000000        0.0000000000000000        0.0000000000000000        0.0000000000000000     
 -0.58593750000000389        0.0000000000000000        0.0000000000000000        1.4589118500065906E-005   0.0000000000000000        0.0000000000000000        156270592.00000036        0.0000000000000000        0.0000000000000000        1.5624999999999999E-009   9.9999999999996435E-008   1.5625000000000555E-002   151812582.06990156        2277188731091198.5        1009772281126.8929        0.0000000000000000        0.0000000000000000        0.0000000000000000        0.0000000000000000        0.0000000000000000        0.0000000000000000        0.0000000000000000     
 -0.57031249999999756        0.0000000000000000        0.0000000000000000        1.1225979133840428E-004   0.0000000000000000        0.0000000000000000       -156073984.00000000        0.0000000000000000        0.0000000000000000        1.5624999999999999E-009   9.9999999999996435E-008   1.5625000000000552E-002   151812582.06989330        2277188731091075.5        1009772281126.8929        0.0000000000000000        0.0000000000000000        0.0000000000000000        0.0000000000000000        0.0000000000000000        0.0000000000000000        0.0000000000000000     
 -0.55468750000000278        0.0000000000000000        0.0000000000000000       -2.2382198441416875E-004   0.0000000000000000        0.0000000000000000        142688256.00000000        0.0000000000000000        0.0000000000000000        1.5624999999999999E-009   9.9999999999999982E-008   1.5625000000000010E-002   151812582.06990841        2277188731091220.5        1009772281126.8929        0.0000000000000000        0.0000000000000000        0.0000000000000000        0.0000000000000000        0.0000000000000000        0.0000000000000000        0.0000000000000000     
 -0.53906249999999756        0.0000000000000000        0.0000000000000000        3.0965743559013386E-004   0.0000000000000000        0.0000000000000000       -126353407.99999887        0.0000000000000000        0.0000000000000000        1.5624999999999999E-009   9.9999999999994675E-008   1.5625000000000826E-002   151812582.06989807        2277188731091187.0        1009772281126.8929        0.0000000000000000        0.0000000000000000        0.0000000000000000        0.0000000000000000        0.0000000000000000        0.0000000000000000        0.0000000000000000     
 -0.52343750000000111        0.0000000000000000        0.0000000000000000       -3.5316902776755867E-004   0.0000000000000000        0.0000000000000000        116555776.00000000        0.0000000000000000        0.0000000000000000        1.5624999999999999E-009   9.9999999999996078E-008   1.5625000000000618E-002   151812582.06990677        2277188731091284.5        1009772281126.8929        0.0000000000000000        0.0000000000000000        0.0000000000000000        0.0000000000000000        0.0000000000000000        0.0000000000000000        0.0000000000000000     
 -0.50781249999999634        0.0000000000000000        0.0000000000000000        4.0570496557932364E-004   0.0000000000000000        0.0000000000000000       -109297664.00000000        0.0000000000000000        0.0000000000000000        1.5624999999999999E-009   9.9999999999995191E-008   1.5625000000000746E-002   151812582.06990209        2277188731091235.5        1009772281126.8929        0.0000000000000000        0.0000000000000000        0.0000000000000000        0.0000000000000000        0.0000000000000000        0.0000000000000000        0.0000000000000000     
 -0.49218749999999961        0.0000000000000000        0.0000000000000000       -3.8446682367711000E-004   0.0000000000000000        0.0000000000000000        98959360.000000000        0.0000000000000000        0.0000000000000000        1.5624999999999999E-009   9.9999999999998923E-008   1.5625000000000170E-002   151812582.06990883        2277188731091250.5        1009772281126.8929        0.0000000000000000        0.0000000000000000        0.0000000000000000        0.0000000000000000        0.0000000000000000        0.0000000000000000        0.0000000000000000     
 -0.47656249999999600        0.0000000000000000        0.0000000000000000        3.9221124681452699E-004   0.0000000000000000        0.0000000000000000       -86982655.999999940        0.0000000000000000        0.0000000000000000        1.5624999999999999E-009   9.9999999999997679E-008   1.5625000000000354E-002   151812582.06990880        2277188731091279.5        1009772281126.8929        0.0000000000000000        0.0000000000000000        0.0000000000000000        0.0000000000000000        0.0000000000000000        0.0000000000000000        0.0000000000000000     
 -0.46093749999999889        0.0000000000000000        0.0000000000000000       -3.1761811713760217E-004   0.0000000000000000        0.0000000000000000        66289664.000000000        0.0000000000000000        0.0000000000000000        1.5624999999999999E-009   1.0000000000000246E-007   1.5624999999999625E-002   151812582.06991431        2277188731091252.0        1009772281126.8929        0.0000000000000000        0.0000000000000000        0.0000000000000000        0.0000000000000000        0.0000000000000000        0.0000000000000000        0.0000000000000000     
 -0.44531249999999678        0.0000000000000000        0.0000000000000000        3.4979599907522009E-004   0.0000000000000000        0.0000000000000000       -35160063.999997012        0.0000000000000000        0.0000000000000000        1.5624999999999999E-009   9.9999999999994146E-008   1.5625000000000902E-002   151812582.06989542        2277188731091159.5        1009772281126.8929        0.0000000000000000        0.0000000000000000        0.0000000000000000        0.0000000000000000        0.0000000000000000        0.0000000000000000        0.0000000000000000     
 -0.42968749999999706        0.0000000000000000        0.0000000000000000       -3.0325281866193675E-004   0.0000000000000000        0.0000000000000000        2195456.0000000000        0.0000000000000000        0.0000000000000000        1.5624999999999999E-009   1.0000000000000141E-007   1.5624999999999792E-002   151812582.06991819        2277188731091334.0        1009772281126.8929        0.0000000000000000        0.0000000000000000        0.0000000000000000        0.0000000000000000        0.0000000000000000        0.0000000000000000        0.0000000000000000     
 -0.41406249999999722        0.0000000000000000        0.0000000000000000        2.5986716188469711E-004   0.0000000000000000        0.0000000000000000        28114943.999998767        0.0000000000000000        0.0000000000000000        1.5624999999999999E-009   9.9999999999993762E-008   1.5625000000000965E-002   151812582.06989598        2277188731091177.0        1009772281126.8929        0.0000000000000000        0.0000000000000000        0.0000000000000000        0.0000000000000000        0.0000000000000000        0.0000000000000000        0.0000000000000000     
 -0.39843749999999512        0.0000000000000000        0.0000000000000000       -2.2087674529424042E-004   0.0000000000000000        0.0000000000000000       -48414720.000000000        0.0000000000000000        0.0000000000000000        1.5624999999999999E-009   9.9999999999999096E-008   1.5625000000000142E-002   151812582.06991354        2277188731091317.5        1009772281126.8929        0.0000000000000000        0.0000000000000000        0.0000000000000000        0.0000000000000000        0.0000000000000000        0.0000000000000000        0.0000000000000000     
 -0.38281249999999695        0.0000000000000000        0.0000000000000000        2.0723738213199053E-004   0.0000000000000000        0.0000000000000000        58474496.000000000        0.0000000000000000        0.0000000000000000        1.5624999999999999E-009   9.9999999999998566E-008   1.5625000000000219E-002   151812582.06991300        2277188731091322.0        1009772281126.8929        0.0000000000000000        0.0000000000000000        0.0000000000000000        0.0000000000000000        0.0000000000000000        0.0000000000000000        0.0000000000000000     
 -0.36718749999999467        0.0000000000000000        0.0000000000000000       -1.0120781020980194E-004   0.0000000000000000        0.0000000000000000       -66387968.000000000        0.0000000000000000        0.0000000000000000        1.5624999999999999E-009   1.0000000000000121E-007   1.5624999999999813E-002   151812582.06991613        2277188731091308.0        1009772281126.8929        0.0000000000000000        0.0000000000000000        0.0000000000000000        0.0000000000000000        0.0000000000000000        0.0000000000000000        0.0000000000000000     
 -0.35156249999999734        0.0000000000000000        0.0000000000000000        1.2673754999964910E-004   0.0000000000000000        0.0000000000000000        71598080.000000089        0.0000000000000000        0.0000000000000000        1.5624999999999999E-009   9.9999999999999810E-008   1.5625000000000028E-002   151812582.06990781        2277188731091216.0        1009772281126.8929        0.0000000000000000        0.0000000000000000        0.0000000000000000        0.0000000000000000        0.0000000000000000        0.0000000000000000        0.0000000000000000     
 -0.33593749999999462        0.0000000000000000        0.0000000000000000       -1.5955293595982485E-005   0.0000000000000000        0.0000000000000000       -73302015.999999970        0.0000000000000000        0.0000000000000000        1.5624999999999999E-009   9.9999999999998923E-008   1.5625000000000167E-002   151812582.06990603        2277188731091209.0        1009772281126.8929        0.0000000000000000        0.0000000000000000        0.0000000000000000        0.0000000000000000        0.0000000000000000        0.0000000000000000        0.0000000000000000     
 -0.32031249999999700        0.0000000000000000        0.0000000000000000       -1.6315364887631441E-005   0.0000000000000000        0.0000000000000000        76447744.000000164        0.0000000000000000        0.0000000000000000        1.5624999999999999E-009   9.9999999999996978E-008   1.5625000000000472E-002   151812582.06990674        2277188731091264.0        1009772281126.8929        0.0000000000000000        0.0000000000000000        0.0000000000000000        0.0000000000000000        0.0000000000000000        0.0000000000000000        0.0000000000000000     
 -0.30468749999999367        0.0000000000000000        0.0000000000000000        6.8069116751924265E-005   0.0000000000000000        0.0000000000000000       -75186176.000000000        0.0000000000000000        0.0000000000000000        1.5624999999999999E-009   9.9999999999996621E-008   1.5625000000000524E-002   151812582.06990233        2277188731091206.0        1009772281126.8929        0.0000000000000000        0.0000000000000000        0.0000000000000000        0.0000000000000000        0.0000000000000000        0.0000000000000000        0.0000000000000000     
 -0.28906249999999595        0.0000000000000000        0.0000000000000000       -1.0195184685766377E-004   0.0000000000000000        0.0000000000000000        69779456.000000000        0.0000000000000000        0.0000000000000000        1.5624999999999999E-009   9.9999999999999281E-008   1.5625000000000114E-002   151812582.06991103        2277188731091275.5        1009772281126.8929        0.0000000000000000        0.0000000000000000        0.0000000000000000        0.0000000000000000        0.0000000000000000        0.0000000000000000        0.0000000000000000     
 -0.27343749999999345        0.0000000000000000        0.0000000000000000        1.1645405650572491E-004   0.0000000000000000        0.0000000000000000       -66191360.000000201        0.0000000000000000        0.0000000000000000        1.5624999999999999E-009   9.9999999999999982E-008   1.5625000000000003E-002   151812582.06991309        2277188731091291.0        1009772281126.8929        0.0000000000000000        0.0000000000000000        0.0000000000000000        0.0000000000000000        0.0000000000000000        0.0000000000000000        0.0000000000000000     
 -0.25781249999999595        0.0000000000000000        0.0000000000000000       -5.0925538834917540E-005   0.0000000000000000        0.0000000000000000        61128704.000000000        0.0000000000000000        0.0000000000000000        1.5624999999999999E-009   1.0000000000000210E-007   1.5624999999999674E-002   151812582.06991449        2277188731091263.5        1009772281126.8929        0.0000000000000000        0.0000000000000000        0.0000000000000000        0.0000000000000000        0.0000000000000000        0.0000000000000000        0.0000000000000000     
 -0.24218749999999412        0.0000000000000000        0.0000000000000000        4.2467668149977672E-005   0.0000000000000000        0.0000000000000000       -57819136.000000000        0.0000000000000000        0.0000000000000000        1.5624999999999999E-009   1.0000000000000096E-007   1.5624999999999849E-002   151812582.06991124        2277188731091241.0        1009772281126.8929        0.0000000000000000        0.0000000000000000        0.0000000000000000        0.0000000000000000        0.0000000000000000        0.0000000000000000        0.0000000000000000     
 -0.22656249999999625        0.0000000000000000        0.0000000000000000        7.1014865352974480E-005   0.0000000000000000        0.0000000000000000        56508416.000000119        0.0000000000000000        0.0000000000000000        1.5624999999999999E-009   9.9999999999999281E-008   1.5625000000000111E-002   151812582.06991121        2277188731091279.0        1009772281126.8929        0.0000000000000000        0.0000000000000000        0.0000000000000000        0.0000000000000000        0.0000000000000000        0.0000000000000000        0.0000000000000000     
 -0.21093749999999389        0.0000000000000000        0.0000000000000000       -1.0095774487816464E-004   0.0000000000000000        0.0000000000000000       -50757632.000000015        0.0000000000000000        0.0000000000000000        1.5624999999999999E-009   9.9999999999996078E-008   1.5625000000000607E-002   151812582.06990451        2277188731091251.0        1009772281126.8929        0.0000000000000000        0.0000000000000000        0.0000000000000000        0.0000000000000000        0.0000000000000000        0.0000000000000000        0.0000000000000000     
 -0.19531249999999503        0.0000000000000000        0.0000000000000000        1.2191554840826314E-004   0.0000000000000000        0.0000000000000000        45973504.000000000        0.0000000000000000        0.0000000000000000        1.5624999999999999E-009   9.9999999999996700E-008   1.5625000000000517E-002   151812582.06990480        2277188731091241.5        1009772281126.8929        0.0000000000000000        0.0000000000000000        0.0000000000000000        0.0000000000000000        0.0000000000000000        0.0000000000000000        0.0000000000000000     
 -0.17968749999999287        0.0000000000000000        0.0000000000000000       -1.1622223701855558E-004   0.0000000000000000        0.0000000000000000       -40599552.000000000        0.0000000000000000        0.0000000000000000        1.5624999999999999E-009   9.9999999999996793E-008   1.5625000000000496E-002   151812582.06990635        2277188731091262.5        1009772281126.8929        0.0000000000000000        0.0000000000000000        0.0000000000000000        0.0000000000000000        0.0000000000000000        0.0000000000000000        0.0000000000000000     
 -0.16406249999999403        0.0000000000000000        0.0000000000000000        1.2288776078379153E-004   0.0000000000000000        0.0000000000000000        32276480.000000000        0.0000000000000000        0.0000000000000000        1.5624999999999999E-009   1.0000000000000132E-007   1.5624999999999797E-002   151812582.06991217        2277188731091246.0        1009772281126.8929        0.0000000000000000        0.0000000000000000        0.0000000000000000        0.0000000000000000        0.0000000000000000        0.0000000000000000        0.0000000000000000     
 -0.14843749999999328        0.0000000000000000        0.0000000000000000       -5.4234834693411424E-005   0.0000000000000000        0.0000000000000000       -30162944.000000000        0.0000000000000000        0.0000000000000000        1.5624999999999999E-009   1.0000000000000248E-007   1.5624999999999611E-002   151812582.06991693        2277188731091291.5        1009772281126.8929        0.0000000000000000        0.0000000000000000        0.0000000000000000        0.0000000000000000        0.0000000000000000        0.0000000000000000        0.0000000000000000     
 -0.13281249999999481        0.0000000000000000        0.0000000000000000        7.3551974657203918E-005   0.0000000000000000        0.0000000000000000        29753344.000000000        0.0000000000000000        0.0000000000000000        1.5624999999999999E-009   1.0000000000000222E-007   1.5624999999999655E-002   151812582.06991929        2277188731091333.0        1009772281126.8929        0.0000000000000000        0.0000000000000000        0.0000000000000000        0.0000000000000000        0.0000000000000000        0.0000000000000000        0.0000000000000000     
 -0.11718749999999398        0.0000000000000000        0.0000000000000000       -6.5499921159632490E-005   0.0000000000000000        0.0000000000000000       -25362432.000000000        0.0000000000000000        0.0000000000000000        1.5624999999999999E-009   1.0000000000000007E-007   1.5624999999999984E-002   151812582.06991100        2277188731091257.5        1009772281126.8929        0.0000000000000000        0.0000000000000000        0.0000000000000000        0.0000000000000000        0.0000000000000000        0.0000000000000000        0.0000000000000000     
 -0.10156249999999484        0.0000000000000000        0.0000000000000000        2.6300797316504990E-005   0.0000000000000000        0.0000000000000000        22708224.000000000        0.0000000000000000        0.0000000000000000        1.5624999999999999E-009   1.0000000000000017E-007   1.5624999999999977E-002   151812582.06991079        2277188731091252.5        1009772281126.8929        0.0000000000000000        0.0000000000000000        0.0000000000000000        0.0000000000000000        0.0000000000000000        0.0000000000000000        0.0000000000000000     
  -8.5937499999994033E-002   0.0000000000000000        0.0000000000000000       -2.6434967933696202E-005   0.0000000000000000        0.0000000000000000       -18137087.999999996        0.0000000000000000        0.0000000000000000        1.5624999999999999E-009   9.9999999999999903E-008   1.5625000000000010E-002   151812582.06991318        2277188731091294.0        1009772281126.8929        0.0000000000000000        0.0000000000000000        0.0000000000000000        0.0000000000000000        0.0000000000000000        0.0000000000000000        0.0000000000000000     
  -7.0312499999994810E-002   0.0000000000000000        0.0000000000000000        3.7977984566983557E-005   0.0000000000000000        0.0000000000000000        13156352.000000000        0.0000000000000000        0.0000000000000000        1.5624999999999999E-009   1.0000000000000353E-007   1.5624999999999452E-002   151812582.06992081        2277188731091326.0        1009772281126.8929        0.0000000000000000        0.0000000000000000        0.0000000000000000        0.0000000000000000        0.0000000000000000        0.0000000000000000        0.0000000000000000     
  -5.4687499999995143E-002   0.0000000000000000        0.0000000000000000        5.7962252753428157E-005   0.0000000000000000        0.0000000000000000       -13860864.000000000        0.0000000000000000        0.0000000000000000        1.5624999999999999E-009   1.0000000000000637E-007   1.5624999999999006E-002   151812582.06992605        2277188731091340.0        1009772281126.8929        0.0000000000000000        0.0000000000000000        0.0000000000000000        0.0000000000000000        0.0000000000000000        0.0000000000000000        0.0000000000000000     
  -3.9062499999996808E-002   0.0000000000000000        0.0000000000000000       -3.4466538605739102E-005   0.0000000000000000        0.0000000000000000        9797632.0000000000        0.0000000000000000        0.0000000000000000        1.5624999999999999E-009   1.0000000000000791E-007   1.5624999999998768E-002   151812582.06993252        2277188731091401.5        1009772281126.8929        0.0000000000000000        0.0000000000000000        0.0000000000000000        0.0000000000000000        0.0000000000000000        0.0000000000000000        0.0000000000000000     
  -2.3437499999997620E-002   0.0000000000000000        0.0000000000000000        3.2024414253097364E-005   0.0000000000000000        0.0000000000000000        1589248.0000003667        0.0000000000000000        0.0000000000000000        1.5624999999999999E-009   1.0000000000000440E-007   1.5624999999999310E-002   151812582.06992173        2277188731091320.5        1009772281126.8929        0.0000000000000000        0.0000000000000000        0.0000000000000000        0.0000000000000000        0.0000000000000000        0.0000000000000000        0.0000000000000000     
  -7.8124999999981846E-003   0.0000000000000000        0.0000000000000000       -4.7641643998627883E-005   0.0000000000000000        0.0000000000000000       -11288576.000000000        0.0000000000000000        0.0000000000000000        1.5624999999999999E-009   1.0000000000000636E-007   1.5624999999999009E-002   151812582.06992707        2277188731091355.0        1009772281126.8929        0.0000000000000000        0.0000000000000000        0.0000000000000000        0.0000000000000000        0.0000000000000000        0.0000000000000000        0.0000000000000000     
   7.8125000000003851E-003   0.0000000000000000        0.0000000000000000        4.2119303991907325E-007   0.0000000000000000        0.0000000000000000        16433152.000000000        0.0000000000000000        0.0000000000000000        1.5624999999999999E-009   1.0000000000000492E-007   1.5624999999999230E-002   151812582.06992462        2277188731091351.5        1009772281126.8929        0.0000000000000000        0.0000000000000000        0.0000000000000000        0.0000000000000000        0.0000000000000000        0.0000000000000000        0.0000000000000000     
   2.3437500000000271E-002   0.0000000000000000        0.0000000000000000        3.3559900685109064E-005   0.0000000000000000        0.0000000000000000       -17711104.000000000        0.0000000000000000        0.0000000000000000        1.5624999999999999E-009   1.0000000000000477E-007   1.5624999999999256E-002   151812582.06992498        2277188731091360.0        1009772281126.8929        0.0000000000000000        0.0000000000000000        0.0000000000000000        0.0000000000000000        0.0000000000000000        0.0000000000000000        0.0000000000000000     
   3.9062499999998890E-002   0.0000000000000000        0.0000000000000000       -1.1160792723712189E-005   0.0000000000000000        0.0000000000000000        17448960.000000000        0.0000000000000000        0.0000000000000000        1.5624999999999999E-009   1.0000000000000481E-007   1.5624999999999249E-002   151812582.06992376        2277188731091341.0        1009772281126.8929        0.0000000000000000        0.0000000000000000        0.0000000000000000        0.0000000000000000        0.0000000000000000        0.0000000000000000        0.0000000000000000     
   5.4687499999998758E-002   0.0000000000000000        0.0000000000000000        3.9854989723743846E-005   0.0000000000000000        0.0000000000000000       -16941056.000000000        0.0000000000000000        0.0000000000000000        1.5624999999999999E-009   1.0000000000000487E-007   1.5624999999999240E-002   151812582.06992251        2277188731091321.0        1009772281126.8929        0.0000000000000000        0.0000000000000000        0.0000000000000000        0.0000000000000000        0.0000000000000000        0.0000000000000000        0.0000000000000000     
   7.0312499999997363E-002   0.0000000000000000        0.0000000000000000       -6.2311064558243890E-005   0.0000000000000000        0.0000000000000000        13221888.000000000        0.0000000000000000        0.0000000000000000        1.5624999999999999E-009   1.0000000000000546E-007   1.5624999999999150E-002   151812582.06992480        2277188731091342.0        1009772281126.8929        0.0000000000000000        0.0000000000000000        0.0000000000000000        0.0000000000000000        0.0000000000000000        0.0000000000000000        0.0000000000000000     
   8.5937499999997044E-002   0.0000000000000000        0.0000000000000000        4.4969936245040272E-005   0.0000000000000000        0.0000000000000000       -9502719.9999997765        0.0000000000000000        0.0000000000000000        1.5624999999999999E-009   1.0000000000000321E-007   1.5624999999999499E-002   151812582.06992087        2277188731091334.0        1009772281126.8929        0.0000000000000000        0.0000000000000000        0.0000000000000000        0.0000000000000000        0.0000000000000000        0.0000000000000000        0.0000000000000000     
  0.10156249999999635        0.0000000000000000        0.0000000000000000       -5.2396690439327786E-005   0.0000000000000000        0.0000000000000000        12550143.999999845        0.0000000000000000        0.0000000000000000        1.5624999999999999E-009   1.0000000000000162E-007   1.5624999999999747E-002   151812582.06991702        2277188731091312.5        1009772281126.8929        0.0000000000000000        0.0000000000000000        0.0000000000000000        0.0000000000000000        0.0000000000000000        0.0000000000000000        0.0000000000000000     
  0.11718749999999653        0.0000000000000000        0.0000000000000000        2.9572479858937241E-005   0.0000000000000000        0.0000000000000000       -19267584.000000000        0.0000000000000000        0.0000000000000000        1.5624999999999999E-009   1.0000000000000348E-007   1.5624999999999461E-002   151812582.06992015        2277188731091317.5        1009772281126.8929        0.0000000000000000        0.0000000000000000        0.0000000000000000        0.0000000000000000        0.0000000000000000        0.0000000000000000        0.0000000000000000     
  0.13281249999999525        0.0000000000000000        0.0000000000000000       -7.3045271264454790E-005   0.0000000000000000        0.0000000000000000        21774336.000000000        0.0000000000000000        0.0000000000000000        1.5624999999999999E-009   1.0000000000000256E-007   1.5624999999999599E-002   151812582.06991777        2277188731091302.5        1009772281126.8929        0.0000000000000000        0.0000000000000000        0.0000000000000000        0.0000000000000000        0.0000000000000000        0.0000000000000000        0.0000000000000000     
  0.14843749999999573        0.0000000000000000        0.0000000000000000        7.5279908804679375E-005   0.0000000000000000        0.0000000000000000       -21020672.000000000        0.0000000000000000        0.0000000000000000        1.5624999999999999E-009   1.0000000000000113E-007   1.5624999999999825E-002   151812582.06991440        2277188731091284.5        1009772281126.8929        0.0000000000000000        0.0000000000000000        0.0000000000000000        0.0000000000000000        0.0000000000000000        0.0000000000000000        0.0000000000000000     
  0.16406249999999489        0.0000000000000000        0.0000000000000000       -9.7567577835245143E-005   0.0000000000000000        0.0000000000000000        21643264.000000048        0.0000000000000000        0.0000000000000000        1.5624999999999999E-009   1.0000000000000007E-007   1.5624999999999988E-002   151812582.06991211        2277188731091274.0        1009772281126.8929        0.0000000000000000        0.0000000000000000        0.0000000000000000        0.0000000000000000        0.0000000000000000        0.0000000000000000        0.0000000000000000     
  0.17968749999999570        0.0000000000000000        0.0000000000000000        7.9340463437519747E-005   0.0000000000000000        0.0000000000000000       -23805952.000000000        0.0000000000000000        0.0000000000000000        1.5624999999999999E-009   9.9999999999999969E-008   1.5625000000000003E-002   151812582.06991223        2277188731091278.5        1009772281126.8929        0.0000000000000000        0.0000000000000000        0.0000000000000000        0.0000000000000000        0.0000000000000000        0.0000000000000000        0.0000000000000000     
  0.19531249999999489        0.0000000000000000        0.0000000000000000       -1.2131079721225833E-004   0.0000000000000000        0.0000000000000000        26132480.000000052        0.0000000000000000        0.0000000000000000        1.5624999999999999E-009   9.9999999999998910E-008   1.5625000000000170E-002   151812582.06990850        2277188731091246.5        1009772281126.8929        0.0000000000000000        0.0000000000000000        0.0000000000000000        0.0000000000000000        0.0000000000000000        0.0000000000000000        0.0000000000000000     
  0.21093749999999603        0.0000000000000000        0.0000000000000000        8.4440172961070242E-005   0.0000000000000000        0.0000000000000000       -28246016.000000000        0.0000000000000000        0.0000000000000000        1.5624999999999999E-009   9.9999999999999016E-008   1.5625000000000153E-002   151812582.06991020        2277188731091269.5        1009772281126.8929        0.0000000000000000        0.0000000000000000        0.0000000000000000        0.0000000000000000        0.0000000000000000        0.0000000000000000        0.0000000000000000     
  0.22656249999999520        0.0000000000000000        0.0000000000000000       -2.9689025367164061E-005   0.0000000000000000        0.0000000000000000        31096832.000000037        0.0000000000000000        0.0000000000000000        1.5624999999999999E-009   9.9999999999998116E-008   1.5625000000000295E-002   151812582.06990984        2277188731091284.5        1009772281126.8929        0.0000000000000000        0.0000000000000000        0.0000000000000000        0.0000000000000000        0.0000000000000000        0.0000000000000000        0.0000000000000000     
  0.24218749999999661        0.0000000000000000        0.0000000000000000       -1.0500721596887324E-004   0.0000000000000000        0.0000000000000000       -31965184.000000123        0.0000000000000000        0.0000000000000000        1.5624999999999999E-009   9.9999999999999029E-008   1.5625000000000153E-002   151812582.06990144        2277188731091138.0        1009772281126.8929        0.0000000000000000        0.0000000000000000        0.0000000000000000        0.0000000000000000        0.0000000000000000        0.0000000000000000        0.0000000000000000     
  0.25781249999999550        0.0000000000000000        0.0000000000000000        2.0854638676044571E-004   0.0000000000000000        0.0000000000000000        27344896.000000000        0.0000000000000000        0.0000000000000000        1.5624999999999999E-009   1.0000000000000068E-007   1.5624999999999894E-002   151812582.06991598        2277188731091318.5        1009772281126.8929        0.0000000000000000        0.0000000000000000        0.0000000000000000        0.0000000000000000        0.0000000000000000        0.0000000000000000        0.0000000000000000     
  0.27343749999999639        0.0000000000000000        0.0000000000000000       -3.1814203709103087E-004   0.0000000000000000        0.0000000000000000       -22069248.000000000        0.0000000000000000        0.0000000000000000        1.5624999999999999E-009   9.9999999999999625E-008   1.5625000000000056E-002   151812582.06992200        2277188731091432.5        1009772281126.8929        0.0000000000000000        0.0000000000000000        0.0000000000000000        0.0000000000000000        0.0000000000000000        0.0000000000000000        0.0000000000000000     
  0.28906249999999561        0.0000000000000000        0.0000000000000000        3.3785470420825059E-004   0.0000000000000000        0.0000000000000000        13729792.000000000        0.0000000000000000        0.0000000000000000        1.5624999999999999E-009   1.0000000000000071E-007   1.5624999999999892E-002   151812582.06990719        2277188731091185.5        1009772281126.8929        0.0000000000000000        0.0000000000000000        0.0000000000000000        0.0000000000000000        0.0000000000000000        0.0000000000000000        0.0000000000000000     
  0.30468749999999617        0.0000000000000000        0.0000000000000000       -4.1775262816597873E-004   0.0000000000000000        0.0000000000000000       -2965504.0000000056        0.0000000000000000        0.0000000000000000        1.5624999999999999E-009   9.9999999999996449E-008   1.5625000000000552E-002   151812582.06989816        2277188731091147.5        1009772281126.8929        0.0000000000000000        0.0000000000000000        0.0000000000000000        0.0000000000000000        0.0000000000000000        0.0000000000000000        0.0000000000000000     
  0.32031249999999672        0.0000000000000000        0.0000000000000000        4.3050680374118286E-004   0.0000000000000000        0.0000000000000000        49152.000000000000        0.0000000000000000        0.0000000000000000        1.5624999999999999E-009   9.9999999999996793E-008   1.5625000000000500E-002   151812582.06989816        2277188731091139.5        1009772281126.8929        0.0000000000000000        0.0000000000000000        0.0000000000000000        0.0000000000000000        0.0000000000000000        0.0000000000000000        0.0000000000000000     
  0.33593749999999717        0.0000000000000000        0.0000000000000000       -4.6948280925681522E-004   0.0000000000000000        0.0000000000000000       -5996544.0000000000        0.0000000000000000        0.0000000000000000        1.5624999999999999E-009   9.9999999999999281E-008   1.5625000000000114E-002   151812582.06991360        2277188731091314.0        1009772281126.8929        0.0000000000000000        0.0000000000000000        0.0000000000000000        0.0000000000000000        0.0000000000000000        0.0000000000000000        0.0000000000000000     
  0.35156249999999695        0.0000000000000000        0.0000000000000000        4.0991148888133786E-004   0.0000000000000000        0.0000000000000000        17448960.000000000        0.0000000000000000        0.0000000000000000        1.5624999999999999E-009   9.9999999999998394E-008   1.5625000000000246E-002   151812582.06992078        2277188731091443.0        1009772281126.8929        0.0000000000000000        0.0000000000000000        0.0000000000000000        0.0000000000000000        0.0000000000000000        0.0000000000000000        0.0000000000000000     
  0.36718749999999767        0.0000000000000000        0.0000000000000000       -3.8231626417231678E-004   0.0000000000000000        0.0000000000000000       -34701312.000000000        0.0000000000000000        0.0000000000000000        1.5624999999999999E-009   1.0000000000000460E-007   1.5624999999999285E-002   151812582.06992075        2277188731091300.0        1009772281126.8929        0.0000000000000000        0.0000000000000000        0.0000000000000000        0.0000000000000000        0.0000000000000000        0.0000000000000000        0.0000000000000000     
  0.38281249999999550        0.0000000000000000        0.0000000000000000        2.5979945536169595E-004   0.0000000000000000        0.0000000000000000        49840128.000000000        0.0000000000000000        0.0000000000000000        1.5624999999999999E-009   1.0000000000000194E-007   1.5624999999999693E-002   151812582.06991342        2277188731091252.0        1009772281126.8929        0.0000000000000000        0.0000000000000000        0.0000000000000000        0.0000000000000000        0.0000000000000000        0.0000000000000000        0.0000000000000000     
  0.39843749999999706        0.0000000000000000        0.0000000000000000       -1.6183871409486956E-004   0.0000000000000000        0.0000000000000000       -59654144.000000000        0.0000000000000000        0.0000000000000000        1.5624999999999999E-009   1.0000000000000389E-007   1.5624999999999396E-002   151812582.06992540        2277188731091386.0        1009772281126.8929        0.0000000000000000        0.0000000000000000        0.0000000000000000        0.0000000000000000        0.0000000000000000        0.0000000000000000        0.0000000000000000     
  0.41406249999999428        0.0000000000000000        0.0000000000000000        5.1235865023835059E-005   0.0000000000000000        0.0000000000000000        70565888.000000268        0.0000000000000000        0.0000000000000000        1.5624999999999999E-009   1.0000000000000140E-007   1.5624999999999778E-002   151812582.06991443        2277188731091279.5        1009772281126.8929        0.0000000000000000        0.0000000000000000        0.0000000000000000        0.0000000000000000        0.0000000000000000        0.0000000000000000        0.0000000000000000     
  0.42968749999999661        0.0000000000000000        0.0000000000000000       -1.8713130438698805E-005   0.0000000000000000        0.0000000000000000       -79773696.000000000        0.0000000000000000        0.0000000000000000        1.5624999999999999E-009   1.0000000000000406E-007   1.5624999999999369E-002   151812582.06991935        2277188731091292.0        1009772281126.8929        0.0000000000000000        0.0000000000000000        0.0000000000000000        0.0000000000000000        0.0000000000000000        0.0000000000000000        0.0000000000000000     
  0.44531249999999301        0.0000000000000000        0.0000000000000000       -1.2813407682388546E-004   0.0000000000000000        0.0000000000000000        82198528.000000015        0.0000000000000000        0.0000000000000000        1.5624999999999999E-009   1.0000000000000354E-007   1.5624999999999452E-002   151812582.06992167        2277188731091338.5        1009772281126.8929        0.0000000000000000        0.0000000000000000        0.0000000000000000        0.0000000000000000        0.0000000000000000        0.0000000000000000        0.0000000000000000     
  0.46093749999999550        0.0000000000000000        0.0000000000000000        1.8750346509428551E-004   0.0000000000000000        0.0000000000000000       -78807039.999999881        0.0000000000000000        0.0000000000000000        1.5624999999999999E-009   1.0000000000000193E-007   1.5624999999999696E-002   151812582.06991795        2277188731091320.0        1009772281126.8929        0.0000000000000000        0.0000000000000000        0.0000000000000000        0.0000000000000000        0.0000000000000000        0.0000000000000000        0.0000000000000000     
  0.47656249999999239        0.0000000000000000        0.0000000000000000       -3.2630905429074193E-004   0.0000000000000000        0.0000000000000000        66732032.000000000        0.0000000000000000        0.0000000000000000        1.5624999999999999E-009   1.0000000000000301E-007   1.5624999999999535E-002   151812582.06991869        2277188731091305.0        1009772281126.8929        0.0000000000000000        0.0000000000000000        0.0000000000000000        0.0000000000000000        0.0000000000000000        0.0000000000000000        0.0000000000000000     
  0.49218749999999456        0.0000000000000000        0.0000000000000000        4.1776300136604197E-004   0.0000000000000000        0.0000000000000000       -43433983.999997586        0.0000000000000000        0.0000000000000000        1.5624999999999999E-009   9.9999999999995535E-008   1.5625000000000687E-002   151812582.06990051        2277188731091204.5        1009772281126.8929        0.0000000000000000        0.0000000000000000        0.0000000000000000        0.0000000000000000        0.0000000000000000        0.0000000000000000        0.0000000000000000     
  0.50781249999999378        0.0000000000000000        0.0000000000000000       -4.7313299633188030E-004   0.0000000000000000        0.0000000000000000        20840448.000000000        0.0000000000000000        0.0000000000000000        1.5624999999999999E-009   1.0000000000000176E-007   1.5624999999999733E-002   151812582.06991455        2277188731091272.0        1009772281126.8929        0.0000000000000000        0.0000000000000000        0.0000000000000000        0.0000000000000000        0.0000000000000000        0.0000000000000000        0.0000000000000000     
  0.52343749999999400        0.0000000000000000        0.0000000000000000        5.0423020128604267E-004   0.0000000000000000        0.0000000000000000       -15155200.000000000        0.0000000000000000        0.0000000000000000        1.5624999999999999E-009   1.0000000000000070E-007   1.5624999999999894E-002   151812582.06990430        2277188731091142.5        1009772281126.8929        0.0000000000000000        0.0000000000000000        0.0000000000000000        0.0000000000000000        0.0000000000000000        0.0000000000000000        0.0000000000000000     
  0.53906249999999356        0.0000000000000000        0.0000000000000000       -5.4958550304867845E-004   0.0000000000000000        0.0000000000000000        26607616.000000000        0.0000000000000000        0.0000000000000000        1.5624999999999999E-009   9.9999999999997865E-008   1.5625000000000326E-002   151812582.06990165        2277188731091168.0        1009772281126.8929        0.0000000000000000        0.0000000000000000        0.0000000000000000        0.0000000000000000        0.0000000000000000        0.0000000000000000        0.0000000000000000     
  0.55468749999999467        0.0000000000000000        0.0000000000000000        5.6280884101273714E-004   0.0000000000000000        0.0000000000000000       -54362112.000000000        0.0000000000000000        0.0000000000000000        1.5624999999999999E-009   1.0000000000000387E-007   1.5624999999999408E-002   151812582.06993201        2277188731091485.0        1009772281126.8929        0.0000000000000000        0.0000000000000000        0.0000000000000000        0.0000000000000000        0.0000000000000000        0.0000000000000000        0.0000000000000000     
  0.57031249999999234        0.0000000000000000        0.0000000000000000       -5.8303702922101765E-004   0.0000000000000000        0.0000000000000000        88866816.000004888        0.0000000000000000        0.0000000000000000        1.5624999999999999E-009   9.9999999999993246E-008   1.5625000000001044E-002   151812582.06990638        2277188731091344.5        1009772281126.8929        0.0000000000000000        0.0000000000000000        0.0000000000000000        0.0000000000000000        0.0000000000000000        0.0000000000000000        0.0000000000000000     
  0.58593749999999678        0.0000000000000000        0.0000000000000000        5.0514956398361001E-004   0.0000000000000000        0.0000000000000000       -116408320.00000000        0.0000000000000000        0.0000000000000000        1.5624999999999999E-009   9.9999999999997865E-008   1.5625000000000343E-002   151812582.06989643        2277188731091088.0        1009772281126.8929        0.0000000000000000        0.0000000000000000        0.0000000000000000        0.0000000000000000        0.0000000000000000        0.0000000000000000        0.0000000000000000     
  0.60156249999999301        0.0000000000000000        0.0000000000000000       -4.2208862806021011E-004   0.0000000000000000        0.0000000000000000        131743744.00000156        0.0000000000000000        0.0000000000000000        1.5624999999999999E-009   9.9999999999991816E-008   1.5625000000001273E-002   151812582.06988898        2277188731091116.0        1009772281126.8929        0.0000000000000000        0.0000000000000000        0.0000000000000000        0.0000000000000000        0.0000000000000000        0.0000000000000000        0.0000000000000000     
  0.61718749999999933        0.0000000000000000        0.0000000000000000        3.0628749550042561E-004   0.0000000000000000        0.0000000000000000       -129466367.99999973        0.0000000000000000        0.0000000000000000        1.5624999999999999E-009   9.9999999999989328E-008   1.5625000000001665E-002   151812582.06989533        2277188731091267.0        1009772281126.8929        0.0000000000000000        0.0000000000000000        0.0000000000000000        0.0000000000000000        0.0000000000000000        0.0000000000000000        0.0000000000000000     
  0.63281249999999634        0.0000000000000000        0.0000000000000000       -1.6592573801083445E-004   0.0000000000000000        0.0000000000000000        124092415.99999973        0.0000000000000000        0.0000000000000000        1.5624999999999999E-009   9.9999999999991816E-008   1.5625000000001277E-002   151812582.06989416        2277188731091193.0        1009772281126.8929        0.0000000000000000        0.0000000000000000        0.0000000000000000        0.0000000000000000        0.0000000000000000        0.0000000000000000        0.0000000000000000     
  0.64843750000000189        0.0000000000000000        0.0000000000000000       -8.2442663392804267E-005   0.0000000000000000        0.0000000000000000       -126369792.00000000        0.0000000000000000        0.0000000000000000        1.5624999999999999E-009   9.9999999999994304E-008   1.5625000000000888E-002   151812582.06989798        2277188731091193.5        1009772281126.8929        0.0000000000000000        0.0000000000000000        0.0000000000000000        0.0000000000000000        0.0000000000000000        0.0000000000000000        0.0000000000000000     
  0.66406249999999811        0.0000000000000000        0.0000000000000000        2.9908029761150382E-004   0.0000000000000000        0.0000000000000000        122339328.00000000        0.0000000000000000        0.0000000000000000        1.5624999999999999E-009   9.9999999999993960E-008   1.5625000000000947E-002   151812582.06989795        2277188731091200.5        1009772281126.8929        0.0000000000000000        0.0000000000000000        0.0000000000000000        0.0000000000000000        0.0000000000000000        0.0000000000000000        0.0000000000000000     
  0.67968750000000377        0.0000000000000000        0.0000000000000000       -5.4277334426476901E-004   0.0000000000000000        0.0000000000000000       -103989247.99999861        0.0000000000000000        0.0000000000000000        1.5624999999999999E-009   9.9999999999988269E-008   1.5625000000001825E-002   151812582.06988201        2277188731091092.0        1009772281126.8929        0.0000000000000000        0.0000000000000000        0.0000000000000000        0.0000000000000000        0.0000000000000000        0.0000000000000000        0.0000000000000000     
  0.69531250000000178        0.0000000000000000        0.0000000000000000        7.2327614933800791E-004   0.0000000000000000        0.0000000000000000        79839232.000000000        0.0000000000000000        0.0000000000000000        1.5624999999999999E-009   9.9999999999994304E-008   1.5625000000000895E-002   151812582.06990284        2277188731091266.0        1009772281126.8929        0.0000000000000000        0.0000000000000000        0.0000000000000000        0.0000000000000000        0.0000000000000000        0.0000000000000000        0.0000000000000000     
  0.71093750000000555        0.0000000000000000        0.0000000000000000       -8.1249836987528593E-004   0.0000000000000000        0.0000000000000000       -59523071.999999456        0.0000000000000000        0.0000000000000000        1.5624999999999999E-009   9.9999999999990758E-008   1.5625000000001436E-002   151812582.06989142        2277188731091176.5        1009772281126.8929        0.0000000000000000        0.0000000000000000        0.0000000000000000        0.0000000000000000        0.0000000000000000        0.0000000000000000        0.0000000000000000     
  0.72656250000000466        0.0000000000000000        0.0000000000000000        7.7189857351624678E-004   0.0000000000000000        0.0000000000000000        40583168.000000000        0.0000000000000000        0.0000000000000000        1.5624999999999999E-009   9.9999999999996435E-008   1.5625000000000562E-002   151812582.06988999        2277188731091024.5        1009772281126.8929        0.0000000000000000        0.0000000000000000        0.0000000000000000        0.0000000000000000        0.0000000000000000        0.0000000000000000        0.0000000000000000     
  0.74218750000000666        0.0000000000000000        0.0000000000000000       -6.4607946091251869E-004   0.0000000000000000        0.0000000000000000       -19529727.999999654        0.0000000000000000        0.0000000000000000        1.5624999999999999E-009   9.9999999999993603E-008   1.5625000000000989E-002   151812582.06988779        2277188731091057.5        1009772281126.8929        0.0000000000000000        0.0000000000000000        0.0000000000000000        0.0000000000000000        0.0000000000000000        0.0000000000000000        0.0000000000000000     
  0.75781250000000666        0.0000000000000000        0.0000000000000000        4.8938786936103052E-004   0.0000000000000000        0.0000000000000000       -8978432.0000000000        0.0000000000000000        0.0000000000000000        1.5624999999999999E-009   1.0000000000000176E-007   1.5624999999999740E-002   151812582.06992403        2277188731091413.0        1009772281126.8929        0.0000000000000000        0.0000000000000000        0.0000000000000000        0.0000000000000000        0.0000000000000000        0.0000000000000000        0.0000000000000000     
  0.77343750000000611        0.0000000000000000        0.0000000000000000       -2.9881837893657305E-004   0.0000000000000000        0.0000000000000000        50348031.999991722        0.0000000000000000        0.0000000000000000        1.5624999999999999E-009   9.9999999999993590E-008   1.5625000000000978E-002   151812582.06990114        2277188731091259.0        1009772281126.8929        0.0000000000000000        0.0000000000000000        0.0000000000000000        0.0000000000000000        0.0000000000000000        0.0000000000000000        0.0000000000000000     
  0.78906250000000866        0.0000000000000000        0.0000000000000000        1.4565009135405818E-005   0.0000000000000000        0.0000000000000000       -99975168.000000000        0.0000000000000000        0.0000000000000000        1.5624999999999999E-009   1.0000000000000746E-007   1.5624999999998855E-002   151812582.06992918        2277188731091360.0        1009772281126.8929        0.0000000000000000        0.0000000000000000        0.0000000000000000        0.0000000000000000        0.0000000000000000        0.0000000000000000        0.0000000000000000     
  0.80468750000000377        0.0000000000000000        0.0000000000000000        3.0774317131476340E-004   0.0000000000000000        0.0000000000000000        145408000.00000361        0.0000000000000000        0.0000000000000000        1.5624999999999999E-009   9.9999999999996078E-008   1.5625000000000593E-002   151812582.06989330        2277188731091084.5        1009772281126.8929        0.0000000000000000        0.0000000000000000        0.0000000000000000        0.0000000000000000        0.0000000000000000        0.0000000000000000        0.0000000000000000     
  0.82031250000000988        0.0000000000000000        0.0000000000000000       -4.6773261447362194E-004   0.0000000000000000        0.0000000000000000       -177979392.00000000        0.0000000000000000        0.0000000000000000        1.5624999999999999E-009   1.0000000000000283E-007   1.5624999999999568E-002   151812582.06991479        2277188731091250.5        1009772281126.8929        0.0000000000000000        0.0000000000000000        0.0000000000000000        0.0000000000000000        0.0000000000000000        0.0000000000000000        0.0000000000000000     
  0.83593750000000289        0.0000000000000000        0.0000000000000000        5.7386568043046155E-004   0.0000000000000000        0.0000000000000000        196706304.00000000        0.0000000000000000        0.0000000000000000        1.5624999999999999E-009   9.9999999999997507E-008   1.5625000000000385E-002   151812582.06990466        2277188731091220.5        1009772281126.8929        0.0000000000000000        0.0000000000000000        0.0000000000000000        0.0000000000000000        0.0000000000000000        0.0000000000000000        0.0000000000000000     
  0.85156250000001066        0.0000000000000000        0.0000000000000000       -4.5870073369223542E-004   0.0000000000000000        0.0000000000000000       -192921600.00000000        0.0000000000000000        0.0000000000000000        1.5624999999999999E-009   9.9999999999997851E-008   1.5625000000000330E-002   151812582.06990954        2277188731091287.0        1009772281126.8929        0.0000000000000000        0.0000000000000000        0.0000000000000000        0.0000000000000000        0.0000000000000000        0.0000000000000000        0.0000000000000000     
  0.86718750000000355        0.0000000000000000        0.0000000000000000        3.1167550505286235E-004   0.0000000000000000        0.0000000000000000        166559744.00000000        0.0000000000000000        0.0000000000000000        1.5624999999999999E-009   1.0000000000000743E-007   1.5624999999998853E-002   151812582.06994095        2277188731091538.0        1009772281126.8929        0.0000000000000000        0.0000000000000000        0.0000000000000000        0.0000000000000000        0.0000000000000000        0.0000000000000000        0.0000000000000000     
  0.88281250000000833        0.0000000000000000        0.0000000000000000       -4.0241672091024752E-006   0.0000000000000000        0.0000000000000000       -128172032.00000705        0.0000000000000000        0.0000000000000000        1.5624999999999999E-009   1.0000000000000071E-007   1.5624999999999870E-002   151812582.06991583        2277188731091317.5        1009772281126.8929        0.0000000000000000        0.0000000000000000        0.0000000000000000        0.0000000000000000        0.0000000000000000        0.0000000000000000        0.0000000000000000     
  0.89843750000000333        0.0000000000000000        0.0000000000000000       -2.4872268701610790E-004   0.0000000000000000        0.0000000000000000        78135296.000000000        0.0000000000000000        0.0000000000000000        1.5624999999999999E-009   1.0000000000001350E-007   1.5624999999997915E-002   151812582.06994405        2277188731091445.5        1009772281126.8929        0.0000000000000000        0.0000000000000000        0.0000000000000000        0.0000000000000000        0.0000000000000000        0.0000000000000000        0.0000000000000000     
  0.91406250000000411        0.0000000000000000        0.0000000000000000        4.9309494114517472E-004   0.0000000000000000        0.0000000000000000       -19742720.000000000        0.0000000000000000        0.0000000000000000        1.5624999999999999E-009   9.9999999999998923E-008   1.5625000000000146E-002   151812582.06990588        2277188731091209.0        1009772281126.8929        0.0000000000000000        0.0000000000000000        0.0000000000000000        0.0000000000000000        0.0000000000000000        0.0000000000000000        0.0000000000000000     
  0.92968750000000366        0.0000000000000000        0.0000000000000000       -5.6716607339141331E-004   0.0000000000000000        0.0000000000000000       -35110912.000000000        0.0000000000000000        0.0000000000000000        1.5624999999999999E-009   1.0000000000001244E-007   1.5624999999998073E-002   151812582.06993964        2277188731091403.5        1009772281126.8929        0.0000000000000000        0.0000000000000000        0.0000000000000000        0.0000000000000000        0.0000000000000000        0.0000000000000000        0.0000000000000000     
  0.94531250000000022        0.0000000000000000        0.0000000000000000        5.0477450884909149E-004   0.0000000000000000        0.0000000000000000        73973760.000003695        0.0000000000000000        0.0000000000000000        1.5624999999999999E-009   1.0000000000000317E-007   1.5624999999999493E-002   151812582.06991839        2277188731091299.0        1009772281126.8929        0.0000000000000000        0.0000000000000000        0.0000000000000000        0.0000000000000000        0.0000000000000000        0.0000000000000000        0.0000000000000000     
  0.96093750000000266        0.0000000000000000        0.0000000000000000       -4.2917139651231810E-004   0.0000000000000000        0.0000000000000000       -103022592.00000000        0.0000000000000000        0.0000000000000000        1.5624999999999999E-009   1.0000000000000709E-007   1.5624999999998904E-002   151812582.06993398        2277188731091441.5        1009772281126.8929        0.0000000000000000        0.0000000000000000        0.0000000000000000        0.0000000000000000        0.0000000000000000        0.0000000000000000        0.0000000000000000     
  0.97656249999999800        0.0000000000000000        0.0000000000000000        3.0467743366665033E-004   0.0000000000000000        0.0000000000000000        134070272.00000426        0.0000000000000000        0.0000000000000000        1.5624999999999999E-009   9.9999999999997150E-008   1.5625000000000434E-002   151812582.06990570        2277188731091245.5        1009772281126.8929        0.0000000000000000        0.0000000000000000        0.0000000000000000        0.0000000000000000        0.0000000000000000        0.0000000000000000        0.0000000000000000     
  0.99218750000000355        0.0000000000000000        0.0000000000000000       -1.7052654079338037E-004   0.0000000000000000        0.0000000000000000       -155910144.00000000        0.0000000000000000        0.0000000000000000        1.5624999999999999E-009   1.0000000000000141E-007   1.5624999999999783E-002   151812582.06991452        2277188731091279.5        1009772281126.8929        0.0000000000000000        0.0000000000000000        0.0000000000000000        0.0000000000000000        0.0000000000000000        0.0000000000000000        0.0000000000000000     
   1.0078124999999976        0.0000000000000000        0.0000000000000000        0.0000000000000000        0.0000000000000000        0.0000000000000000        0.0000000000000000        0.0000000000000000        0.0000000000000000        0.0000000000000000        0.0000000000000000        0.0000000000000000        0.0000000000000000        0.0000000000000000        0.0000000000000000        0.0000000000000000        0.0000000000000000        0.0000000000000000        0.0000000000000000        0.0000000000000000        0.0000000000000000        0.0000000000000000     
   1.0234375000000036        0.0000000000000000        0.0000000000000000        0.0000000000000000        0.0000000000000000        0.0000000000000000        0.0000000000000000        0.0000000000000000        0.0000000000000000        0.0000000000000000        0.0000000000000000        0.0000000000000000        0.0000000000000000        0.0000000000000000        0.0000000000000000        0.0000000000000000        0.0000000000000000        0.0000000000000000        0.0000000000000000        0.0000000000000000        0.0000000000000000        0.0000000000000000     
   1.0390624999999978        0.0000000000000000        0.0000000000000000        0.0000000000000000        0.0000000000000000        0.0000000000000000        0.0000000000000000        0.0000000000000000        0.0000000000000000        0.0000000000000000        0.0000000000000000        0.0000000000000000        0.0000000000000000        0.0000000000000000        0.0000000000000000        0.0000000000000000        0.0000000000000000        0.0000000000000000        0.0000000000000000        0.0000000000000000        0.0000000000000000        0.0000000000000000     
  -1.0390624999999973        0.0000000000000000        0.0000000000000000        0.0000000000000000        0.0000000000000000        0.0000000000000000        0.0000000000000000        0.0000000000000000        0.0000000000000000        0.0000000000000000        0.0000000000000000        0.0000000000000000        0.0000000000000000        0.0000000000000000        0.0000000000000000        0.0000000000000000        0.0000000000000000        0.0000000000000000        0.0000000000000000        0.0000000000000000        0.0000000000000000        0.0000000000000000     
  -1.0234375000000020        0.0000000000000000        0.0000000000000000        0.0000000000000000        0.0000000000000000        0.0000000000000000        0.0000000000000000        0.0000000000000000        0.0000000000000000        0.0000000000000000        0.0000000000000000        0.0000000000000000        0.0000000000000000        0.0000000000000000        0.0000000000000000        0.0000000000000000        0.0000000000000000        0.0000000000000000        0.0000000000000000        0.0000000000000000        0.0000000000000000        0.0000000000000000     
  -1.0078124999999964        0.0000000000000000        0.0000000000000000        0.0000000000000000        0.0000000000000000        0.0000000000000000        0.0000000000000000        0.0000000000000000        0.0000000000000000        0.0000000000000000        0.0000000000000000        0.0000000000000000        0.0000000000000000        0.0000000000000000        0.0000000000000000        0.0000000000000000        0.0000000000000000        0.0000000000000000        0.0000000000000000        0.0000000000000000        0.0000000000000000        0.0000000000000000     
