   67000.000000000000     
  -992166081448263.62        0.0000000000000000        0.0000000000000000        319359.38391181384        0.0000000000000000        0.0000000000000000       -9.5611321947663697E-003   0.0000000000000000        0.0000000000000000        1562.5000000000000        6.8979793451463514E-011   22651561012565.621        8.6203841215733874        187454550606.30856        6.1794751883167569E-005   0.0000000000000000        0.0000000000000000        0.0000000000000000       -7.7706083280716035E-025   0.0000000000000000        0.0000000000000000        0.0000000000000000     
  -976541059999968.75        0.0000000000000000        0.0000000000000000        319961.09545506706        0.0000000000000000        0.0000000000000000       -5.8067719345277716E-004   0.0000000000000000        0.0000000000000000        1562.5000000000000        9.9096794732687037E-011   15767412096575.209        12.384096897274864        187454552854.32114        6.1794753966599235E-005   0.0000000000000000        0.0000000000000000        0.0000000000000000       -1.4397107835442361E-024   0.0000000000000000        0.0000000000000000        0.0000000000000000     
  -960916055842457.50        0.0000000000000000        0.0000000000000000        320124.07820713444        0.0000000000000000        0.0000000000000000        1.8509947594781656E-003   0.0000000000000000        0.0000000000000000        1562.5000000000000        9.9999994280477714E-011   15625000893675.406        12.496968430968755        187454537186.03534        6.1794731879281814E-005   0.0000000000000000        0.0000000000000000        0.0000000000000000       -8.2029057864073657E-024   0.0000000000000000        0.0000000000000000        0.0000000000000000     
  -945291059999968.62        0.0000000000000000        0.0000000000000000        320003.99155764363        0.0000000000000000        0.0000000000000000        5.3602311131845947E-005   0.0000000000000000        0.0000000000000000        1562.5000000000000        1.0000001108669895E-010   15624998267703.482        12.496957374446572        187454339834.20023        6.1794474715042244E-005   0.0000000000000000        0.0000000000000000        0.0000000000000000       -9.0003989722738230E-024   0.0000000000000000        0.0000000000000000        0.0000000000000000     
  -929666059999968.62        0.0000000000000000        0.0000000000000000        320000.00966876739        0.0000000000000000        0.0000000000000000        2.0820170991031370E-007   0.0000000000000000        0.0000000000000000        1562.5000000000000        1.0000000110867015E-010   15624999826770.291        12.496955774352100        187454334537.03125        6.1794468310854585E-005   0.0000000000000000        0.0000000000000000        0.0000000000000000       -1.4204040971892494E-023   0.0000000000000000        0.0000000000000000        0.0000000000000000     
  -914041059999968.62        0.0000000000000000        0.0000000000000000        320000.00247239933        0.0000000000000000        0.0000000000000000        1.2274512819645325E-008   0.0000000000000000        0.0000000000000000        1562.5000000000000        1.0000000000000000E-010   15625000000000.000        12.496932374336456        187453985615.04681        6.1794014501737930E-005   0.0000000000000000        0.0000000000000000        0.0000000000000000       -1.5143638547581575E-023   0.0000000000000000        0.0000000000000000        0.0000000000000000     
  -898416059999968.62        0.0000000000000000        0.0000000000000000        320000.00201892521        0.0000000000000000        0.0000000000000000        9.7929980411631375E-009   0.0000000000000000        0.0000000000000000        1562.5000000000000        1.0000000000000000E-010   15625000000000.000        12.496931998778148        187453979981.67221        6.1794007496840684E-005   0.0000000000000000        0.0000000000000000        0.0000000000000000       -1.9184544533961249E-023   0.0000000000000000        0.0000000000000000        0.0000000000000000     
  -882791059999968.62        0.0000000000000000        0.0000000000000000        320000.00175205496        0.0000000000000000        0.0000000000000000        1.0408846280163156E-008   0.0000000000000000        0.0000000000000000        1562.5000000000000        1.0000000000000002E-010   15624999999999.996        12.496901096356682        187453516445.35016        6.1793403990725905E-005   0.0000000000000000        0.0000000000000000        0.0000000000000000       -2.0306069622869416E-023   0.0000000000000000        0.0000000000000000        0.0000000000000000     
  -867166059999968.62        0.0000000000000000        0.0000000000000000        320000.00168466748        0.0000000000000000        0.0000000000000000        1.1738062977626264E-008   0.0000000000000000        0.0000000000000000        1562.5000000000000        1.0000000000000002E-010   15624999999999.996        12.496899798451848        187453496976.77768        6.1793379216774596E-005   0.0000000000000000        0.0000000000000000        0.0000000000000000       -2.2928592221836566E-023   0.0000000000000000        0.0000000000000000        0.0000000000000000     
  -851541059999968.62        0.0000000000000000        0.0000000000000000        320000.00169079710        0.0000000000000000        0.0000000000000000        1.2372614941832324E-008   0.0000000000000000        0.0000000000000000        1562.5000000000000        1.0000000000000000E-010   15625000000000.000        12.496864169521311        187452962542.81964        6.1792682526290240E-005   0.0000000000000000        0.0000000000000000        0.0000000000000000       -2.4175655225371476E-023   0.0000000000000000        0.0000000000000000        0.0000000000000000     
  -835916059999968.62        0.0000000000000000        0.0000000000000000        320000.00138536352        0.0000000000000000        0.0000000000000000        1.2962233575794418E-008   0.0000000000000000        0.0000000000000000        1562.5000000000000        1.0000000000000000E-010   15625000000000.000        12.496861124985788        187452916874.78680        6.1792623919114148E-005   0.0000000000000000        0.0000000000000000        0.0000000000000000       -2.5346478561224089E-023   0.0000000000000000        0.0000000000000000        0.0000000000000000     
  -820291059999968.62        0.0000000000000000        0.0000000000000000        320000.00127665792        0.0000000000000000        0.0000000000000000        1.3576901916460902E-008   0.0000000000000000        0.0000000000000000        1562.5000000000000        1.0000000000000000E-010   15625000000000.000        12.496823705481017        187452355582.21524        6.1791891096620868E-005   0.0000000000000000        0.0000000000000000        0.0000000000000000       -2.6577956547613536E-023   0.0000000000000000        0.0000000000000000        0.0000000000000000     
  -804666059999968.62        0.0000000000000000        0.0000000000000000        320000.00012138061        0.0000000000000000        0.0000000000000000        1.3527464473857318E-008   0.0000000000000000        0.0000000000000000        1562.5000000000000        1.0000000000000000E-010   15625000000000.000        12.496818404020638        187452276060.30954        6.1791788584007859E-005   0.0000000000000000        0.0000000000000000        0.0000000000000000       -2.6459137641510543E-023   0.0000000000000000        0.0000000000000000        0.0000000000000000     
  -789041059999968.62        0.0000000000000000        0.0000000000000000        320000.00000000000        0.0000000000000000        0.0000000000000000        1.4044902062459936E-008   0.0000000000000000        0.0000000000000000        1562.5000000000000        1.0000000000000000E-010   15625000000000.000        12.496781731678185        187451725975.17273        6.1791069143647776E-005   0.0000000000000000        0.0000000000000000        0.0000000000000000       -2.7498421910976285E-023   0.0000000000000000        0.0000000000000000        0.0000000000000000     
  -773416059999968.62        0.0000000000000000        0.0000000000000000        320000.00000000000        0.0000000000000000        0.0000000000000000        1.3452647167022949E-008   0.0000000000000000        0.0000000000000000        1562.5000000000000        1.0000000000000000E-010   15625000000000.000        12.496774110396684        187451611655.95026        6.1790921272229500E-005   0.0000000000000000        0.0000000000000000        0.0000000000000000       -2.6375705025226052E-023   0.0000000000000000        0.0000000000000000        0.0000000000000000     
  -757791059999968.62        0.0000000000000000        0.0000000000000000        320000.00000000000        0.0000000000000000        0.0000000000000000        1.3800016424072919E-008   0.0000000000000000        0.0000000000000000        1562.5000000000000        1.0000000000000002E-010   15624999999999.996        12.496740074989605        187451101124.84402        6.1790252306187840E-005   0.0000000000000000        0.0000000000000000        0.0000000000000000       -2.7067406187502442E-023   0.0000000000000000        0.0000000000000000        0.0000000000000000     
  -742166059999968.62        0.0000000000000000        0.0000000000000000        320000.00000000000        0.0000000000000000        0.0000000000000000        1.2868778659600269E-008   0.0000000000000000        0.0000000000000000        1562.5000000000000        1.0000000000000002E-010   15624999999999.996        12.496730505474066        187450957582.11093        6.1790066069222755E-005   0.0000000000000000        0.0000000000000000        0.0000000000000000       -2.5269270462838682E-023   0.0000000000000000        0.0000000000000000        0.0000000000000000     
  -726541059999968.62        0.0000000000000000        0.0000000000000000        320000.00000000000        0.0000000000000000        0.0000000000000000        1.2988729790584868E-008   0.0000000000000000        0.0000000000000000        1562.5000000000000        1.0000000000000000E-010   15625000000000.000        12.496700283671895        187450504255.07840        6.1789470896394917E-005   0.0000000000000000        0.0000000000000000        0.0000000000000000       -2.5520231780285009E-023   0.0000000000000000        0.0000000000000000        0.0000000000000000     
  -710916059999968.62        0.0000000000000000        0.0000000000000000        320000.00000000000        0.0000000000000000        0.0000000000000000        1.1873274529794531E-008   0.0000000000000000        0.0000000000000000        1562.5000000000000        1.0000000000000000E-010   15625000000000.000        12.496689447532770        187450341712.99152        6.1789259393735171E-005   0.0000000000000000        0.0000000000000000        0.0000000000000000       -2.3352562923481764E-023   0.0000000000000000        0.0000000000000000        0.0000000000000000     
  -695291059999968.62        0.0000000000000000        0.0000000000000000        320000.00000000000        0.0000000000000000        0.0000000000000000        1.1759135711308730E-008   0.0000000000000000        0.0000000000000000        1562.5000000000000        1.0000000000000000E-010   15625000000000.000        12.496663580225450        187449953703.38171        6.1788748974146075E-005   0.0000000000000000        0.0000000000000000        0.0000000000000000       -2.3146772418691437E-023   0.0000000000000000        0.0000000000000000        0.0000000000000000     
  -679666059999968.62        0.0000000000000000        0.0000000000000000        320000.00000000000        0.0000000000000000        0.0000000000000000        1.0584395936125169E-008   0.0000000000000000        0.0000000000000000        1562.5000000000000        1.0000000000000000E-010   15625000000000.000        12.496652295062756        187449784425.94131        6.1788528080614866E-005   0.0000000000000000        0.0000000000000000        0.0000000000000000       -2.0853465439152858E-023   0.0000000000000000        0.0000000000000000        0.0000000000000000     
  -664041059999968.62        0.0000000000000000        0.0000000000000000        320000.00000000000        0.0000000000000000        0.0000000000000000        1.0264085825958877E-008   0.0000000000000000        0.0000000000000000        1562.5000000000000        1.0000000000000000E-010   15625000000000.000        12.496630843676225        187449462655.14337        6.1788103987940951E-005   0.0000000000000000        0.0000000000000000        0.0000000000000000       -2.0241908030416893E-023   0.0000000000000000        0.0000000000000000        0.0000000000000000     
  -648416059999968.62        0.0000000000000000        0.0000000000000000        320000.00000000000        0.0000000000000000        0.0000000000000000        9.1155992456457982E-009   0.0000000000000000        0.0000000000000000        1562.5000000000000        1.0000000000000000E-010   15625000000000.000        12.496619900784044        187449298511.76062        6.1787889206246731E-005   0.0000000000000000        0.0000000000000000        0.0000000000000000       -1.7991086262877526E-023   0.0000000000000000        0.0000000000000000        0.0000000000000000     
  -632791059999968.62        0.0000000000000000        0.0000000000000000        320000.00000000000        0.0000000000000000        0.0000000000000000        8.6378084269283382E-009   0.0000000000000000        0.0000000000000000        1562.5000000000000        1.0000000000000002E-010   15624999999999.996        12.496602622324350        187449039334.86520        6.1787547002316025E-005   0.0000000000000000        0.0000000000000000        0.0000000000000000       -1.7065963283714214E-023   0.0000000000000000        0.0000000000000000        0.0000000000000000     
  -617166059999968.62        0.0000000000000000        0.0000000000000000        320000.00000000000        0.0000000000000000        0.0000000000000000        7.5641560133277864E-009   0.0000000000000000        0.0000000000000000        1562.5000000000000        1.0000000000000002E-010   15624999999999.996        12.496592675858633        187448890137.87946        6.1787351279515550E-005   0.0000000000000000        0.0000000000000000        0.0000000000000000       -1.4953993420866820E-023   0.0000000000000000        0.0000000000000000        0.0000000000000000     
  -601541059999968.62        0.0000000000000000        0.0000000000000000        320000.00000000000        0.0000000000000000        0.0000000000000000        6.9827769054121158E-009   0.0000000000000000        0.0000000000000000        1562.5000000000000        1.0000000000000000E-010   15625000000000.000        12.496579177247503        187448687658.71252        6.1787083519021366E-005   0.0000000000000000        0.0000000000000000        0.0000000000000000       -1.3818814723405279E-023   0.0000000000000000        0.0000000000000000        0.0000000000000000     
  -585916059999968.62        0.0000000000000000        0.0000000000000000        320000.00000000000        0.0000000000000000        0.0000000000000000        6.0023084798403971E-009   0.0000000000000000        0.0000000000000000        1562.5000000000000        9.9999999999999551E-011   15625000000000.068        12.496570697570608        187448560463.55994        6.1786916291660488E-005   0.0000000000000000        0.0000000000000000        0.0000000000000000       -1.1882863461330591E-023   0.0000000000000000        0.0000000000000000        0.0000000000000000     
  -570291059999968.62        0.0000000000000000        0.0000000000000000        320000.00000000000        0.0000000000000000        0.0000000000000000        5.3635646811577176E-009   0.0000000000000000        0.0000000000000000        1562.5000000000000        9.9999999999995053E-011   15625000000000.771        12.496560552789571        187448408291.85281        6.1786714825345367E-005   0.0000000000000000        0.0000000000000000        0.0000000000000000       -1.0627404182945132E-023   0.0000000000000000        0.0000000000000000        0.0000000000000000     
  -554666059999966.94        0.0000000000000000        0.0000000000000000        320000.00000000000        0.0000000000000000        0.0000000000000000        4.4714665263129906E-009   0.0000000000000000        0.0000000000000000        1562.5000000000000        9.9999999999995053E-011   15625000000000.771        12.496553835359903        187448307530.40781        6.1786582142477542E-005   0.0000000000000000        0.0000000000000000        0.0000000000000000       -8.8590014118299076E-024   0.0000000000000000        0.0000000000000000        0.0000000000000000     
  -539041059999966.94        0.0000000000000000        0.0000000000000000        320000.00000000000        0.0000000000000000        0.0000000000000000        3.8062822293055856E-009   0.0000000000000000        0.0000000000000000        1562.5000000000000        9.9999999999999551E-011   15625000000000.068        12.496546667041356        187448200005.62119        6.1786439734282225E-005   0.0000000000000000        0.0000000000000000        0.0000000000000000       -7.5439407239531282E-024   0.0000000000000000        0.0000000000000000        0.0000000000000000     
  -523416059999966.94        0.0000000000000000        0.0000000000000000        320000.00000000000        0.0000000000000000        0.0000000000000000        2.9803469452489469E-009   0.0000000000000000        0.0000000000000000        1562.5000000000000        1.0000000000000000E-010   15625000000000.000        12.496541876131497        187448128141.97241        6.1786345076762474E-005   0.0000000000000000        0.0000000000000000        0.0000000000000000       -5.9000358694075042E-024   0.0000000000000000        0.0000000000000000        0.0000000000000000     
  -507791059999966.94        0.0000000000000000        0.0000000000000000        320000.00000000000        0.0000000000000000        0.0000000000000000        2.3010445668398037E-009   0.0000000000000000        0.0000000000000000        1562.5000000000000        1.0000000000000002E-010   15624999999999.996        12.496537410428436        187448061156.42651        6.1786256504724559E-005   0.0000000000000000        0.0000000000000000        0.0000000000000000       -4.5504947587815522E-024   0.0000000000000000        0.0000000000000000        0.0000000000000000     
  -492166059999966.94        0.0000000000000000        0.0000000000000000        320000.00000000000        0.0000000000000000        0.0000000000000000        1.5048933117944284E-009   0.0000000000000000        0.0000000000000000        1562.5000000000000        1.0000000000000002E-010   15624999999999.996        12.496534639224524        187448019588.36783        6.1786201924603172E-005   0.0000000000000000        0.0000000000000000        0.0000000000000000       -2.9598223240823862E-024   0.0000000000000000        0.0000000000000000        0.0000000000000000     
  -476541059999966.94        0.0000000000000000        0.0000000000000000        320000.00000000000        0.0000000000000000        0.0000000000000000        8.0720482672672138E-010   0.0000000000000000        0.0000000000000000        1562.5000000000000        1.0000000000000000E-010   15625000000000.000        12.496532747509308        187447991212.63959        6.1786164820340706E-005   0.0000000000000000        0.0000000000000000        0.0000000000000000       -1.5686523216080123E-024   0.0000000000000000        0.0000000000000000        0.0000000000000000     
  -460916059999966.94        0.0000000000000000        0.0000000000000000        320000.00000000000        0.0000000000000000        0.0000000000000000       -8.5788756670030204E-012   0.0000000000000000        0.0000000000000000        1562.5000000000000        1.0000000000000000E-010   15625000000000.000        12.496532072193682        187447981082.90521        6.1786151987229478E-005   0.0000000000000000        0.0000000000000000        0.0000000000000000        6.6068138807051688E-026   0.0000000000000000        0.0000000000000000        0.0000000000000000     
  -445291059999966.94        0.0000000000000000        0.0000000000000000        320000.00000000000        0.0000000000000000        0.0000000000000000       -7.4133732380472559E-010   0.0000000000000000        0.0000000000000000        1562.5000000000000        1.0000000000000000E-010   15625000000000.000        12.496532810752020        187447992161.28030        6.1786167633840898E-005   0.0000000000000000        0.0000000000000000        0.0000000000000000        1.5300704026260244E-024   0.0000000000000000        0.0000000000000000        0.0000000000000000     
  -429666059999966.94        0.0000000000000000        0.0000000000000000        320000.00000000000        0.0000000000000000        0.0000000000000000       -1.6397376584692213E-009   0.0000000000000000        0.0000000000000000        1562.5000000000000        1.0000000000000000E-010   15625000000000.000        12.496534328496995        187448014927.45490        6.1786198565153301E-005   0.0000000000000000        0.0000000000000000        0.0000000000000000        3.3331853501614741E-024   0.0000000000000000        0.0000000000000000        0.0000000000000000     
  -414041059999966.94        0.0000000000000000        0.0000000000000000        320000.00000000000        0.0000000000000000        0.0000000000000000       -2.4301887003059099E-009   0.0000000000000000        0.0000000000000000        1562.5000000000000        1.0000000000000000E-010   15625000000000.000        12.496537984434578        187448069766.51865        6.1786272817503459E-005   0.0000000000000000        0.0000000000000000        0.0000000000000000        4.9126262963205063E-024   0.0000000000000000        0.0000000000000000        0.0000000000000000     
  -398416059999966.94        0.0000000000000000        0.0000000000000000        320000.00000000000        0.0000000000000000        0.0000000000000000       -3.4898389693194539E-009   0.0000000000000000        0.0000000000000000        1562.5000000000000        1.0000000000000000E-010   15625000000000.000        12.496541825113592        187448127376.70386        6.1786350095110177E-005   0.0000000000000000        0.0000000000000000        0.0000000000000000        7.0395953175502368E-024   0.0000000000000000        0.0000000000000000        0.0000000000000000     
  -382791059999966.94        0.0000000000000000        0.0000000000000000        320000.00000000000        0.0000000000000000        0.0000000000000000       -4.3584893193986250E-009   0.0000000000000000        0.0000000000000000        1562.5000000000000        1.0000000000000002E-010   15624999999999.996        12.496548976048263        187448234640.72391        6.1786494569133254E-005   0.0000000000000000        0.0000000000000000        0.0000000000000000        8.7726251477608748E-024   0.0000000000000000        0.0000000000000000        0.0000000000000000     
  -367166059999966.94        0.0000000000000000        0.0000000000000000        320000.00000000000        0.0000000000000000        0.0000000000000000       -5.6768714706465626E-009   0.0000000000000000        0.0000000000000000        1562.5000000000000        1.0000000000000002E-010   15624999999999.996        12.496555280441493        187448329206.62234        6.1786620897099435E-005   0.0000000000000000        0.0000000000000000        0.0000000000000000        1.1416184069115474E-023   0.0000000000000000        0.0000000000000000        0.0000000000000000     
  -351541059999966.94        0.0000000000000000        0.0000000000000000        320000.00000000000        0.0000000000000000        0.0000000000000000       -6.6328861789229018E-009   0.0000000000000000        0.0000000000000000        1562.5000000000000        1.0000000000000000E-010   15625000000000.000        12.496566873408364        187448503101.12543        6.1786854532041286E-005   0.0000000000000000        0.0000000000000000        0.0000000000000000        1.3318334464895890E-023   0.0000000000000000        0.0000000000000000        0.0000000000000000     
  -335916059999966.94        0.0000000000000000        0.0000000000000000        320000.00000000000        0.0000000000000000        0.0000000000000000       -8.3298787580352434E-009   0.0000000000000000        0.0000000000000000        1562.5000000000000        1.0000000000000000E-010   15625000000000.000        12.496575732765836        187448635991.48749        6.1787031535055772E-005   0.0000000000000000        0.0000000000000000        0.0000000000000000        1.6715268157418911E-023   0.0000000000000000        0.0000000000000000        0.0000000000000000     
  -320291059999966.94        0.0000000000000000        0.0000000000000000        320000.00000000000        0.0000000000000000        0.0000000000000000       -9.3612413263351041E-009   0.0000000000000000        0.0000000000000000        1562.5000000000000        1.0000000000000000E-010   15625000000000.000        12.496593184371772        187448897765.57654        6.1787382564994220E-005   0.0000000000000000        0.0000000000000000        0.0000000000000000        1.8760266126306943E-023   0.0000000000000000        0.0000000000000000        0.0000000000000000     
  -304666059999966.94        0.0000000000000000        0.0000000000000000        320000.00000000000        0.0000000000000000        0.0000000000000000       -1.1581834288228271E-008   0.0000000000000000        0.0000000000000000        1562.5000000000000        1.0000000000000025E-010   15624999999999.963        12.496604539171875        187449068087.57764        6.1787608793129132E-005   0.0000000000000000        0.0000000000000000        0.0000000000000000        2.3196345143848117E-023   0.0000000000000000        0.0000000000000000        0.0000000000000000     
  -289041059999966.94        0.0000000000000000        0.0000000000000000        320000.00000000000        0.0000000000000000        0.0000000000000000       -1.2646469740337398E-008   0.0000000000000000        0.0000000000000000        1562.5000000000000        1.0000000000000267E-010   15624999999999.580        12.496629853557220        187449447803.35327        6.1788117051105054E-005   0.0000000000000000        0.0000000000000000        0.0000000000000000        2.5298984940101083E-023   0.0000000000000000        0.0000000000000000        0.0000000000000000     
  -273416059999967.84        0.0000000000000000        0.0000000000000000        320000.00000000000        0.0000000000000000        0.0000000000000000       -1.5560366054150409E-008   0.0000000000000000        0.0000000000000000        1562.5000000000000        1.0000000000000265E-010   15624999999999.584        12.496643356795065        187449650351.92099        6.1788385303376375E-005   0.0000000000000000        0.0000000000000000        0.0000000000000000        3.1107716582453442E-023   0.0000000000000000        0.0000000000000000        0.0000000000000000     
  -257791059999967.84        0.0000000000000000        0.0000000000000000        320000.00000000000        0.0000000000000000        0.0000000000000000       -1.6580529294281507E-008   0.0000000000000000        0.0000000000000000        1562.5000000000000        1.0000000000000025E-010   15624999999999.963        12.496679247574567        187450188713.61804        6.1789104581874330E-005   0.0000000000000000        0.0000000000000000        0.0000000000000000        3.3113416580575166E-023   0.0000000000000000        0.0000000000000000        0.0000000000000000     
  -242166059999967.84        0.0000000000000000        0.0000000000000000        320000.00000000000        0.0000000000000000        0.0000000000000000       -2.0375993260108040E-008   0.0000000000000000        0.0000000000000000        1562.5000000000000        1.0000000000000002E-010   15624999999999.996        12.496694108855156        187450411632.82730        6.1789398879154791E-005   0.0000000000000000        0.0000000000000000        0.0000000000000000        4.0663396053167206E-023   0.0000000000000000        0.0000000000000000        0.0000000000000000     
  -226541059999967.84        0.0000000000000000        0.0000000000000000        320000.00000000000        0.0000000000000000        0.0000000000000000       -2.1239260653617139E-008   0.0000000000000000        0.0000000000000000        1562.5000000000000        1.0000000000000000E-010   15625000000000.000        12.496744098668113        187451161480.02167        6.1790398824538610E-005   0.0000000000000000        0.0000000000000000        0.0000000000000000        4.2350769945327138E-023   0.0000000000000000        0.0000000000000000        0.0000000000000000     
  -210916059999967.84        0.0000000000000000        0.0000000000000000        320000.00000000000        0.0000000000000000        0.0000000000000000       -2.6109022062265507E-008   0.0000000000000000        0.0000000000000000        1562.5000000000000        1.0000000000000002E-010   15624999999999.996        12.496758940519488        187451384107.79227        6.1790691650253512E-005   0.0000000000000000        0.0000000000000000        0.0000000000000000        5.2016148551053034E-023   0.0000000000000000        0.0000000000000000        0.0000000000000000     
  -195291059999967.84        0.0000000000000000        0.0000000000000000        320000.00000000000        0.0000000000000000        0.0000000000000000       -2.6686758645898474E-008   0.0000000000000000        0.0000000000000000        1562.5000000000000        1.0000000000000000E-010   15625000000000.000        12.496827397911535        187452410968.67300        6.1792058409616615E-005   0.0000000000000000        0.0000000000000000        0.0000000000000000        5.3118159657445110E-023   0.0000000000000000        0.0000000000000000        0.0000000000000000     
  -179666059999967.84        0.0000000000000000        0.0000000000000000        319999.99935424421        0.0000000000000000        0.0000000000000000       -3.2784760156099598E-008   0.0000000000000000        0.0000000000000000        1562.5000000000000        1.0000000000000000E-010   15625000000000.000        12.496840168775366        187452602531.63046        6.1792309084081389E-005   0.0000000000000000        0.0000000000000000        0.0000000000000000        6.5229765963066965E-023   0.0000000000000000        0.0000000000000000        0.0000000000000000     
  -164041059999967.84        0.0000000000000000        0.0000000000000000        319999.99928449641        0.0000000000000000        0.0000000000000000       -3.2939590854476968E-008   0.0000000000000000        0.0000000000000000        1562.5000000000000        1.0000000000000003E-010   15624999999999.994        12.496932235556326        187453983533.34482        6.1794143796131386E-005   0.0000000000000000        0.0000000000000000        0.0000000000000000        6.5475927300691438E-023   0.0000000000000000        0.0000000000000000        0.0000000000000000     
  -148416059999967.84        0.0000000000000000        0.0000000000000000        319999.99832052569        0.0000000000000000        0.0000000000000000       -4.0389897136727420E-008   0.0000000000000000        0.0000000000000000        1562.5000000000000        1.0000000000000015E-010   15624999999999.977        12.496940229595134        187454103443.92673        6.1794298947341950E-005   0.0000000000000000        0.0000000000000000        0.0000000000000000        8.0254868879938164E-023   0.0000000000000000        0.0000000000000000        0.0000000000000000     
  -132791059999967.89        0.0000000000000000        0.0000000000000000        319999.99826657458        0.0000000000000000        0.0000000000000000       -4.0002433326016111E-008   0.0000000000000000        0.0000000000000000        1562.5000000000000        1.0000000000000015E-010   15624999999999.977        12.497061594279275        187455923914.18881        6.1796713249748762E-005   0.0000000000000000        0.0000000000000000        0.0000000000000000        7.9430298380890331E-023   0.0000000000000000        0.0000000000000000        0.0000000000000000     
  -117166059999967.89        0.0000000000000000        0.0000000000000000        319999.99749409495        0.0000000000000000        0.0000000000000000       -4.8840203211992740E-008   0.0000000000000000        0.0000000000000000        1562.5000000000000        1.0000000000000002E-010   15624999999999.998        12.497061617429704        187455924261.44553        6.1796710123737607E-005   0.0000000000000000        0.0000000000000000        0.0000000000000000        9.6916427730100589E-023   0.0000000000000000        0.0000000000000000        0.0000000000000000     
  -101541059999967.89        0.0000000000000000        0.0000000000000000        319999.99745417770        0.0000000000000000        0.0000000000000000       -4.7853273348050817E-008   0.0000000000000000        0.0000000000000000        1562.5000000000000        9.9999999999999926E-011   15625000000000.012        12.497218119988743        187458271799.83127        6.1799818394067652E-005   0.0000000000000000        0.0000000000000000        0.0000000000000000        9.4925559730924643E-023   0.0000000000000000        0.0000000000000000        0.0000000000000000     
  -85916059999967.891        0.0000000000000000        0.0000000000000000        319999.99687112682        0.0000000000000000        0.0000000000000000       -5.7898776693363425E-008   0.0000000000000000        0.0000000000000000        1562.5000000000000        9.9999999999999202E-011   15625000000000.125        12.497206811618565        187458102174.27994        6.1799591164551836E-005   0.0000000000000000        0.0000000000000000        0.0000000000000000        1.1491634141628831E-022   0.0000000000000000        0.0000000000000000        0.0000000000000000     
  -70291059999967.617        0.0000000000000000        0.0000000000000000        319999.99684764567        0.0000000000000000        0.0000000000000000       -5.4900992405935260E-008   0.0000000000000000        0.0000000000000000        1562.5000000000000        9.9999999999999189E-011   15625000000000.127        12.497403899793316        187461058496.90125        6.1803499926505566E-005   0.0000000000000000        0.0000000000000000        0.0000000000000000        1.1183342684870449E-022   0.0000000000000000        0.0000000000000000        0.0000000000000000     
  -54666059999967.617        0.0000000000000000        0.0000000000000000        320000.00488908822        0.0000000000000000        0.0000000000000000        1.9063223982694983E-007   0.0000000000000000        0.0000000000000000        1562.5000000000000        1.0000000177943162E-010   15624999721963.814        12.497378406312938        187460672758.95956        6.1802988427389581E-005   0.0000000000000000        0.0000000000000000        0.0000000000000000        1.3385574139705594E-022   0.0000000000000000        0.0000000000000000        0.0000000000000000     
  -39041059999967.617        0.0000000000000000        0.0000000000000000        319999.98975928040        0.0000000000000000        0.0000000000000000       -2.7542829673723173E-007   0.0000000000000000        0.0000000000000000        1562.5000000000000        1.0000003725369090E-010   15624994179112.969        12.497624952851284        187464304455.39670        6.1807783300758470E-005   0.0000000000000000        0.0000000000000000        0.0000000000000000        1.2993904402845122E-022   0.0000000000000000        0.0000000000000000        0.0000000000000000     
  -23416066672831.430        0.0000000000000000        0.0000000000000000        319800.49131190637        0.0000000000000000        0.0000000000000000       -2.9919912659765761E-003   0.0000000000000000        0.0000000000000000        1562.5000000000000        1.0001166451706065E-010   15623177631779.725        12.499045480651899        187463815461.04147        6.1806953324397435E-005   0.0000000000000000        0.0000000000000000        0.0000000000000000        1.5347570026550039E-022   0.0000000000000000        0.0000000000000000        0.0000000000000000     
  -7791132972110.1660        0.0000000000000000        0.0000000000000000        317824.60758526996        0.0000000000000000        0.0000000000000000       -3.2339687665474216E-002   0.0000000000000000        0.0000000000000000        1562.5000000000000        1.0012584076701017E-010   15605362092647.896        12.513688964837389        187469421514.61728        6.1812578078408761E-005   0.0000000000000000        0.0000000000000000        0.0000000000000000        1.4777491395243664E-022   0.0000000000000000        0.0000000000000000        0.0000000000000000     
   7791132972110.1660        0.0000000000000000        0.0000000000000000       -317824.60758526996        0.0000000000000000        0.0000000000000000        3.2339687665474223E-002   0.0000000000000000        0.0000000000000000        1562.5000000000000        1.0012584076701017E-010   15605362092647.896        12.513688964837389        187469421514.61728        6.1812578078408761E-005   0.0000000000000000        0.0000000000000000        0.0000000000000000       -1.4777491395243664E-022   0.0000000000000000        0.0000000000000000        0.0000000000000000     
   23416066672831.430        0.0000000000000000        0.0000000000000000       -319800.49131190637        0.0000000000000000        0.0000000000000000        2.9919912659765752E-003   0.0000000000000000        0.0000000000000000        1562.5000000000000        1.0001166451706065E-010   15623177631779.725        12.499045480651899        187463815461.04147        6.1806953324397435E-005   0.0000000000000000        0.0000000000000000        0.0000000000000000       -1.5347570026550039E-022   0.0000000000000000        0.0000000000000000        0.0000000000000000     
   39041059999967.617        0.0000000000000000        0.0000000000000000       -319999.98975928040        0.0000000000000000        0.0000000000000000        2.7542829673473807E-007   0.0000000000000000        0.0000000000000000        1562.5000000000000        1.0000003725369090E-010   15624994179112.965        12.497624952851284        187464304455.39670        6.1807783300758470E-005   0.0000000000000000        0.0000000000000000        0.0000000000000000       -1.2993904402845131E-022   0.0000000000000000        0.0000000000000000        0.0000000000000000     
   54666059999967.617        0.0000000000000000        0.0000000000000000       -320000.00488908822        0.0000000000000000        0.0000000000000000       -1.9063223982521510E-007   0.0000000000000000        0.0000000000000000        1562.5000000000000        1.0000000177943162E-010   15624999721963.816        12.497378406312938        187460672758.95956        6.1802988427389581E-005   0.0000000000000000        0.0000000000000000        0.0000000000000000       -1.3385574139705591E-022   0.0000000000000000        0.0000000000000000        0.0000000000000000     
   70291059999967.617        0.0000000000000000        0.0000000000000000       -319999.99684764567        0.0000000000000000        0.0000000000000000        5.4900992405935260E-008   0.0000000000000000        0.0000000000000000        1562.5000000000000        9.9999999999999189E-011   15625000000000.127        12.497403899793316        187461058496.90125        6.1803499926505566E-005   0.0000000000000000        0.0000000000000000        0.0000000000000000       -1.1183342684870449E-022   0.0000000000000000        0.0000000000000000        0.0000000000000000     
   85916059999967.891        0.0000000000000000        0.0000000000000000       -319999.99687112682        0.0000000000000000        0.0000000000000000        5.7898776693363425E-008   0.0000000000000000        0.0000000000000000        1562.5000000000000        9.9999999999999202E-011   15625000000000.125        12.497206811618565        187458102174.27994        6.1799591164551836E-005   0.0000000000000000        0.0000000000000000        0.0000000000000000       -1.1491634141628831E-022   0.0000000000000000        0.0000000000000000        0.0000000000000000     
   101541059999967.89        0.0000000000000000        0.0000000000000000       -319999.99745417770        0.0000000000000000        0.0000000000000000        4.7853273348050817E-008   0.0000000000000000        0.0000000000000000        1562.5000000000000        9.9999999999999926E-011   15625000000000.012        12.497218119988743        187458271799.83127        6.1799818394067652E-005   0.0000000000000000        0.0000000000000000        0.0000000000000000       -9.4925559730924643E-023   0.0000000000000000        0.0000000000000000        0.0000000000000000     
   117166059999967.89        0.0000000000000000        0.0000000000000000       -319999.99749409495        0.0000000000000000        0.0000000000000000        4.8840203211992740E-008   0.0000000000000000        0.0000000000000000        1562.5000000000000        1.0000000000000002E-010   15624999999999.998        12.497061617429704        187455924261.44553        6.1796710123737607E-005   0.0000000000000000        0.0000000000000000        0.0000000000000000       -9.6916427730100589E-023   0.0000000000000000        0.0000000000000000        0.0000000000000000     
   132791059999967.89        0.0000000000000000        0.0000000000000000       -319999.99826657458        0.0000000000000000        0.0000000000000000        4.0002433326016111E-008   0.0000000000000000        0.0000000000000000        1562.5000000000000        1.0000000000000015E-010   15624999999999.977        12.497061594279275        187455923914.18881        6.1796713249748762E-005   0.0000000000000000        0.0000000000000000        0.0000000000000000       -7.9430298380890331E-023   0.0000000000000000        0.0000000000000000        0.0000000000000000     
   148416059999967.84        0.0000000000000000        0.0000000000000000       -319999.99832052569        0.0000000000000000        0.0000000000000000        4.0389897136727420E-008   0.0000000000000000        0.0000000000000000        1562.5000000000000        1.0000000000000015E-010   15624999999999.977        12.496940229595134        187454103443.92673        6.1794298947341950E-005   0.0000000000000000        0.0000000000000000        0.0000000000000000       -8.0254868879938164E-023   0.0000000000000000        0.0000000000000000        0.0000000000000000     
   164041059999967.84        0.0000000000000000        0.0000000000000000       -319999.99928449641        0.0000000000000000        0.0000000000000000        3.2939590854476968E-008   0.0000000000000000        0.0000000000000000        1562.5000000000000        1.0000000000000003E-010   15624999999999.994        12.496932235556326        187453983533.34482        6.1794143796131386E-005   0.0000000000000000        0.0000000000000000        0.0000000000000000       -6.5475927300691438E-023   0.0000000000000000        0.0000000000000000        0.0000000000000000     
   179666059999967.84        0.0000000000000000        0.0000000000000000       -319999.99935424421        0.0000000000000000        0.0000000000000000        3.2784760155557497E-008   0.0000000000000000        0.0000000000000000        1562.5000000000000        1.0000000000000000E-010   15625000000000.000        12.496840168775366        187452602531.63046        6.1792309084081389E-005   0.0000000000000000        0.0000000000000000        0.0000000000000000       -6.5229765963066954E-023   0.0000000000000000        0.0000000000000000        0.0000000000000000     
   195291059999967.84        0.0000000000000000        0.0000000000000000       -320000.00000000000        0.0000000000000000        0.0000000000000000        2.6686758647416357E-008   0.0000000000000000        0.0000000000000000        1562.5000000000000        1.0000000000000000E-010   15625000000000.000        12.496827397911535        187452410968.67300        6.1792058409616615E-005   0.0000000000000000        0.0000000000000000        0.0000000000000000       -5.3118159657445099E-023   0.0000000000000000        0.0000000000000000        0.0000000000000000     
   210916059999967.84        0.0000000000000000        0.0000000000000000       -320000.00000000000        0.0000000000000000        0.0000000000000000        2.6109022061419808E-008   0.0000000000000000        0.0000000000000000        1562.5000000000000        1.0000000000000000E-010   15625000000000.000        12.496758940519486        187451384107.79227        6.1790691650253512E-005   0.0000000000000000        0.0000000000000000        0.0000000000000000       -5.2016148551053040E-023   0.0000000000000000        0.0000000000000000        0.0000000000000000     
   226541059999967.84        0.0000000000000000        0.0000000000000000       -320000.00000000000        0.0000000000000000        0.0000000000000000        2.1239260651448731E-008   0.0000000000000000        0.0000000000000000        1562.5000000000000        1.0000000000000000E-010   15625000000000.000        12.496744098668113        187451161480.02167        6.1790398824538610E-005   0.0000000000000000        0.0000000000000000        0.0000000000000000       -4.2350769945327138E-023   0.0000000000000000        0.0000000000000000        0.0000000000000000     
   242166059999967.84        0.0000000000000000        0.0000000000000000       -320000.00000000000        0.0000000000000000        0.0000000000000000        2.0375993262932250E-008   0.0000000000000000        0.0000000000000000        1562.5000000000000        1.0000000000000000E-010   15625000000000.000        12.496694108855156        187450411632.82730        6.1789398879154791E-005   0.0000000000000000        0.0000000000000000        0.0000000000000000       -4.0663396053167211E-023   0.0000000000000000        0.0000000000000000        0.0000000000000000     
   257791059999967.84        0.0000000000000000        0.0000000000000000       -320000.00000000000        0.0000000000000000        0.0000000000000000        1.6580529292290215E-008   0.0000000000000000        0.0000000000000000        1562.5000000000000        1.0000000000000024E-010   15624999999999.967        12.496679247574567        187450188713.61804        6.1789104581874330E-005   0.0000000000000000        0.0000000000000000        0.0000000000000000       -3.3113416580575154E-023   0.0000000000000000        0.0000000000000000        0.0000000000000000     
   273416059999967.84        0.0000000000000000        0.0000000000000000       -320000.00000000000        0.0000000000000000        0.0000000000000000        1.5560366052740946E-008   0.0000000000000000        0.0000000000000000        1562.5000000000000        1.0000000000000265E-010   15624999999999.584        12.496643356795065        187449650351.92099        6.1788385303376375E-005   0.0000000000000000        0.0000000000000000        0.0000000000000000       -3.1107716582453442E-023   0.0000000000000000        0.0000000000000000        0.0000000000000000     
   289041059999966.94        0.0000000000000000        0.0000000000000000       -320000.00000000000        0.0000000000000000        0.0000000000000000        1.2646469740916185E-008   0.0000000000000000        0.0000000000000000        1562.5000000000000        1.0000000000000267E-010   15624999999999.580        12.496629853557220        187449447803.35327        6.1788117051105054E-005   0.0000000000000000        0.0000000000000000        0.0000000000000000       -2.5298984940101080E-023   0.0000000000000000        0.0000000000000000        0.0000000000000000     
   304666059999966.94        0.0000000000000000        0.0000000000000000       -320000.00000000000        0.0000000000000000        0.0000000000000000        1.1581834288228271E-008   0.0000000000000000        0.0000000000000000        1562.5000000000000        1.0000000000000025E-010   15624999999999.963        12.496604539171875        187449068087.57764        6.1787608793129132E-005   0.0000000000000000        0.0000000000000000        0.0000000000000000       -2.3196345143848111E-023   0.0000000000000000        0.0000000000000000        0.0000000000000000     
   320291059999966.94        0.0000000000000000        0.0000000000000000       -320000.00000000000        0.0000000000000000        0.0000000000000000        9.3612413257930030E-009   0.0000000000000000        0.0000000000000000        1562.5000000000000        1.0000000000000000E-010   15625000000000.000        12.496593184371772        187448897765.57654        6.1787382564994220E-005   0.0000000000000000        0.0000000000000000        0.0000000000000000       -1.8760266126306940E-023   0.0000000000000000        0.0000000000000000        0.0000000000000000     
   335916059999966.94        0.0000000000000000        0.0000000000000000       -320000.00000000000        0.0000000000000000        0.0000000000000000        8.3298787580352434E-009   0.0000000000000000        0.0000000000000000        1562.5000000000000        1.0000000000000000E-010   15625000000000.000        12.496575732765836        187448635991.48749        6.1787031535055772E-005   0.0000000000000000        0.0000000000000000        0.0000000000000000       -1.6715268157418911E-023   0.0000000000000000        0.0000000000000000        0.0000000000000000     
   351541059999966.94        0.0000000000000000        0.0000000000000000       -320000.00000000000        0.0000000000000000        0.0000000000000000        6.6328861789229018E-009   0.0000000000000000        0.0000000000000000        1562.5000000000000        1.0000000000000000E-010   15625000000000.000        12.496566873408364        187448503101.12543        6.1786854532041286E-005   0.0000000000000000        0.0000000000000000        0.0000000000000000       -1.3318334464895890E-023   0.0000000000000000        0.0000000000000000        0.0000000000000000     
   367166059999966.94        0.0000000000000000        0.0000000000000000       -320000.00000000000        0.0000000000000000        0.0000000000000000        5.6768714706465626E-009   0.0000000000000000        0.0000000000000000        1562.5000000000000        1.0000000000000002E-010   15624999999999.996        12.496555280441493        187448329206.62234        6.1786620897099435E-005   0.0000000000000000        0.0000000000000000        0.0000000000000000       -1.1416184069115474E-023   0.0000000000000000        0.0000000000000000        0.0000000000000000     
   382791059999966.94        0.0000000000000000        0.0000000000000000       -320000.00000000000        0.0000000000000000        0.0000000000000000        4.3584893193986250E-009   0.0000000000000000        0.0000000000000000        1562.5000000000000        1.0000000000000002E-010   15624999999999.996        12.496548976048263        187448234640.72391        6.1786494569133254E-005   0.0000000000000000        0.0000000000000000        0.0000000000000000       -8.7726251477608748E-024   0.0000000000000000        0.0000000000000000        0.0000000000000000     
   398416059999966.94        0.0000000000000000        0.0000000000000000       -320000.00000000000        0.0000000000000000        0.0000000000000000        3.4898389693194539E-009   0.0000000000000000        0.0000000000000000        1562.5000000000000        1.0000000000000000E-010   15625000000000.000        12.496541825113592        187448127376.70386        6.1786350095110177E-005   0.0000000000000000        0.0000000000000000        0.0000000000000000       -7.0395953175502368E-024   0.0000000000000000        0.0000000000000000        0.0000000000000000     
   414041059999966.94        0.0000000000000000        0.0000000000000000       -320000.00000000000        0.0000000000000000        0.0000000000000000        2.4301887003059099E-009   0.0000000000000000        0.0000000000000000        1562.5000000000000        1.0000000000000000E-010   15625000000000.000        12.496537984434578        187448069766.51865        6.1786272817503459E-005   0.0000000000000000        0.0000000000000000        0.0000000000000000       -4.9126262963205063E-024   0.0000000000000000        0.0000000000000000        0.0000000000000000     
   429666059999966.94        0.0000000000000000        0.0000000000000000       -320000.00000000000        0.0000000000000000        0.0000000000000000        1.6397376584692213E-009   0.0000000000000000        0.0000000000000000        1562.5000000000000        1.0000000000000000E-010   15625000000000.000        12.496534328496995        187448014927.45490        6.1786198565153301E-005   0.0000000000000000        0.0000000000000000        0.0000000000000000       -3.3331853501614741E-024   0.0000000000000000        0.0000000000000000        0.0000000000000000     
   445291059999966.94        0.0000000000000000        0.0000000000000000       -320000.00000000000        0.0000000000000000        0.0000000000000000        7.4133732423840646E-010   0.0000000000000000        0.0000000000000000        1562.5000000000000        1.0000000000000000E-010   15625000000000.000        12.496532810752020        187447992161.28030        6.1786167633840898E-005   0.0000000000000000        0.0000000000000000        0.0000000000000000       -1.5300704026260244E-024   0.0000000000000000        0.0000000000000000        0.0000000000000000     
   460916059999966.94        0.0000000000000000        0.0000000000000000       -320000.00000000000        0.0000000000000000        0.0000000000000000        8.5788758838434549E-012   0.0000000000000000        0.0000000000000000        1562.5000000000000        1.0000000000000000E-010   15625000000000.000        12.496532072193682        187447981082.90521        6.1786151987229478E-005   0.0000000000000000        0.0000000000000000        0.0000000000000000       -6.6068138807051711E-026   0.0000000000000000        0.0000000000000000        0.0000000000000000     
   476541059999966.94        0.0000000000000000        0.0000000000000000       -320000.00000000000        0.0000000000000000        0.0000000000000000       -8.0720482585935965E-010   0.0000000000000000        0.0000000000000000        1562.5000000000000        1.0000000000000000E-010   15625000000000.000        12.496532747509308        187447991212.63959        6.1786164820340706E-005   0.0000000000000000        0.0000000000000000        0.0000000000000000        1.5686523216080123E-024   0.0000000000000000        0.0000000000000000        0.0000000000000000     
   492166059999966.94        0.0000000000000000        0.0000000000000000       -320000.00000000000        0.0000000000000000        0.0000000000000000       -1.5048933117944284E-009   0.0000000000000000        0.0000000000000000        1562.5000000000000        1.0000000000000002E-010   15624999999999.996        12.496534639224524        187448019588.36783        6.1786201924603172E-005   0.0000000000000000        0.0000000000000000        0.0000000000000000        2.9598223240823862E-024   0.0000000000000000        0.0000000000000000        0.0000000000000000     
   507791059999966.94        0.0000000000000000        0.0000000000000000       -320000.00000000000        0.0000000000000000        0.0000000000000000       -2.3010445668398037E-009   0.0000000000000000        0.0000000000000000        1562.5000000000000        1.0000000000000002E-010   15624999999999.996        12.496537410428436        187448061156.42651        6.1786256504724559E-005   0.0000000000000000        0.0000000000000000        0.0000000000000000        4.5504947587815522E-024   0.0000000000000000        0.0000000000000000        0.0000000000000000     
   523416059999966.94        0.0000000000000000        0.0000000000000000       -320000.00000000000        0.0000000000000000        0.0000000000000000       -2.9803469452489469E-009   0.0000000000000000        0.0000000000000000        1562.5000000000000        1.0000000000000000E-010   15625000000000.000        12.496541876131497        187448128141.97241        6.1786345076762474E-005   0.0000000000000000        0.0000000000000000        0.0000000000000000        5.9000358694075042E-024   0.0000000000000000        0.0000000000000000        0.0000000000000000     
   539041059999966.94        0.0000000000000000        0.0000000000000000       -320000.00000000000        0.0000000000000000        0.0000000000000000       -3.8062822293055856E-009   0.0000000000000000        0.0000000000000000        1562.5000000000000        9.9999999999999551E-011   15625000000000.068        12.496546667041356        187448200005.62119        6.1786439734282225E-005   0.0000000000000000        0.0000000000000000        0.0000000000000000        7.5439407239531282E-024   0.0000000000000000        0.0000000000000000        0.0000000000000000     
   554666059999966.94        0.0000000000000000        0.0000000000000000       -320000.00000000000        0.0000000000000000        0.0000000000000000       -4.4714665260961502E-009   0.0000000000000000        0.0000000000000000        1562.5000000000000        9.9999999999995053E-011   15625000000000.771        12.496553835359903        187448307530.40781        6.1786582142477542E-005   0.0000000000000000        0.0000000000000000        0.0000000000000000        8.8590014118299061E-024   0.0000000000000000        0.0000000000000000        0.0000000000000000     
   570291059999968.62        0.0000000000000000        0.0000000000000000       -320000.00000000000        0.0000000000000000        0.0000000000000000       -5.3635646808324570E-009   0.0000000000000000        0.0000000000000000        1562.5000000000000        9.9999999999995053E-011   15625000000000.771        12.496560552789571        187448408291.85281        6.1786714825345367E-005   0.0000000000000000        0.0000000000000000        0.0000000000000000        1.0627404182945132E-023   0.0000000000000000        0.0000000000000000        0.0000000000000000     
   585916059999968.62        0.0000000000000000        0.0000000000000000       -320000.00000000000        0.0000000000000000        0.0000000000000000       -6.0023084798403971E-009   0.0000000000000000        0.0000000000000000        1562.5000000000000        9.9999999999999551E-011   15625000000000.068        12.496570697570608        187448560463.55994        6.1786916291660488E-005   0.0000000000000000        0.0000000000000000        0.0000000000000000        1.1882863461330591E-023   0.0000000000000000        0.0000000000000000        0.0000000000000000     
   601541059999968.62        0.0000000000000000        0.0000000000000000       -320000.00000000000        0.0000000000000000        0.0000000000000000       -6.9827769054121158E-009   0.0000000000000000        0.0000000000000000        1562.5000000000000        1.0000000000000000E-010   15625000000000.000        12.496579177247503        187448687658.71252        6.1787083519021366E-005   0.0000000000000000        0.0000000000000000        0.0000000000000000        1.3818814723405279E-023   0.0000000000000000        0.0000000000000000        0.0000000000000000     
   617166059999968.62        0.0000000000000000        0.0000000000000000       -320000.00000000000        0.0000000000000000        0.0000000000000000       -7.5641560133277864E-009   0.0000000000000000        0.0000000000000000        1562.5000000000000        1.0000000000000002E-010   15624999999999.996        12.496592675858633        187448890137.87946        6.1787351279515550E-005   0.0000000000000000        0.0000000000000000        0.0000000000000000        1.4953993420866820E-023   0.0000000000000000        0.0000000000000000        0.0000000000000000     
   632791059999968.62        0.0000000000000000        0.0000000000000000       -320000.00000000000        0.0000000000000000        0.0000000000000000       -8.6378084269283382E-009   0.0000000000000000        0.0000000000000000        1562.5000000000000        1.0000000000000002E-010   15624999999999.996        12.496602622324350        187449039334.86520        6.1787547002316025E-005   0.0000000000000000        0.0000000000000000        0.0000000000000000        1.7065963283714214E-023   0.0000000000000000        0.0000000000000000        0.0000000000000000     
   648416059999968.62        0.0000000000000000        0.0000000000000000       -320000.00000000000        0.0000000000000000        0.0000000000000000       -9.1155992456457982E-009   0.0000000000000000        0.0000000000000000        1562.5000000000000        1.0000000000000000E-010   15625000000000.000        12.496619900784044        187449298511.76062        6.1787889206246731E-005   0.0000000000000000        0.0000000000000000        0.0000000000000000        1.7991086262877526E-023   0.0000000000000000        0.0000000000000000        0.0000000000000000     
   664041059999968.62        0.0000000000000000        0.0000000000000000       -320000.00000000000        0.0000000000000000        0.0000000000000000       -1.0264085826826239E-008   0.0000000000000000        0.0000000000000000        1562.5000000000000        1.0000000000000000E-010   15625000000000.000        12.496630843676225        187449462655.14337        6.1788103987940951E-005   0.0000000000000000        0.0000000000000000        0.0000000000000000        2.0241908030416893E-023   0.0000000000000000        0.0000000000000000        0.0000000000000000     
   679666059999968.62        0.0000000000000000        0.0000000000000000       -320000.00000000000        0.0000000000000000        0.0000000000000000       -1.0584395935257807E-008   0.0000000000000000        0.0000000000000000        1562.5000000000000        1.0000000000000000E-010   15625000000000.000        12.496652295062756        187449784425.94131        6.1788528080614866E-005   0.0000000000000000        0.0000000000000000        0.0000000000000000        2.0853465439152858E-023   0.0000000000000000        0.0000000000000000        0.0000000000000000     
   695291059999968.62        0.0000000000000000        0.0000000000000000       -320000.00000000000        0.0000000000000000        0.0000000000000000       -1.1759135711200310E-008   0.0000000000000000        0.0000000000000000        1562.5000000000000        1.0000000000000000E-010   15625000000000.000        12.496663580225450        187449953703.38171        6.1788748974146075E-005   0.0000000000000000        0.0000000000000000        0.0000000000000000        2.3146772418691437E-023   0.0000000000000000        0.0000000000000000        0.0000000000000000     
   710916059999968.62        0.0000000000000000        0.0000000000000000       -320000.00000000000        0.0000000000000000        0.0000000000000000       -1.1873274530661893E-008   0.0000000000000000        0.0000000000000000        1562.5000000000000        1.0000000000000000E-010   15625000000000.000        12.496689447532770        187450341712.99152        6.1789259393735171E-005   0.0000000000000000        0.0000000000000000        0.0000000000000000        2.3352562923481764E-023   0.0000000000000000        0.0000000000000000        0.0000000000000000     
   726541059999968.62        0.0000000000000000        0.0000000000000000       -320000.00000000000        0.0000000000000000        0.0000000000000000       -1.2988729787982783E-008   0.0000000000000000        0.0000000000000000        1562.5000000000000        1.0000000000000000E-010   15625000000000.000        12.496700283671895        187450504255.07840        6.1789470896394917E-005   0.0000000000000000        0.0000000000000000        0.0000000000000000        2.5520231780285009E-023   0.0000000000000000        0.0000000000000000        0.0000000000000000     
   742166059999968.62        0.0000000000000000        0.0000000000000000       -320000.00000000000        0.0000000000000000        0.0000000000000000       -1.2868778659692145E-008   0.0000000000000000        0.0000000000000000        1562.5000000000000        1.0000000000000000E-010   15625000000000.000        12.496730505474064        187450957582.11093        6.1790066069222755E-005   0.0000000000000000        0.0000000000000000        0.0000000000000000        2.5269270462838685E-023   0.0000000000000000        0.0000000000000000        0.0000000000000000     
   757791059999968.62        0.0000000000000000        0.0000000000000000       -320000.00000000000        0.0000000000000000        0.0000000000000000       -1.3800016425807641E-008   0.0000000000000000        0.0000000000000000        1562.5000000000000        1.0000000000000002E-010   15624999999999.996        12.496740074989605        187451101124.84402        6.1790252306187840E-005   0.0000000000000000        0.0000000000000000        0.0000000000000000        2.7067406187502442E-023   0.0000000000000000        0.0000000000000000        0.0000000000000000     
   773416059999968.62        0.0000000000000000        0.0000000000000000       -320000.00000000000        0.0000000000000000        0.0000000000000000       -1.3452647168866093E-008   0.0000000000000000        0.0000000000000000        1562.5000000000000        1.0000000000000000E-010   15625000000000.000        12.496774110396684        187451611655.95026        6.1790921272229500E-005   0.0000000000000000        0.0000000000000000        0.0000000000000000        2.6375705025226052E-023   0.0000000000000000        0.0000000000000000        0.0000000000000000     
   789041059999968.62        0.0000000000000000        0.0000000000000000       -320000.00000000000        0.0000000000000000        0.0000000000000000       -1.4044902065491680E-008   0.0000000000000000        0.0000000000000000        1562.5000000000000        1.0000000000000002E-010   15624999999999.996        12.496781731678185        187451725975.17273        6.1791069143647776E-005   0.0000000000000000        0.0000000000000000        0.0000000000000000        2.7498421910976285E-023   0.0000000000000000        0.0000000000000000        0.0000000000000000     
   804666059999968.62        0.0000000000000000        0.0000000000000000       -320000.00012138061        0.0000000000000000        0.0000000000000000       -1.3527464471725020E-008   0.0000000000000000        0.0000000000000000        1562.5000000000000        1.0000000000000002E-010   15624999999999.996        12.496818404020640        187452276060.30954        6.1791788584007859E-005   0.0000000000000000        0.0000000000000000        0.0000000000000000        2.6459137641510540E-023   0.0000000000000000        0.0000000000000000        0.0000000000000000     
   820291059999968.62        0.0000000000000000        0.0000000000000000       -320000.00127665792        0.0000000000000000        0.0000000000000000       -1.3576901914400918E-008   0.0000000000000000        0.0000000000000000        1562.5000000000000        1.0000000000000000E-010   15625000000000.000        12.496823705481017        187452355582.21524        6.1791891096620868E-005   0.0000000000000000        0.0000000000000000        0.0000000000000000        2.6577956547613536E-023   0.0000000000000000        0.0000000000000000        0.0000000000000000     
   835916059999968.62        0.0000000000000000        0.0000000000000000       -320000.00138536352        0.0000000000000000        0.0000000000000000       -1.2962233576770200E-008   0.0000000000000000        0.0000000000000000        1562.5000000000000        1.0000000000000000E-010   15625000000000.000        12.496861124985788        187452916874.78680        6.1792623919114148E-005   0.0000000000000000        0.0000000000000000        0.0000000000000000        2.5346478561224089E-023   0.0000000000000000        0.0000000000000000        0.0000000000000000     
   851541059999968.62        0.0000000000000000        0.0000000000000000       -320000.00169079710        0.0000000000000000        0.0000000000000000       -1.2372614941832324E-008   0.0000000000000000        0.0000000000000000        1562.5000000000000        1.0000000000000000E-010   15625000000000.000        12.496864169521311        187452962542.81964        6.1792682526290240E-005   0.0000000000000000        0.0000000000000000        0.0000000000000000        2.4175655225371476E-023   0.0000000000000000        0.0000000000000000        0.0000000000000000     
   867166059999968.62        0.0000000000000000        0.0000000000000000       -320000.00168466748        0.0000000000000000        0.0000000000000000       -1.1738062977626264E-008   0.0000000000000000        0.0000000000000000        1562.5000000000000        1.0000000000000002E-010   15624999999999.996        12.496899798451848        187453496976.77768        6.1793379216774596E-005   0.0000000000000000        0.0000000000000000        0.0000000000000000        2.2928592221836566E-023   0.0000000000000000        0.0000000000000000        0.0000000000000000     
   882791059999968.62        0.0000000000000000        0.0000000000000000       -320000.00175205496        0.0000000000000000        0.0000000000000000       -1.0408846280163156E-008   0.0000000000000000        0.0000000000000000        1562.5000000000000        1.0000000000000002E-010   15624999999999.996        12.496901096356682        187453516445.35016        6.1793403990725905E-005   0.0000000000000000        0.0000000000000000        0.0000000000000000        2.0306069622869416E-023   0.0000000000000000        0.0000000000000000        0.0000000000000000     
   898416059999968.62        0.0000000000000000        0.0000000000000000       -320000.00201892521        0.0000000000000000        0.0000000000000000       -9.7929980411631375E-009   0.0000000000000000        0.0000000000000000        1562.5000000000000        1.0000000000000000E-010   15625000000000.000        12.496931998778148        187453979981.67221        6.1794007496840684E-005   0.0000000000000000        0.0000000000000000        0.0000000000000000        1.9184544533961249E-023   0.0000000000000000        0.0000000000000000        0.0000000000000000     
   914041059999968.62        0.0000000000000000        0.0000000000000000       -320000.00247239933        0.0000000000000000        0.0000000000000000       -1.2274512819645325E-008   0.0000000000000000        0.0000000000000000        1562.5000000000000        1.0000000000000000E-010   15625000000000.000        12.496932374336456        187453985615.04681        6.1794014501737930E-005   0.0000000000000000        0.0000000000000000        0.0000000000000000        1.5143638547581575E-023   0.0000000000000000        0.0000000000000000        0.0000000000000000     
   929666059999968.62        0.0000000000000000        0.0000000000000000       -320000.00966876739        0.0000000000000000        0.0000000000000000       -2.0820170991204842E-007   0.0000000000000000        0.0000000000000000        1562.5000000000000        1.0000000110867015E-010   15624999826770.291        12.496955774352100        187454334537.03125        6.1794468310854585E-005   0.0000000000000000        0.0000000000000000        0.0000000000000000        1.4204040971892494E-023   0.0000000000000000        0.0000000000000000        0.0000000000000000     
   945291059999968.62        0.0000000000000000        0.0000000000000000       -320003.99155764363        0.0000000000000000        0.0000000000000000       -5.3602311131845947E-005   0.0000000000000000        0.0000000000000000        1562.5000000000000        1.0000001108669895E-010   15624998267703.482        12.496957374446572        187454339834.20023        6.1794474715042244E-005   0.0000000000000000        0.0000000000000000        0.0000000000000000        9.0003989722738230E-024   0.0000000000000000        0.0000000000000000        0.0000000000000000     
   960916055842457.50        0.0000000000000000        0.0000000000000000       -320124.07820713444        0.0000000000000000        0.0000000000000000       -1.8509947594781682E-003   0.0000000000000000        0.0000000000000000        1562.5000000000000        9.9999994280477688E-011   15625000893675.412        12.496968430968753        187454537186.03534        6.1794731879281814E-005   0.0000000000000000        0.0000000000000000        0.0000000000000000        8.2029057864073613E-024   0.0000000000000000        0.0000000000000000        0.0000000000000000     
   976541059999968.75        0.0000000000000000        0.0000000000000000       -319961.09545506706        0.0000000000000000        0.0000000000000000        5.8067719345277510E-004   0.0000000000000000        0.0000000000000000        1562.5000000000000        9.9096794732687037E-011   15767412096575.207        12.384096897274864        187454552854.32114        6.1794753966599235E-005   0.0000000000000000        0.0000000000000000        0.0000000000000000        1.4397107835442378E-024   0.0000000000000000        0.0000000000000000        0.0000000000000000     
   992166081448263.62        0.0000000000000000        0.0000000000000000       -319359.38391181384        0.0000000000000000        0.0000000000000000        9.5611321947663766E-003   0.0000000000000000        0.0000000000000000        1562.5000000000000        6.8979793451463489E-011   22651561012565.629        8.6203841215733839        187454550606.30856        6.1794751883167569E-005   0.0000000000000000        0.0000000000000000        0.0000000000000000        7.7706083280716274E-025   0.0000000000000000        0.0000000000000000        0.0000000000000000     
