   71000.000000000000     
  -992164803948268.62        0.0000000000000000        0.0000000000000000        319321.13938326482        0.0000000000000000        0.0000000000000000       -9.5611198878539378E-003   0.0000000000000000        0.0000000000000000        1562.5000000000000        6.8979785178441059E-011   22651563729258.219        8.6203736487860088        187454345352.47479        6.1794485053928594E-005   0.0000000000000000        0.0000000000000000        0.0000000000000000       -7.1101489648379703E-025   0.0000000000000000        0.0000000000000000        0.0000000000000000     
  -976539779999973.75        0.0000000000000000        0.0000000000000000        319958.77273657481        0.0000000000000000        0.0000000000000000       -5.8067789927441159E-004   0.0000000000000000        0.0000000000000000        1562.5000000000000        9.9096786136325767E-011   15767413464352.871        12.384082228832686        187454347083.40762        6.1794486422477165E-005   0.0000000000000000        0.0000000000000000        0.0000000000000000       -1.2875475993151639E-024   0.0000000000000000        0.0000000000000000        0.0000000000000000     
  -960914775342462.50        0.0000000000000000        0.0000000000000000        320131.48198490014        0.0000000000000000        0.0000000000000000        1.8508944414265158E-003   0.0000000000000000        0.0000000000000000        1562.5000000000000        9.9999993613816837E-011   15625000997841.182        12.496954808573156        187454334099.77444        6.1794467688365017E-005   0.0000000000000000        0.0000000000000000        0.0000000000000000       -7.4786449177276034E-024   0.0000000000000000        0.0000000000000000        0.0000000000000000     
  -945289779999973.62        0.0000000000000000        0.0000000000000000        320004.20612849825        0.0000000000000000        0.0000000000000000        5.3687106970982815E-005   0.0000000000000000        0.0000000000000000        1562.5000000000000        1.0000001242003298E-010   15624998059370.088        12.496945102894609        187454153261.55145        6.1794231771497676E-005   0.0000000000000000        0.0000000000000000        0.0000000000000000       -8.2220586690918592E-024   0.0000000000000000        0.0000000000000000        0.0000000000000000     
  -929664779999973.62        0.0000000000000000        0.0000000000000000        320000.01060008997        0.0000000000000000        0.0000000000000000        2.1938070710945550E-007   0.0000000000000000        0.0000000000000000        1562.5000000000000        1.0000000124200362E-010   15624999805936.938        12.496943440109591        187454149273.45654        6.1794227073714363E-005   0.0000000000000000        0.0000000000000000        0.0000000000000000       -1.3034038597804300E-023   0.0000000000000000        0.0000000000000000        0.0000000000000000     
  -914039779999973.62        0.0000000000000000        0.0000000000000000        320000.00247239933        0.0000000000000000        0.0000000000000000        1.1849043870179523E-008   0.0000000000000000        0.0000000000000000        1562.5000000000000        1.0000000000000000E-010   15625000000000.000        12.496921885409447        187453828281.14169        6.1793809297475981E-005   0.0000000000000000        0.0000000000000000        0.0000000000000000       -1.3892983289261658E-023   0.0000000000000000        0.0000000000000000        0.0000000000000000     
  -898414779999973.62        0.0000000000000000        0.0000000000000000        320000.00201892521        0.0000000000000000        0.0000000000000000        9.0168625589601881E-009   0.0000000000000000        0.0000000000000000        1562.5000000000000        1.0000000000000000E-010   15625000000000.000        12.496921633238985        187453824498.58475        6.1793804663983295E-005   0.0000000000000000        0.0000000000000000        0.0000000000000000       -1.7690146020678080E-023   0.0000000000000000        0.0000000000000000        0.0000000000000000     
  -882789779999973.62        0.0000000000000000        0.0000000000000000        320000.00175205496        0.0000000000000000        0.0000000000000000        9.5856886695542087E-009   0.0000000000000000        0.0000000000000000        1562.5000000000000        1.0000000000000000E-010   15625000000000.000        12.496893044471095        187453395667.06641        6.1793246000074880E-005   0.0000000000000000        0.0000000000000000        0.0000000000000000       -1.8711856305233280E-023   0.0000000000000000        0.0000000000000000        0.0000000000000000     
  -867164779999973.62        0.0000000000000000        0.0000000000000000        320000.00168466748        0.0000000000000000        0.0000000000000000        1.0877306156612389E-008   0.0000000000000000        0.0000000000000000        1562.5000000000000        1.0000000000000000E-010   15625000000000.000        12.496892007917939        187453380118.76907        6.1793226242967621E-005   0.0000000000000000        0.0000000000000000        0.0000000000000000       -2.1258699996109388E-023   0.0000000000000000        0.0000000000000000        0.0000000000000000     
  -851539779999973.62        0.0000000000000000        0.0000000000000000        320000.00169079710        0.0000000000000000        0.0000000000000000        1.1458047866337486E-008   0.0000000000000000        0.0000000000000000        1562.5000000000000        1.0000000000000000E-010   15625000000000.000        12.496858798752866        187452881981.29297        6.1792576561518262E-005   0.0000000000000000        0.0000000000000000        0.0000000000000000       -2.2401400396232677E-023   0.0000000000000000        0.0000000000000000        0.0000000000000000     
  -835914779999973.62        0.0000000000000000        0.0000000000000000        320000.00138536352        0.0000000000000000        0.0000000000000000        1.2088685315305294E-008   0.0000000000000000        0.0000000000000000        1562.5000000000000        1.0000000000000000E-010   15625000000000.000        12.496856226447195        187452843396.70789        6.1792527037050931E-005   0.0000000000000000        0.0000000000000000        0.0000000000000000       -2.3648312219267174E-023   0.0000000000000000        0.0000000000000000        0.0000000000000000     
  -820289779999973.62        0.0000000000000000        0.0000000000000000        320000.00127665792        0.0000000000000000        0.0000000000000000        1.2660396797728633E-008   0.0000000000000000        0.0000000000000000        1562.5000000000000        1.0000000000000000E-010   15625000000000.000        12.496821029685831        187452315445.28745        6.1791837534093191E-005   0.0000000000000000        0.0000000000000000        0.0000000000000000       -2.4795637472480668E-023   0.0000000000000000        0.0000000000000000        0.0000000000000000     
  -804664779999973.62        0.0000000000000000        0.0000000000000000        320000.00012138061        0.0000000000000000        0.0000000000000000        1.2708285547597558E-008   0.0000000000000000        0.0000000000000000        1562.5000000000000        1.0000000000000000E-010   15625000000000.000        12.496816421601631        187452246324.02444        6.1791748400136112E-005   0.0000000000000000        0.0000000000000000        0.0000000000000000       -2.4862381423160910E-023   0.0000000000000000        0.0000000000000000        0.0000000000000000     
  -789039779999973.62        0.0000000000000000        0.0000000000000000        320000.00000000000        0.0000000000000000        0.0000000000000000        1.3205768068169458E-008   0.0000000000000000        0.0000000000000000        1562.5000000000000        1.0000000000000000E-010   15625000000000.000        12.496781568433088        187451723526.49628        6.1791064566614267E-005   0.0000000000000000        0.0000000000000000        0.0000000000000000       -2.5861193959167875E-023   0.0000000000000000        0.0000000000000000        0.0000000000000000     
  -773414779999973.62        0.0000000000000000        0.0000000000000000        320000.00000000000        0.0000000000000000        0.0000000000000000        1.2739840101565756E-008   0.0000000000000000        0.0000000000000000        1562.5000000000000        1.0000000000000000E-010   15625000000000.000        12.496774805367284        187451622080.50925        6.1790933318806479E-005   0.0000000000000000        0.0000000000000000        0.0000000000000000       -2.4981268960020360E-023   0.0000000000000000        0.0000000000000000        0.0000000000000000     
  -757789779999973.62        0.0000000000000000        0.0000000000000000        320000.00000000000        0.0000000000000000        0.0000000000000000        1.3096706463877935E-008   0.0000000000000000        0.0000000000000000        1562.5000000000000        1.0000000000000000E-010   15625000000000.000        12.496742092618474        187451131389.27710        6.1790290399654833E-005   0.0000000000000000        0.0000000000000000        0.0000000000000000       -2.5688917236260318E-023   0.0000000000000000        0.0000000000000000        0.0000000000000000     
  -742164779999973.62        0.0000000000000000        0.0000000000000000        320000.00000000000        0.0000000000000000        0.0000000000000000        1.2295903008942754E-008   0.0000000000000000        0.0000000000000000        1562.5000000000000        1.0000000000000000E-010   15625000000000.000        12.496733444406180        187451001666.09268        6.1790122093870444E-005   0.0000000000000000        0.0000000000000000        0.0000000000000000       -2.4142805844423171E-023   0.0000000000000000        0.0000000000000000        0.0000000000000000     
  -726539779999973.62        0.0000000000000000        0.0000000000000000        320000.00000000000        0.0000000000000000        0.0000000000000000        1.2453236235608287E-008   0.0000000000000000        0.0000000000000000        1562.5000000000000        1.0000000000000000E-010   15625000000000.000        12.496704054762882        187450560821.44321        6.1789543472011020E-005   0.0000000000000000        0.0000000000000000        0.0000000000000000       -2.4463634803236624E-023   0.0000000000000000        0.0000000000000000        0.0000000000000000     
  -710914779999973.62        0.0000000000000000        0.0000000000000000        320000.00000000000        0.0000000000000000        0.0000000000000000        1.1454250510775611E-008   0.0000000000000000        0.0000000000000000        1562.5000000000000        1.0000000000000000E-010   15625000000000.000        12.496694090578155        187450411358.67227        6.1789349043052952E-005   0.0000000000000000        0.0000000000000000        0.0000000000000000       -2.2522037967237506E-023   0.0000000000000000        0.0000000000000000        0.0000000000000000     
  -695289779999973.62        0.0000000000000000        0.0000000000000000        320000.00000000000        0.0000000000000000        0.0000000000000000        1.1396912100647490E-008   0.0000000000000000        0.0000000000000000        1562.5000000000000        1.0000000000000000E-010   15625000000000.000        12.496668637597802        187450029563.96698        6.1788847044778541E-005   0.0000000000000000        0.0000000000000000        0.0000000000000000       -2.2424197365514610E-023   0.0000000000000000        0.0000000000000000        0.0000000000000000     
  -679664779999973.62        0.0000000000000000        0.0000000000000000        320000.00000000000        0.0000000000000000        0.0000000000000000        1.0314417433081981E-008   0.0000000000000000        0.0000000000000000        1562.5000000000000        1.0000000000000000E-010   15625000000000.000        12.496658084478046        187449871267.17065        6.1788640601957519E-005   0.0000000000000000        0.0000000000000000        0.0000000000000000       -2.0310720512604962E-023   0.0000000000000000        0.0000000000000000        0.0000000000000000     
  -664039779999973.62        0.0000000000000000        0.0000000000000000        320000.00000000000        0.0000000000000000        0.0000000000000000        1.0058181212468093E-008   0.0000000000000000        0.0000000000000000        1562.5000000000000        1.0000000000000000E-010   15625000000000.000        12.496636734363232        187449551015.44846        6.1788218808953282E-005   0.0000000000000000        0.0000000000000000        0.0000000000000000       -1.9822030883296275E-023   0.0000000000000000        0.0000000000000000        0.0000000000000000     
  -648414779999973.62        0.0000000000000000        0.0000000000000000        320000.00000000000        0.0000000000000000        0.0000000000000000        8.9738679846585830E-009   0.0000000000000000        0.0000000000000000        1562.5000000000000        1.0000000000000000E-010   15625000000000.000        12.496626334808981        187449395022.13467        6.1788014881113322E-005   0.0000000000000000        0.0000000000000000        0.0000000000000000       -1.7696891123996555E-023   0.0000000000000000        0.0000000000000000        0.0000000000000000     
  -632789779999973.62        0.0000000000000000        0.0000000000000000        320000.00000000000        0.0000000000000000        0.0000000000000000        8.5552009100319148E-009   0.0000000000000000        0.0000000000000000        1562.5000000000000        1.0000000000000000E-010   15625000000000.000        12.496608954970801        187449134324.56201        6.1787670991639282E-005   0.0000000000000000        0.0000000000000000        0.0000000000000000       -1.6885956665523764E-023   0.0000000000000000        0.0000000000000000        0.0000000000000000     
  -617164779999973.62        0.0000000000000000        0.0000000000000000        320000.00000000000        0.0000000000000000        0.0000000000000000        7.5179195955628782E-009   0.0000000000000000        0.0000000000000000        1562.5000000000000        1.0000000000000000E-010   15625000000000.000        12.496599360565011        187448990408.47513        6.1787482440926018E-005   0.0000000000000000        0.0000000000000000        0.0000000000000000       -1.4845672128031493E-023   0.0000000000000000        0.0000000000000000        0.0000000000000000     
  -601539779999973.62        0.0000000000000000        0.0000000000000000        320000.00000000000        0.0000000000000000        0.0000000000000000        6.9811792082129967E-009   0.0000000000000000        0.0000000000000000        1562.5000000000000        1.0000000000000000E-010   15625000000000.000        12.496585658879550        187448784883.19324        6.1787210977076748E-005   0.0000000000000000        0.0000000000000000        0.0000000000000000       -1.3797340763353007E-023   0.0000000000000000        0.0000000000000000        0.0000000000000000     
  -585914779999973.62        0.0000000000000000        0.0000000000000000        320000.00000000000        0.0000000000000000        0.0000000000000000        6.0115714346465420E-009   0.0000000000000000        0.0000000000000000        1562.5000000000000        9.9999999999999551E-011   15625000000000.068        12.496577375591567        187448660633.87433        6.1787047899690653E-005   0.0000000000000000        0.0000000000000000        0.0000000000000000       -1.1883256698061382E-023   0.0000000000000000        0.0000000000000000        0.0000000000000000     
  -570289779999973.62        0.0000000000000000        0.0000000000000000        320000.00000000000        0.0000000000000000        0.0000000000000000        5.3973981433090004E-009   0.0000000000000000        0.0000000000000000        1562.5000000000000        9.9999999999995053E-011   15625000000000.771        12.496567012201124        187448505183.02612        6.1786842401206674E-005   0.0000000000000000        0.0000000000000000        0.0000000000000000       -1.0676155074109086E-023   0.0000000000000000        0.0000000000000000        0.0000000000000000     
  -554664779999971.94        0.0000000000000000        0.0000000000000000        320000.00000000000        0.0000000000000000        0.0000000000000000        4.4935190125262550E-009   0.0000000000000000        0.0000000000000000        1562.5000000000000        9.9999999999995053E-011   15625000000000.771        12.496560394910450        187448405923.66599        6.1786711978364985E-005   0.0000000000000000        0.0000000000000000        0.0000000000000000       -8.8851675910792845E-024   0.0000000000000000        0.0000000000000000        0.0000000000000000     
  -539039779999971.94        0.0000000000000000        0.0000000000000000        320000.00000000000        0.0000000000000000        0.0000000000000000        3.8312297311312312E-009   0.0000000000000000        0.0000000000000000        1562.5000000000000        9.9999999999999551E-011   15625000000000.068        12.496553064628767        187448295969.43231        6.1786566632180637E-005   0.0000000000000000        0.0000000000000000        0.0000000000000000       -7.5765177733734544E-024   0.0000000000000000        0.0000000000000000        0.0000000000000000     
  -523414779999971.94        0.0000000000000000        0.0000000000000000        320000.00000000000        0.0000000000000000        0.0000000000000000        2.9733589644068581E-009   0.0000000000000000        0.0000000000000000        1562.5000000000000        1.0000000000000000E-010   15625000000000.000        12.496548345428907        187448225181.43359        6.1786473652104362E-005   0.0000000000000000        0.0000000000000000        0.0000000000000000       -5.8703644518131806E-024   0.0000000000000000        0.0000000000000000        0.0000000000000000     
  -507789779999971.94        0.0000000000000000        0.0000000000000000        320000.00000000000        0.0000000000000000        0.0000000000000000        2.2768148118177822E-009   0.0000000000000000        0.0000000000000000        1562.5000000000000        1.0000000000000000E-010   15625000000000.000        12.496543836844159        187448157552.66238        6.1786384469647885E-005   0.0000000000000000        0.0000000000000000        0.0000000000000000       -4.4880865899072402E-024   0.0000000000000000        0.0000000000000000        0.0000000000000000     
  -492164779999971.94        0.0000000000000000        0.0000000000000000        320000.00000000000        0.0000000000000000        0.0000000000000000        1.4306385819034747E-009   0.0000000000000000        0.0000000000000000        1562.5000000000000        1.0000000000000000E-010   15625000000000.000        12.496541172537581        187448117588.06369        6.1786332217023078E-005   0.0000000000000000        0.0000000000000000        0.0000000000000000       -2.7994310146181827E-024   0.0000000000000000        0.0000000000000000        0.0000000000000000     
  -476539779999971.94        0.0000000000000000        0.0000000000000000        320000.00000000000        0.0000000000000000        0.0000000000000000        6.9954358051869598E-010   0.0000000000000000        0.0000000000000000        1562.5000000000000        1.0000000000000000E-010   15625000000000.000        12.496539413548428        187448091203.22638        6.1786297950522267E-005   0.0000000000000000        0.0000000000000000        0.0000000000000000       -1.3439835273695045E-024   0.0000000000000000        0.0000000000000000        0.0000000000000000     
  -460914779999971.94        0.0000000000000000        0.0000000000000000        320000.00000000000        0.0000000000000000        0.0000000000000000       -1.8299685745054866E-010   0.0000000000000000        0.0000000000000000        1562.5000000000000        1.0000000000000000E-010   15625000000000.000        12.496538929789379        187448083946.84067        6.1786289056730057E-005   0.0000000000000000        0.0000000000000000        0.0000000000000000        4.2181642326191004E-025   0.0000000000000000        0.0000000000000000        0.0000000000000000     
  -445289779999971.94        0.0000000000000000        0.0000000000000000        320000.00000000000        0.0000000000000000        0.0000000000000000       -9.5978978087210841E-010   0.0000000000000000        0.0000000000000000        1562.5000000000000        1.0000000000000000E-010   15625000000000.000        12.496540031609866        187448100474.14798        6.1786312078755329E-005   0.0000000000000000        0.0000000000000000        0.0000000000000000        1.9707914327536888E-024   0.0000000000000000        0.0000000000000000        0.0000000000000000     
  -429664779999971.94        0.0000000000000000        0.0000000000000000        320000.00000000000        0.0000000000000000        0.0000000000000000       -1.9409307114716435E-009   0.0000000000000000        0.0000000000000000        1562.5000000000000        1.0000000000000000E-010   15625000000000.000        12.496541854252595        187448127813.78891        6.1786349115851185E-005   0.0000000000000000        0.0000000000000000        0.0000000000000000        3.9365792989720299E-024   0.0000000000000000        0.0000000000000000        0.0000000000000000     
  -414039779999971.94        0.0000000000000000        0.0000000000000000        320000.00000000000        0.0000000000000000        0.0000000000000000       -2.7792838954992407E-009   0.0000000000000000        0.0000000000000000        1562.5000000000000        1.0000000000000000E-010   15625000000000.000        12.496546160786744        187448192411.80112        6.1786436406098265E-005   0.0000000000000000        0.0000000000000000        0.0000000000000000        5.6083894691627671E-024   0.0000000000000000        0.0000000000000000        0.0000000000000000     
  -398414779999971.94        0.0000000000000000        0.0000000000000000        320000.00000000000        0.0000000000000000        0.0000000000000000       -3.9372975202063296E-009   0.0000000000000000        0.0000000000000000        1562.5000000000000        1.0000000000000000E-010   15625000000000.000        12.496550422430152        187448256336.45227        6.1786522000537814E-005   0.0000000000000000        0.0000000000000000        0.0000000000000000        7.9288063210272356E-024   0.0000000000000000        0.0000000000000000        0.0000000000000000     
  -382789779999971.94        0.0000000000000000        0.0000000000000000        320000.00000000000        0.0000000000000000        0.0000000000000000       -4.8500909929403357E-009   0.0000000000000000        0.0000000000000000        1562.5000000000000        1.0000000000000000E-010   15625000000000.000        12.496558572279321        187448378584.18979        6.1786686377939980E-005   0.0000000000000000        0.0000000000000000        0.0000000000000000        9.7465826688755380E-024   0.0000000000000000        0.0000000000000000        0.0000000000000000     
  -367164779999971.94        0.0000000000000000        0.0000000000000000        320000.00000000000        0.0000000000000000        0.0000000000000000       -6.2819670606579036E-009   0.0000000000000000        0.0000000000000000        1562.5000000000000        1.0000000000000000E-010   15625000000000.000        12.496565386992801        187448480804.89197        6.1786822699804421E-005   0.0000000000000000        0.0000000000000000        0.0000000000000000        1.2613226827687573E-023   0.0000000000000000        0.0000000000000000        0.0000000000000000     
  -351539779999971.94        0.0000000000000000        0.0000000000000000        320000.00000000000        0.0000000000000000        0.0000000000000000       -7.2702747165382842E-009   0.0000000000000000        0.0000000000000000        1562.5000000000000        1.0000000000000000E-010   15625000000000.000        12.496578392354232        187448675885.31345        6.1787084381933024E-005   0.0000000000000000        0.0000000000000000        0.0000000000000000        1.4576665023281467E-023   0.0000000000000000        0.0000000000000000        0.0000000000000000     
  -335914779999971.94        0.0000000000000000        0.0000000000000000        320000.00000000000        0.0000000000000000        0.0000000000000000       -9.0944597053200298E-009   0.0000000000000000        0.0000000000000000        1562.5000000000000        1.0000000000000000E-010   15625000000000.000        12.496587793869120        187448816908.03677        6.1787271920667755E-005   0.0000000000000000        0.0000000000000000        0.0000000000000000        1.8223255667311185E-023   0.0000000000000000        0.0000000000000000        0.0000000000000000     
  -320289779999971.94        0.0000000000000000        0.0000000000000000        320000.00000000000        0.0000000000000000        0.0000000000000000       -1.0138640931705471E-008   0.0000000000000000        0.0000000000000000        1562.5000000000000        1.0000000000000000E-010   15625000000000.000        12.496607136995829        187449107054.93741        6.1787660418690366E-005   0.0000000000000000        0.0000000000000000        0.0000000000000000        2.0291276975040818E-023   0.0000000000000000        0.0000000000000000        0.0000000000000000     
  -304664779999971.94        0.0000000000000000        0.0000000000000000        320000.00000000000        0.0000000000000000        0.0000000000000000       -1.2496486583857024E-008   0.0000000000000000        0.0000000000000000        1562.5000000000000        1.0000000000000022E-010   15624999999999.965        12.496618980538253        187449284708.07336        6.1787896053106236E-005   0.0000000000000000        0.0000000000000000        0.0000000000000000        2.4996156244820898E-023   0.0000000000000000        0.0000000000000000        0.0000000000000000     
  -289039779999971.94        0.0000000000000000        0.0000000000000000        320000.00000000000        0.0000000000000000        0.0000000000000000       -1.3548694785834701E-008   0.0000000000000000        0.0000000000000000        1562.5000000000000        1.0000000000000230E-010   15624999999999.639        12.496646722165339        187449700832.47574        6.1788452286413859E-005   0.0000000000000000        0.0000000000000000        0.0000000000000000        2.7072548955369590E-023   0.0000000000000000        0.0000000000000000        0.0000000000000000     
  -273414779999972.72        0.0000000000000000        0.0000000000000000        320000.00000000000        0.0000000000000000        0.0000000000000000       -1.6602605014269180E-008   0.0000000000000000        0.0000000000000000        1562.5000000000000        1.0000000000000232E-010   15624999999999.635        12.496660557294225        187449908359.40903        6.1788726802024637E-005   0.0000000000000000        0.0000000000000000        0.0000000000000000        3.3154639612905551E-023   0.0000000000000000        0.0000000000000000        0.0000000000000000     
  -257789779999972.72        0.0000000000000000        0.0000000000000000        320000.00000000000        0.0000000000000000        0.0000000000000000       -1.7583089937292068E-008   0.0000000000000000        0.0000000000000000        1562.5000000000000        1.0000000000000022E-010   15624999999999.965        12.496699442090899        187450491631.36307        6.1789505135364622E-005   0.0000000000000000        0.0000000000000000        0.0000000000000000        3.5081272015385238E-023   0.0000000000000000        0.0000000000000000        0.0000000000000000     
  -242164779999972.72        0.0000000000000000        0.0000000000000000        320000.00000000000        0.0000000000000000        0.0000000000000000       -2.1509114550059292E-008   0.0000000000000000        0.0000000000000000        1562.5000000000000        1.0000000000000000E-010   15625000000000.000        12.496714374841941        187450715622.62909        6.1789800553453445E-005   0.0000000000000000        0.0000000000000000        0.0000000000000000        4.2885064729307308E-023   0.0000000000000000        0.0000000000000000        0.0000000000000000     
  -226539779999972.72        0.0000000000000000        0.0000000000000000        320000.00000000000        0.0000000000000000        0.0000000000000000       -2.2308958653327723E-008   0.0000000000000000        0.0000000000000000        1562.5000000000000        1.0000000000000000E-010   15625000000000.000        12.496767908177924        187451518622.66882        6.1790870249131549E-005   0.0000000000000000        0.0000000000000000        0.0000000000000000        4.4447758999986244E-023   0.0000000000000000        0.0000000000000000        0.0000000000000000     
  -210914779999972.72        0.0000000000000000        0.0000000000000000        320000.00000000000        0.0000000000000000        0.0000000000000000       -2.7282572586824389E-008   0.0000000000000000        0.0000000000000000        1562.5000000000000        1.0000000000000000E-010   15625000000000.000        12.496782482855009        187451737242.82510        6.1791157563628857E-005   0.0000000000000000        0.0000000000000000        0.0000000000000000        5.4313134899611733E-023   0.0000000000000000        0.0000000000000000        0.0000000000000000     
  -195289779999972.72        0.0000000000000000        0.0000000000000000        320000.00000000000        0.0000000000000000        0.0000000000000000       -2.7785779462743020E-008   0.0000000000000000        0.0000000000000000        1562.5000000000000        1.0000000000000000E-010   15625000000000.000        12.496854942353329        187452824135.29993        6.1792602943235494E-005   0.0000000000000000        0.0000000000000000        0.0000000000000000        5.5264242399552863E-023   0.0000000000000000        0.0000000000000000        0.0000000000000000     
  -179664779999972.72        0.0000000000000000        0.0000000000000000        319999.99912141357        0.0000000000000000        0.0000000000000000       -3.3932615422224996E-008   0.0000000000000000        0.0000000000000000        1562.5000000000000        1.0000000000000000E-010   15625000000000.000        12.496867082674056        187453006240.11081        6.1792841038001348E-005   0.0000000000000000        0.0000000000000000        0.0000000000000000        6.7480310965558827E-023   0.0000000000000000        0.0000000000000000        0.0000000000000000     
  -164039779999972.72        0.0000000000000000        0.0000000000000000        319999.99905166577        0.0000000000000000        0.0000000000000000       -3.4014261908285867E-008   0.0000000000000000        0.0000000000000000        1562.5000000000000        1.0000000000000004E-010   15624999999999.994        12.496963425561706        187454451383.42551        6.1794759596306466E-005   0.0000000000000000        0.0000000000000000        0.0000000000000000        6.7579088051208949E-023   0.0000000000000000        0.0000000000000000        0.0000000000000000     
  -148414779999972.72        0.0000000000000000        0.0000000000000000        319999.99808769504        0.0000000000000000        0.0000000000000000       -4.1449484933121860E-008   0.0000000000000000        0.0000000000000000        1562.5000000000000        1.0000000000000033E-010   15624999999999.949        12.496970477471283        187454557162.06860        6.1794896149531221E-005   0.0000000000000000        0.0000000000000000        0.0000000000000000        8.2324680745712809E-023   0.0000000000000000        0.0000000000000000        0.0000000000000000     
  -132789779999972.83        0.0000000000000000        0.0000000000000000        319999.99803374393        0.0000000000000000        0.0000000000000000       -4.1004764016963998E-008   0.0000000000000000        0.0000000000000000        1562.5000000000000        1.0000000000000033E-010   15624999999999.949        12.497096109473258        187456441642.09824        6.1797393985955966E-005   0.0000000000000000        0.0000000000000000        0.0000000000000000        8.1389909377690732E-023   0.0000000000000000        0.0000000000000000        0.0000000000000000     
  -117164779999972.83        0.0000000000000000        0.0000000000000000        319999.99726126430        0.0000000000000000        0.0000000000000000       -4.9739637503667152E-008   0.0000000000000000        0.0000000000000000        1562.5000000000000        1.0000000000000003E-010   15624999999999.996        12.497095013725621        187456425205.88425        6.1797368896785994E-005   0.0000000000000000        0.0000000000000000        0.0000000000000000        9.8672261528804872E-023   0.0000000000000000        0.0000000000000000        0.0000000000000000     
  -101539779999972.83        0.0000000000000000        0.0000000000000000        319999.99722134706        0.0000000000000000        0.0000000000000000       -4.8729006503366125E-008   0.0000000000000000        0.0000000000000000        1562.5000000000000        9.9999999999999913E-011   15625000000000.014        12.497255412952693        187458831194.29056        6.1800553339775378E-005   0.0000000000000000        0.0000000000000000        0.0000000000000000        9.6636719956556008E-023   0.0000000000000000        0.0000000000000000        0.0000000000000000     
  -85914779999972.828        0.0000000000000000        0.0000000000000000        319999.99663829617        0.0000000000000000        0.0000000000000000       -5.8568418080424852E-008   0.0000000000000000        0.0000000000000000        1562.5000000000000        9.9999999999999112E-011   15625000000000.143        12.497243010362036        187458645155.43219        6.1800304709410398E-005   0.0000000000000000        0.0000000000000000        0.0000000000000000        1.1624188212444566E-022   0.0000000000000000        0.0000000000000000        0.0000000000000000     
  -70289779999972.523        0.0000000000000000        0.0000000000000000        319999.99661481503        0.0000000000000000        0.0000000000000000       -5.5409972658312467E-008   0.0000000000000000        0.0000000000000000        1562.5000000000000        9.9999999999999112E-011   15625000000000.139        12.497443230290864        187461648454.36459        6.1804274629695632E-005   0.0000000000000000        0.0000000000000000        0.0000000000000000        1.1319298957293289E-022   0.0000000000000000        0.0000000000000000        0.0000000000000000     
  -54664779999972.523        0.0000000000000000        0.0000000000000000        320000.00562126550        0.0000000000000000        0.0000000000000000        2.0594639372296611E-007   0.0000000000000000        0.0000000000000000        1562.5000000000000        1.0000000199861595E-010   15624999687716.264        12.497416922162801        187461250085.81152        6.1803746703380122E-005   0.0000000000000000        0.0000000000000000        0.0000000000000000        1.3466612420523984E-022   0.0000000000000000        0.0000000000000000        0.0000000000000000     
  -39039779999972.523        0.0000000000000000        0.0000000000000000        319999.98859512719        0.0000000000000000        0.0000000000000000       -2.9102013939423004E-007   0.0000000000000000        0.0000000000000000        1562.5000000000000        1.0000004183496942E-010   15624993463288.766        12.497666025162015        187464911951.54163        6.1808580771167989E-005   0.0000000000000000        0.0000000000000000        0.0000000000000000        1.3085376691474759E-022   0.0000000000000000        0.0000000000000000        0.0000000000000000     
  -23414787494776.328        0.0000000000000000        0.0000000000000000        319788.51994128560        0.0000000000000000        0.0000000000000000       -2.9936942804801425E-003   0.0000000000000000        0.0000000000000000        1562.5000000000000        1.0001237540352650E-010   15623066582467.205        12.499174450465670        187464417278.87817        6.1807743090520350E-005   0.0000000000000000        0.0000000000000000        0.0000000000000000        1.5373987068049045E-022   0.0000000000000000        0.0000000000000000        0.0000000000000000     
  -7789861932363.5400        0.0000000000000000        0.0000000000000000        317695.27953260107        0.0000000000000000        0.0000000000000000       -3.2324340086830480E-002   0.0000000000000000        0.0000000000000000        1562.5000000000000        1.0013335737367304E-010   15604190661151.355        12.514669206550391        187470032985.84195        6.1813380899301113E-005   0.0000000000000000        0.0000000000000000        0.0000000000000000        1.4810235129373118E-022   0.0000000000000000        0.0000000000000000        0.0000000000000000     
   7789861932363.5400        0.0000000000000000        0.0000000000000000       -317695.27953260107        0.0000000000000000        0.0000000000000000        3.2324340086830480E-002   0.0000000000000000        0.0000000000000000        1562.5000000000000        1.0013335737367304E-010   15604190661151.355        12.514669206550391        187470032985.84195        6.1813380899301113E-005   0.0000000000000000        0.0000000000000000        0.0000000000000000       -1.4810235129373118E-022   0.0000000000000000        0.0000000000000000        0.0000000000000000     
   23414787494776.328        0.0000000000000000        0.0000000000000000       -319788.51994128560        0.0000000000000000        0.0000000000000000        2.9936942804801416E-003   0.0000000000000000        0.0000000000000000        1562.5000000000000        1.0001237540352650E-010   15623066582467.205        12.499174450465670        187464417278.87817        6.1807743090520350E-005   0.0000000000000000        0.0000000000000000        0.0000000000000000       -1.5373987068049045E-022   0.0000000000000000        0.0000000000000000        0.0000000000000000     
   39039779999972.523        0.0000000000000000        0.0000000000000000       -319999.98859512719        0.0000000000000000        0.0000000000000000        2.9102013939357952E-007   0.0000000000000000        0.0000000000000000        1562.5000000000000        1.0000004183496940E-010   15624993463288.766        12.497666025162014        187464911951.54163        6.1808580771167989E-005   0.0000000000000000        0.0000000000000000        0.0000000000000000       -1.3085376691474752E-022   0.0000000000000000        0.0000000000000000        0.0000000000000000     
   54664779999972.523        0.0000000000000000        0.0000000000000000       -320000.00562126550        0.0000000000000000        0.0000000000000000       -2.0594639372296611E-007   0.0000000000000000        0.0000000000000000        1562.5000000000000        1.0000000199861595E-010   15624999687716.264        12.497416922162801        187461250085.81152        6.1803746703380122E-005   0.0000000000000000        0.0000000000000000        0.0000000000000000       -1.3466612420523984E-022   0.0000000000000000        0.0000000000000000        0.0000000000000000     
   70289779999972.523        0.0000000000000000        0.0000000000000000       -319999.99661481503        0.0000000000000000        0.0000000000000000        5.5409972657445105E-008   0.0000000000000000        0.0000000000000000        1562.5000000000000        9.9999999999999112E-011   15625000000000.139        12.497443230290864        187461648454.36459        6.1804274629695632E-005   0.0000000000000000        0.0000000000000000        0.0000000000000000       -1.1319298957293289E-022   0.0000000000000000        0.0000000000000000        0.0000000000000000     
   85914779999972.828        0.0000000000000000        0.0000000000000000       -319999.99663829617        0.0000000000000000        0.0000000000000000        5.8568418080424852E-008   0.0000000000000000        0.0000000000000000        1562.5000000000000        9.9999999999999112E-011   15625000000000.143        12.497243010362036        187458645155.43219        6.1800304709410398E-005   0.0000000000000000        0.0000000000000000        0.0000000000000000       -1.1624188212444566E-022   0.0000000000000000        0.0000000000000000        0.0000000000000000     
   101539779999972.83        0.0000000000000000        0.0000000000000000       -319999.99722134706        0.0000000000000000        0.0000000000000000        4.8729006503366125E-008   0.0000000000000000        0.0000000000000000        1562.5000000000000        9.9999999999999913E-011   15625000000000.014        12.497255412952693        187458831194.29056        6.1800553339775378E-005   0.0000000000000000        0.0000000000000000        0.0000000000000000       -9.6636719956556008E-023   0.0000000000000000        0.0000000000000000        0.0000000000000000     
   117164779999972.83        0.0000000000000000        0.0000000000000000       -319999.99726126430        0.0000000000000000        0.0000000000000000        4.9739637503667152E-008   0.0000000000000000        0.0000000000000000        1562.5000000000000        1.0000000000000003E-010   15624999999999.996        12.497095013725621        187456425205.88425        6.1797368896785994E-005   0.0000000000000000        0.0000000000000000        0.0000000000000000       -9.8672261528804872E-023   0.0000000000000000        0.0000000000000000        0.0000000000000000     
   132789779999972.83        0.0000000000000000        0.0000000000000000       -319999.99803374393        0.0000000000000000        0.0000000000000000        4.1004764016963998E-008   0.0000000000000000        0.0000000000000000        1562.5000000000000        1.0000000000000033E-010   15624999999999.949        12.497096109473258        187456441642.09824        6.1797393985955966E-005   0.0000000000000000        0.0000000000000000        0.0000000000000000       -8.1389909377690732E-023   0.0000000000000000        0.0000000000000000        0.0000000000000000     
   148414779999972.72        0.0000000000000000        0.0000000000000000       -319999.99808769504        0.0000000000000000        0.0000000000000000        4.1449484933121860E-008   0.0000000000000000        0.0000000000000000        1562.5000000000000        1.0000000000000033E-010   15624999999999.949        12.496970477471283        187454557162.06860        6.1794896149531221E-005   0.0000000000000000        0.0000000000000000        0.0000000000000000       -8.2324680745712809E-023   0.0000000000000000        0.0000000000000000        0.0000000000000000     
   164039779999972.72        0.0000000000000000        0.0000000000000000       -319999.99905166577        0.0000000000000000        0.0000000000000000        3.4014261907418505E-008   0.0000000000000000        0.0000000000000000        1562.5000000000000        1.0000000000000004E-010   15624999999999.994        12.496963425561706        187454451383.42551        6.1794759596306466E-005   0.0000000000000000        0.0000000000000000        0.0000000000000000       -6.7579088051208949E-023   0.0000000000000000        0.0000000000000000        0.0000000000000000     
   179664779999972.72        0.0000000000000000        0.0000000000000000       -319999.99912141357        0.0000000000000000        0.0000000000000000        3.3932615421899736E-008   0.0000000000000000        0.0000000000000000        1562.5000000000000        1.0000000000000000E-010   15625000000000.000        12.496867082674056        187453006240.11081        6.1792841038001348E-005   0.0000000000000000        0.0000000000000000        0.0000000000000000       -6.7480310965558827E-023   0.0000000000000000        0.0000000000000000        0.0000000000000000     
   195289779999972.72        0.0000000000000000        0.0000000000000000       -320000.00000000000        0.0000000000000000        0.0000000000000000        2.7785779463285121E-008   0.0000000000000000        0.0000000000000000        1562.5000000000000        1.0000000000000000E-010   15625000000000.000        12.496854942353329        187452824135.29993        6.1792602943235494E-005   0.0000000000000000        0.0000000000000000        0.0000000000000000       -5.5264242399552863E-023   0.0000000000000000        0.0000000000000000        0.0000000000000000     
   210914779999972.72        0.0000000000000000        0.0000000000000000       -320000.00000000000        0.0000000000000000        0.0000000000000000        2.7282572586354626E-008   0.0000000000000000        0.0000000000000000        1562.5000000000000        1.0000000000000000E-010   15625000000000.000        12.496782482855009        187451737242.82510        6.1791157563628857E-005   0.0000000000000000        0.0000000000000000        0.0000000000000000       -5.4313134899611721E-023   0.0000000000000000        0.0000000000000000        0.0000000000000000     
   226539779999972.72        0.0000000000000000        0.0000000000000000       -320000.00000000000        0.0000000000000000        0.0000000000000000        2.2308958652460362E-008   0.0000000000000000        0.0000000000000000        1562.5000000000000        1.0000000000000000E-010   15625000000000.000        12.496767908177924        187451518622.66882        6.1790870249131549E-005   0.0000000000000000        0.0000000000000000        0.0000000000000000       -4.4447758999986244E-023   0.0000000000000000        0.0000000000000000        0.0000000000000000     
   242164779999972.72        0.0000000000000000        0.0000000000000000       -320000.00000000000        0.0000000000000000        0.0000000000000000        2.1509114548107742E-008   0.0000000000000000        0.0000000000000000        1562.5000000000000        1.0000000000000000E-010   15625000000000.000        12.496714374841941        187450715622.62909        6.1789800553453445E-005   0.0000000000000000        0.0000000000000000        0.0000000000000000       -4.2885064729307302E-023   0.0000000000000000        0.0000000000000000        0.0000000000000000     
   257789779999972.72        0.0000000000000000        0.0000000000000000       -320000.00000000000        0.0000000000000000        0.0000000000000000        1.7583089939074315E-008   0.0000000000000000        0.0000000000000000        1562.5000000000000        1.0000000000000022E-010   15624999999999.965        12.496699442090899        187450491631.36307        6.1789505135364622E-005   0.0000000000000000        0.0000000000000000        0.0000000000000000       -3.5081272015385232E-023   0.0000000000000000        0.0000000000000000        0.0000000000000000     
   273414779999972.72        0.0000000000000000        0.0000000000000000       -320000.00000000000        0.0000000000000000        0.0000000000000000        1.6602605009932371E-008   0.0000000000000000        0.0000000000000000        1562.5000000000000        1.0000000000000232E-010   15624999999999.635        12.496660557294225        187449908359.40903        6.1788726802024637E-005   0.0000000000000000        0.0000000000000000        0.0000000000000000       -3.3154639612905551E-023   0.0000000000000000        0.0000000000000000        0.0000000000000000     
   289039779999971.94        0.0000000000000000        0.0000000000000000       -320000.00000000000        0.0000000000000000        0.0000000000000000        1.3548694789436680E-008   0.0000000000000000        0.0000000000000000        1562.5000000000000        1.0000000000000232E-010   15624999999999.635        12.496646722165341        187449700832.47574        6.1788452286413859E-005   0.0000000000000000        0.0000000000000000        0.0000000000000000       -2.7072548955369578E-023   0.0000000000000000        0.0000000000000000        0.0000000000000000     
   304664779999971.94        0.0000000000000000        0.0000000000000000       -320000.00000000000        0.0000000000000000        0.0000000000000000        1.2496486584182285E-008   0.0000000000000000        0.0000000000000000        1562.5000000000000        1.0000000000000022E-010   15624999999999.965        12.496618980538253        187449284708.07336        6.1787896053106236E-005   0.0000000000000000        0.0000000000000000        0.0000000000000000       -2.4996156244820898E-023   0.0000000000000000        0.0000000000000000        0.0000000000000000     
   320289779999971.94        0.0000000000000000        0.0000000000000000       -320000.00000000000        0.0000000000000000        0.0000000000000000        1.0138640931054950E-008   0.0000000000000000        0.0000000000000000        1562.5000000000000        1.0000000000000000E-010   15625000000000.000        12.496607136995829        187449107054.93741        6.1787660418690366E-005   0.0000000000000000        0.0000000000000000        0.0000000000000000       -2.0291276975040818E-023   0.0000000000000000        0.0000000000000000        0.0000000000000000     
   335914779999971.94        0.0000000000000000        0.0000000000000000       -320000.00000000000        0.0000000000000000        0.0000000000000000        9.0944597053200298E-009   0.0000000000000000        0.0000000000000000        1562.5000000000000        1.0000000000000000E-010   15625000000000.000        12.496587793869120        187448816908.03677        6.1787271920667755E-005   0.0000000000000000        0.0000000000000000        0.0000000000000000       -1.8223255667311185E-023   0.0000000000000000        0.0000000000000000        0.0000000000000000     
   351539779999971.94        0.0000000000000000        0.0000000000000000       -320000.00000000000        0.0000000000000000        0.0000000000000000        7.2702747156709224E-009   0.0000000000000000        0.0000000000000000        1562.5000000000000        1.0000000000000000E-010   15625000000000.000        12.496578392354232        187448675885.31345        6.1787084381933024E-005   0.0000000000000000        0.0000000000000000        0.0000000000000000       -1.4576665023281467E-023   0.0000000000000000        0.0000000000000000        0.0000000000000000     
   367164779999971.94        0.0000000000000000        0.0000000000000000       -320000.00000000000        0.0000000000000000        0.0000000000000000        6.2819670606579036E-009   0.0000000000000000        0.0000000000000000        1562.5000000000000        1.0000000000000000E-010   15625000000000.000        12.496565386992801        187448480804.89197        6.1786822699804421E-005   0.0000000000000000        0.0000000000000000        0.0000000000000000       -1.2613226827687573E-023   0.0000000000000000        0.0000000000000000        0.0000000000000000     
   382789779999971.94        0.0000000000000000        0.0000000000000000       -320000.00000000000        0.0000000000000000        0.0000000000000000        4.8500909929403357E-009   0.0000000000000000        0.0000000000000000        1562.5000000000000        1.0000000000000000E-010   15625000000000.000        12.496558572279321        187448378584.18979        6.1786686377939980E-005   0.0000000000000000        0.0000000000000000        0.0000000000000000       -9.7465826688755380E-024   0.0000000000000000        0.0000000000000000        0.0000000000000000     
   398414779999971.94        0.0000000000000000        0.0000000000000000       -320000.00000000000        0.0000000000000000        0.0000000000000000        3.9372975202063296E-009   0.0000000000000000        0.0000000000000000        1562.5000000000000        1.0000000000000000E-010   15625000000000.000        12.496550422430152        187448256336.45227        6.1786522000537814E-005   0.0000000000000000        0.0000000000000000        0.0000000000000000       -7.9288063210272356E-024   0.0000000000000000        0.0000000000000000        0.0000000000000000     
   414039779999971.94        0.0000000000000000        0.0000000000000000       -320000.00000000000        0.0000000000000000        0.0000000000000000        2.7792838954992407E-009   0.0000000000000000        0.0000000000000000        1562.5000000000000        1.0000000000000000E-010   15625000000000.000        12.496546160786744        187448192411.80112        6.1786436406098265E-005   0.0000000000000000        0.0000000000000000        0.0000000000000000       -5.6083894691627671E-024   0.0000000000000000        0.0000000000000000        0.0000000000000000     
   429664779999971.94        0.0000000000000000        0.0000000000000000       -320000.00000000000        0.0000000000000000        0.0000000000000000        1.9409307106042818E-009   0.0000000000000000        0.0000000000000000        1562.5000000000000        1.0000000000000000E-010   15625000000000.000        12.496541854252595        187448127813.78891        6.1786349115851185E-005   0.0000000000000000        0.0000000000000000        0.0000000000000000       -3.9365792989720299E-024   0.0000000000000000        0.0000000000000000        0.0000000000000000     
   445289779999971.94        0.0000000000000000        0.0000000000000000       -320000.00000000000        0.0000000000000000        0.0000000000000000        9.5978978033000733E-010   0.0000000000000000        0.0000000000000000        1562.5000000000000        1.0000000000000000E-010   15625000000000.000        12.496540031609866        187448100474.14798        6.1786312078755329E-005   0.0000000000000000        0.0000000000000000        0.0000000000000000       -1.9707914327536888E-024   0.0000000000000000        0.0000000000000000        0.0000000000000000     
   460914779999971.94        0.0000000000000000        0.0000000000000000       -320000.00000000000        0.0000000000000000        0.0000000000000000        1.8299685799264975E-010   0.0000000000000000        0.0000000000000000        1562.5000000000000        1.0000000000000000E-010   15625000000000.000        12.496538929789379        187448083946.84067        6.1786289056730057E-005   0.0000000000000000        0.0000000000000000        0.0000000000000000       -4.2181642326191014E-025   0.0000000000000000        0.0000000000000000        0.0000000000000000     
   476539779999971.94        0.0000000000000000        0.0000000000000000       -320000.00000000000        0.0000000000000000        0.0000000000000000       -6.9954358051869598E-010   0.0000000000000000        0.0000000000000000        1562.5000000000000        1.0000000000000000E-010   15625000000000.000        12.496539413548428        187448091203.22638        6.1786297950522267E-005   0.0000000000000000        0.0000000000000000        0.0000000000000000        1.3439835273695045E-024   0.0000000000000000        0.0000000000000000        0.0000000000000000     
   492164779999971.94        0.0000000000000000        0.0000000000000000       -320000.00000000000        0.0000000000000000        0.0000000000000000       -1.4306385819034747E-009   0.0000000000000000        0.0000000000000000        1562.5000000000000        1.0000000000000000E-010   15625000000000.000        12.496541172537581        187448117588.06369        6.1786332217023078E-005   0.0000000000000000        0.0000000000000000        0.0000000000000000        2.7994310146181827E-024   0.0000000000000000        0.0000000000000000        0.0000000000000000     
   507789779999971.94        0.0000000000000000        0.0000000000000000       -320000.00000000000        0.0000000000000000        0.0000000000000000       -2.2768148118177822E-009   0.0000000000000000        0.0000000000000000        1562.5000000000000        1.0000000000000000E-010   15625000000000.000        12.496543836844159        187448157552.66238        6.1786384469647885E-005   0.0000000000000000        0.0000000000000000        0.0000000000000000        4.4880865899072402E-024   0.0000000000000000        0.0000000000000000        0.0000000000000000     
   523414779999971.94        0.0000000000000000        0.0000000000000000       -320000.00000000000        0.0000000000000000        0.0000000000000000       -2.9733589644068581E-009   0.0000000000000000        0.0000000000000000        1562.5000000000000        1.0000000000000000E-010   15625000000000.000        12.496548345428907        187448225181.43359        6.1786473652104362E-005   0.0000000000000000        0.0000000000000000        0.0000000000000000        5.8703644518131806E-024   0.0000000000000000        0.0000000000000000        0.0000000000000000     
   539039779999971.94        0.0000000000000000        0.0000000000000000       -320000.00000000000        0.0000000000000000        0.0000000000000000       -3.8312297311312312E-009   0.0000000000000000        0.0000000000000000        1562.5000000000000        9.9999999999999551E-011   15625000000000.068        12.496553064628767        187448295969.43231        6.1786566632180637E-005   0.0000000000000000        0.0000000000000000        0.0000000000000000        7.5765177733734544E-024   0.0000000000000000        0.0000000000000000        0.0000000000000000     
   554664779999971.94        0.0000000000000000        0.0000000000000000       -320000.00000000000        0.0000000000000000        0.0000000000000000       -4.4935190124178348E-009   0.0000000000000000        0.0000000000000000        1562.5000000000000        9.9999999999995053E-011   15625000000000.771        12.496560394910450        187448405923.66599        6.1786711978364985E-005   0.0000000000000000        0.0000000000000000        0.0000000000000000        8.8851675910792859E-024   0.0000000000000000        0.0000000000000000        0.0000000000000000     
   570289779999973.62        0.0000000000000000        0.0000000000000000       -320000.00000000000        0.0000000000000000        0.0000000000000000       -5.3973981430921599E-009   0.0000000000000000        0.0000000000000000        1562.5000000000000        9.9999999999995053E-011   15625000000000.771        12.496567012201124        187448505183.02612        6.1786842401206674E-005   0.0000000000000000        0.0000000000000000        0.0000000000000000        1.0676155074109086E-023   0.0000000000000000        0.0000000000000000        0.0000000000000000     
   585914779999973.62        0.0000000000000000        0.0000000000000000       -320000.00000000000        0.0000000000000000        0.0000000000000000       -6.0115714346465420E-009   0.0000000000000000        0.0000000000000000        1562.5000000000000        9.9999999999999551E-011   15625000000000.068        12.496577375591567        187448660633.87433        6.1787047899690653E-005   0.0000000000000000        0.0000000000000000        0.0000000000000000        1.1883256698061382E-023   0.0000000000000000        0.0000000000000000        0.0000000000000000     
   601539779999973.62        0.0000000000000000        0.0000000000000000       -320000.00000000000        0.0000000000000000        0.0000000000000000       -6.9811792082129967E-009   0.0000000000000000        0.0000000000000000        1562.5000000000000        1.0000000000000000E-010   15625000000000.000        12.496585658879550        187448784883.19324        6.1787210977076748E-005   0.0000000000000000        0.0000000000000000        0.0000000000000000        1.3797340763353007E-023   0.0000000000000000        0.0000000000000000        0.0000000000000000     
   617164779999973.62        0.0000000000000000        0.0000000000000000       -320000.00000000000        0.0000000000000000        0.0000000000000000       -7.5179195955628782E-009   0.0000000000000000        0.0000000000000000        1562.5000000000000        1.0000000000000000E-010   15625000000000.000        12.496599360565011        187448990408.47513        6.1787482440926018E-005   0.0000000000000000        0.0000000000000000        0.0000000000000000        1.4845672128031493E-023   0.0000000000000000        0.0000000000000000        0.0000000000000000     
   632789779999973.62        0.0000000000000000        0.0000000000000000       -320000.00000000000        0.0000000000000000        0.0000000000000000       -8.5552009100319148E-009   0.0000000000000000        0.0000000000000000        1562.5000000000000        1.0000000000000000E-010   15625000000000.000        12.496608954970801        187449134324.56201        6.1787670991639282E-005   0.0000000000000000        0.0000000000000000        0.0000000000000000        1.6885956665523764E-023   0.0000000000000000        0.0000000000000000        0.0000000000000000     
   648414779999973.62        0.0000000000000000        0.0000000000000000       -320000.00000000000        0.0000000000000000        0.0000000000000000       -8.9738679846585830E-009   0.0000000000000000        0.0000000000000000        1562.5000000000000        1.0000000000000000E-010   15625000000000.000        12.496626334808981        187449395022.13467        6.1788014881113322E-005   0.0000000000000000        0.0000000000000000        0.0000000000000000        1.7696891123996555E-023   0.0000000000000000        0.0000000000000000        0.0000000000000000     
   664039779999973.62        0.0000000000000000        0.0000000000000000       -320000.00000000000        0.0000000000000000        0.0000000000000000       -1.0058181213335455E-008   0.0000000000000000        0.0000000000000000        1562.5000000000000        1.0000000000000000E-010   15625000000000.000        12.496636734363232        187449551015.44846        6.1788218808953282E-005   0.0000000000000000        0.0000000000000000        0.0000000000000000        1.9822030883296275E-023   0.0000000000000000        0.0000000000000000        0.0000000000000000     
   679664779999973.62        0.0000000000000000        0.0000000000000000       -320000.00000000000        0.0000000000000000        0.0000000000000000       -1.0314417433081981E-008   0.0000000000000000        0.0000000000000000        1562.5000000000000        1.0000000000000000E-010   15625000000000.000        12.496658084478046        187449871267.17065        6.1788640601957519E-005   0.0000000000000000        0.0000000000000000        0.0000000000000000        2.0310720512604962E-023   0.0000000000000000        0.0000000000000000        0.0000000000000000     
   695289779999973.62        0.0000000000000000        0.0000000000000000       -320000.00000000000        0.0000000000000000        0.0000000000000000       -1.1396912099888549E-008   0.0000000000000000        0.0000000000000000        1562.5000000000000        1.0000000000000000E-010   15625000000000.000        12.496668637597802        187450029563.96698        6.1788847044778541E-005   0.0000000000000000        0.0000000000000000        0.0000000000000000        2.2424197365514610E-023   0.0000000000000000        0.0000000000000000        0.0000000000000000     
   710914779999973.62        0.0000000000000000        0.0000000000000000       -320000.00000000000        0.0000000000000000        0.0000000000000000       -1.1454250510450350E-008   0.0000000000000000        0.0000000000000000        1562.5000000000000        1.0000000000000000E-010   15625000000000.000        12.496694090578155        187450411358.67227        6.1789349043052952E-005   0.0000000000000000        0.0000000000000000        0.0000000000000000        2.2522037967237506E-023   0.0000000000000000        0.0000000000000000        0.0000000000000000     
   726539779999973.62        0.0000000000000000        0.0000000000000000       -320000.00000000000        0.0000000000000000        0.0000000000000000       -1.2453236237343011E-008   0.0000000000000000        0.0000000000000000        1562.5000000000000        1.0000000000000000E-010   15625000000000.000        12.496704054762882        187450560821.44321        6.1789543472011020E-005   0.0000000000000000        0.0000000000000000        0.0000000000000000        2.4463634803236624E-023   0.0000000000000000        0.0000000000000000        0.0000000000000000     
   742164779999973.62        0.0000000000000000        0.0000000000000000       -320000.00000000000        0.0000000000000000        0.0000000000000000       -1.2295903010391455E-008   0.0000000000000000        0.0000000000000000        1562.5000000000000        1.0000000000000000E-010   15625000000000.000        12.496733444406180        187451001666.09268        6.1790122093870444E-005   0.0000000000000000        0.0000000000000000        0.0000000000000000        2.4142805844423162E-023   0.0000000000000000        0.0000000000000000        0.0000000000000000     
   757789779999973.62        0.0000000000000000        0.0000000000000000       -320000.00000000000        0.0000000000000000        0.0000000000000000       -1.3096706462143211E-008   0.0000000000000000        0.0000000000000000        1562.5000000000000        1.0000000000000000E-010   15625000000000.000        12.496742092618474        187451131389.27710        6.1790290399654833E-005   0.0000000000000000        0.0000000000000000        0.0000000000000000        2.5688917236260318E-023   0.0000000000000000        0.0000000000000000        0.0000000000000000     
   773414779999973.62        0.0000000000000000        0.0000000000000000       -320000.00000000000        0.0000000000000000        0.0000000000000000       -1.2739840100047873E-008   0.0000000000000000        0.0000000000000000        1562.5000000000000        1.0000000000000000E-010   15625000000000.000        12.496774805367284        187451622080.50925        6.1790933318806479E-005   0.0000000000000000        0.0000000000000000        0.0000000000000000        2.4981268960020360E-023   0.0000000000000000        0.0000000000000000        0.0000000000000000     
   789039779999973.62        0.0000000000000000        0.0000000000000000       -320000.00000000000        0.0000000000000000        0.0000000000000000       -1.3205768068345760E-008   0.0000000000000000        0.0000000000000000        1562.5000000000000        1.0000000000000000E-010   15625000000000.000        12.496781568433088        187451723526.49628        6.1791064566614267E-005   0.0000000000000000        0.0000000000000000        0.0000000000000000        2.5861193959167883E-023   0.0000000000000000        0.0000000000000000        0.0000000000000000     
   804664779999973.62        0.0000000000000000        0.0000000000000000       -320000.00012138061        0.0000000000000000        0.0000000000000000       -1.2708285549167828E-008   0.0000000000000000        0.0000000000000000        1562.5000000000000        1.0000000000000000E-010   15625000000000.000        12.496816421601631        187452246324.02444        6.1791748400136112E-005   0.0000000000000000        0.0000000000000000        0.0000000000000000        2.4862381423160919E-023   0.0000000000000000        0.0000000000000000        0.0000000000000000     
   820289779999973.62        0.0000000000000000        0.0000000000000000       -320000.00127665792        0.0000000000000000        0.0000000000000000       -1.2660396797728633E-008   0.0000000000000000        0.0000000000000000        1562.5000000000000        1.0000000000000000E-010   15625000000000.000        12.496821029685831        187452315445.28745        6.1791837534093191E-005   0.0000000000000000        0.0000000000000000        0.0000000000000000        2.4795637472480668E-023   0.0000000000000000        0.0000000000000000        0.0000000000000000     
   835914779999973.62        0.0000000000000000        0.0000000000000000       -320000.00138536352        0.0000000000000000        0.0000000000000000       -1.2088685314654772E-008   0.0000000000000000        0.0000000000000000        1562.5000000000000        1.0000000000000000E-010   15625000000000.000        12.496856226447195        187452843396.70789        6.1792527037050931E-005   0.0000000000000000        0.0000000000000000        0.0000000000000000        2.3648312219267174E-023   0.0000000000000000        0.0000000000000000        0.0000000000000000     
   851539779999973.62        0.0000000000000000        0.0000000000000000       -320000.00169079710        0.0000000000000000        0.0000000000000000       -1.1458047865470124E-008   0.0000000000000000        0.0000000000000000        1562.5000000000000        1.0000000000000000E-010   15625000000000.000        12.496858798752866        187452881981.29297        6.1792576561518262E-005   0.0000000000000000        0.0000000000000000        0.0000000000000000        2.2401400396232677E-023   0.0000000000000000        0.0000000000000000        0.0000000000000000     
   867164779999973.62        0.0000000000000000        0.0000000000000000       -320000.00168466748        0.0000000000000000        0.0000000000000000       -1.0877306156612389E-008   0.0000000000000000        0.0000000000000000        1562.5000000000000        1.0000000000000000E-010   15625000000000.000        12.496892007917939        187453380118.76907        6.1793226242967621E-005   0.0000000000000000        0.0000000000000000        0.0000000000000000        2.1258699996109388E-023   0.0000000000000000        0.0000000000000000        0.0000000000000000     
   882789779999973.62        0.0000000000000000        0.0000000000000000       -320000.00175205496        0.0000000000000000        0.0000000000000000       -9.5856886695542087E-009   0.0000000000000000        0.0000000000000000        1562.5000000000000        1.0000000000000000E-010   15625000000000.000        12.496893044471095        187453395667.06641        6.1793246000074880E-005   0.0000000000000000        0.0000000000000000        0.0000000000000000        1.8711856305233280E-023   0.0000000000000000        0.0000000000000000        0.0000000000000000     
   898414779999973.62        0.0000000000000000        0.0000000000000000       -320000.00201892521        0.0000000000000000        0.0000000000000000       -9.0168625589601881E-009   0.0000000000000000        0.0000000000000000        1562.5000000000000        1.0000000000000000E-010   15625000000000.000        12.496921633238985        187453824498.58475        6.1793804663983295E-005   0.0000000000000000        0.0000000000000000        0.0000000000000000        1.7690146020678080E-023   0.0000000000000000        0.0000000000000000        0.0000000000000000     
   914039779999973.62        0.0000000000000000        0.0000000000000000       -320000.00247239933        0.0000000000000000        0.0000000000000000       -1.1849043870179523E-008   0.0000000000000000        0.0000000000000000        1562.5000000000000        1.0000000000000000E-010   15625000000000.000        12.496921885409447        187453828281.14169        6.1793809297475981E-005   0.0000000000000000        0.0000000000000000        0.0000000000000000        1.3892983289261658E-023   0.0000000000000000        0.0000000000000000        0.0000000000000000     
   929664779999973.62        0.0000000000000000        0.0000000000000000       -320000.01060008997        0.0000000000000000        0.0000000000000000       -2.1938070710772077E-007   0.0000000000000000        0.0000000000000000        1562.5000000000000        1.0000000124200362E-010   15624999805936.938        12.496943440109591        187454149273.45654        6.1794227073714363E-005   0.0000000000000000        0.0000000000000000        0.0000000000000000        1.3034038597804300E-023   0.0000000000000000        0.0000000000000000        0.0000000000000000     
   945289779999973.62        0.0000000000000000        0.0000000000000000       -320004.20612849825        0.0000000000000000        0.0000000000000000       -5.3687106970981948E-005   0.0000000000000000        0.0000000000000000        1562.5000000000000        1.0000001242003298E-010   15624998059370.088        12.496945102894609        187454153261.55145        6.1794231771497676E-005   0.0000000000000000        0.0000000000000000        0.0000000000000000        8.2220586690918592E-024   0.0000000000000000        0.0000000000000000        0.0000000000000000     
   960914775342462.50        0.0000000000000000        0.0000000000000000       -320131.48198490014        0.0000000000000000        0.0000000000000000       -1.8508944414265148E-003   0.0000000000000000        0.0000000000000000        1562.5000000000000        9.9999993613816850E-011   15625000997841.182        12.496954808573159        187454334099.77444        6.1794467688365017E-005   0.0000000000000000        0.0000000000000000        0.0000000000000000        7.4786449177276049E-024   0.0000000000000000        0.0000000000000000        0.0000000000000000     
   976539779999973.75        0.0000000000000000        0.0000000000000000       -319958.77273657481        0.0000000000000000        0.0000000000000000        5.8067789927441322E-004   0.0000000000000000        0.0000000000000000        1562.5000000000000        9.9096786136325767E-011   15767413464352.871        12.384082228832686        187454347083.40762        6.1794486422477165E-005   0.0000000000000000        0.0000000000000000        0.0000000000000000        1.2875475993151637E-024   0.0000000000000000        0.0000000000000000        0.0000000000000000     
   992164803948268.62        0.0000000000000000        0.0000000000000000       -319321.13938326482        0.0000000000000000        0.0000000000000000        9.5611198878539361E-003   0.0000000000000000        0.0000000000000000        1562.5000000000000        6.8979785178441084E-011   22651563729258.215        8.6203736487860123        187454345352.47479        6.1794485053928594E-005   0.0000000000000000        0.0000000000000000        0.0000000000000000        7.1101489648379510E-025   0.0000000000000000        0.0000000000000000        0.0000000000000000     
