   39000.000000000000     
  -992175027271538.00        0.0000000000000000        0.0000000000000000        319627.09712281293        0.0000000000000000        0.0000000000000000       -9.5612554783519321E-003   0.0000000000000000        0.0000000000000000        1562.5000000000000        6.8979841064156551E-011   22651545377536.535        8.6204916156569649        187456758728.37787        6.1797608223421692E-005   0.0000000000000000        0.0000000000000000        0.0000000000000000       -1.7399765008718795E-024   0.0000000000000000        0.0000000000000000        0.0000000000000000     
  -976550019999996.75        0.0000000000000000        0.0000000000000000        319977.35448462400        0.0000000000000000        0.0000000000000000       -5.8067602167764831E-004   0.0000000000000000        0.0000000000000000        1562.5000000000000        9.9096845384655070E-011   15767404037282.803        12.384249593362160        187456768355.61255        6.1797620038446616E-005   0.0000000000000000        0.0000000000000000        0.0000000000000000       -3.6189333466098926E-024   0.0000000000000000        0.0000000000000000        0.0000000000000000     
  -960925019342485.50        0.0000000000000000        0.0000000000000000        320072.24043770932        0.0000000000000000        0.0000000000000000        1.8517067126459829E-003   0.0000000000000000        0.0000000000000000        1562.5000000000000        9.9999998060923935E-011   15625000302980.643        12.497114118763355        187456715416.37860        6.1797551168815210E-005   0.0000000000000000        0.0000000000000000        0.0000000000000000       -1.8785120904427723E-023   0.0000000000000000        0.0000000000000000        0.0000000000000000     
  -945300019999996.62        0.0000000000000000        0.0000000000000000        320002.49896983430        0.0000000000000000        0.0000000000000000        5.3012305142543300E-005   0.0000000000000000        0.0000000000000000        1562.5000000000000        1.0000000175336304E-010   15624999726037.031        12.497085094163451        187456273125.66275        6.1796981582493404E-005   0.0000000000000000        0.0000000000000000        0.0000000000000000       -2.0434170292771171E-023   0.0000000000000000        0.0000000000000000        0.0000000000000000     
  -929675019999996.62        0.0000000000000000        0.0000000000000000        320000.00494929601        0.0000000000000000        0.0000000000000000        1.3452194890178147E-007   0.0000000000000000        0.0000000000000000        1562.5000000000000        1.0000000017533630E-010   15624999972603.703        12.497083141763374        187456246797.77176        6.1796948363653263E-005   0.0000000000000000        0.0000000000000000        0.0000000000000000       -3.0884975921365739E-023   0.0000000000000000        0.0000000000000000        0.0000000000000000     
  -914050019999996.62        0.0000000000000000        0.0000000000000000        320000.00247239933        0.0000000000000000        0.0000000000000000        2.0114469715858362E-008   0.0000000000000000        0.0000000000000000        1562.5000000000000        1.0000000000000000E-010   15625000000000.000        12.497033317340806        187455499760.11206        6.1795985276379771E-005   0.0000000000000000        0.0000000000000000        0.0000000000000000       -3.3076476801865291E-023   0.0000000000000000        0.0000000000000000        0.0000000000000000     
  -898425019999996.62        0.0000000000000000        0.0000000000000000        320000.00201892521        0.0000000000000000        0.0000000000000000        2.0383082810538180E-008   0.0000000000000000        0.0000000000000000        1562.5000000000000        1.0000000000000000E-010   15625000000000.000        12.497030514625921        187455457719.38879        6.1795932363944270E-005   0.0000000000000000        0.0000000000000000        0.0000000000000000       -3.9477817361342526E-023   0.0000000000000000        0.0000000000000000        0.0000000000000000     
  -882800019999996.62        0.0000000000000000        0.0000000000000000        320000.00175205496        0.0000000000000000        0.0000000000000000        2.1719985320731484E-008   0.0000000000000000        0.0000000000000000        1562.5000000000000        1.0000000000000002E-010   15624999999999.998        12.496968924446003        187454533866.69000        6.1794737900782630E-005   0.0000000000000000        0.0000000000000000        0.0000000000000000       -4.2050110377916650E-023   0.0000000000000000        0.0000000000000000        0.0000000000000000     
  -867175019999996.62        0.0000000000000000        0.0000000000000000        320000.00168466748        0.0000000000000000        0.0000000000000000        2.2739017200418270E-008   0.0000000000000000        0.0000000000000000        1562.5000000000000        1.0000000000000002E-010   15624999999999.998        12.496962606918277        187454439103.77411        6.1794617938114169E-005   0.0000000000000000        0.0000000000000000        0.0000000000000000       -4.4150382767984863E-023   0.0000000000000000        0.0000000000000000        0.0000000000000000     
  -851550019999996.62        0.0000000000000000        0.0000000000000000        320000.00169079710        0.0000000000000000        0.0000000000000000        2.3996226627985318E-008   0.0000000000000000        0.0000000000000000        1562.5000000000000        1.0000000000000000E-010   15625000000000.000        12.496898021343503        187453470320.15253        6.1793360743289064E-005   0.0000000000000000        0.0000000000000000        0.0000000000000000       -4.6609960773514683E-023   0.0000000000000000        0.0000000000000000        0.0000000000000000     
  -835925019999996.62        0.0000000000000000        0.0000000000000000        320000.00138536352        0.0000000000000000        0.0000000000000000        2.3183819748564020E-008   0.0000000000000000        0.0000000000000000        1562.5000000000000        1.0000000000000000E-010   15625000000000.000        12.496886870374345        187453303055.61514        6.1793147545341934E-005   0.0000000000000000        0.0000000000000000        0.0000000000000000       -4.5152028165143805E-023   0.0000000000000000        0.0000000000000000        0.0000000000000000     
  -820300019999996.62        0.0000000000000000        0.0000000000000000        320000.00127665792        0.0000000000000000        0.0000000000000000        2.4035106297451138E-008   0.0000000000000000        0.0000000000000000        1562.5000000000000        1.0000000000000000E-010   15625000000000.000        12.496826281714963        187452394225.72443        6.1791963093214911E-005   0.0000000000000000        0.0000000000000000        0.0000000000000000       -4.6875050006812100E-023   0.0000000000000000        0.0000000000000000        0.0000000000000000     
  -804675019999996.62        0.0000000000000000        0.0000000000000000        320000.00012138061        0.0000000000000000        0.0000000000000000        2.2066483744886550E-008   0.0000000000000000        0.0000000000000000        1562.5000000000000        1.0000000000000000E-010   15625000000000.000        12.496810661363797        187452159920.45694        6.1791662428293769E-005   0.0000000000000000        0.0000000000000000        0.0000000000000000       -4.3102806878126824E-023   0.0000000000000000        0.0000000000000000        0.0000000000000000     
  -789050019999996.62        0.0000000000000000        0.0000000000000000        320000.00000000000        0.0000000000000000        0.0000000000000000        2.2315719965840769E-008   0.0000000000000000        0.0000000000000000        1562.5000000000000        1.0000000000000000E-010   15625000000000.000        12.496758283827328        187451374257.40988        6.1790633770018158E-005   0.0000000000000000        0.0000000000000000        0.0000000000000000       -4.3674185776568229E-023   0.0000000000000000        0.0000000000000000        0.0000000000000000     
  -773425019999996.62        0.0000000000000000        0.0000000000000000        320000.00000000000        0.0000000000000000        0.0000000000000000        1.9785965145464176E-008   0.0000000000000000        0.0000000000000000        1562.5000000000000        1.0000000000000000E-010   15625000000000.000        12.496739885491106        187451098282.36658        6.1790277224730168E-005   0.0000000000000000        0.0000000000000000        0.0000000000000000       -3.8827110596938098E-023   0.0000000000000000        0.0000000000000000        0.0000000000000000     
  -757800019999996.62        0.0000000000000000        0.0000000000000000        320000.00000000000        0.0000000000000000        0.0000000000000000        1.9425051795446292E-008   0.0000000000000000        0.0000000000000000        1562.5000000000000        1.0000000000000002E-010   15624999999999.998        12.496697320061431        187450459800.92142        6.1789437309184715E-005   0.0000000000000000        0.0000000000000000        0.0000000000000000       -3.8198617932812244E-023   0.0000000000000000        0.0000000000000000        0.0000000000000000     
  -742175019999996.62        0.0000000000000000        0.0000000000000000        320000.00000000000        0.0000000000000000        0.0000000000000000        1.6851256600381640E-008   0.0000000000000000        0.0000000000000000        1562.5000000000000        1.0000000000000002E-010   15624999999999.998        12.496678335722676        187450175035.84009        6.1789066870154353E-005   0.0000000000000000        0.0000000000000000        0.0000000000000000       -3.3215686402092769E-023   0.0000000000000000        0.0000000000000000        0.0000000000000000     
  -726550019999996.62        0.0000000000000000        0.0000000000000000        320000.00000000000        0.0000000000000000        0.0000000000000000        1.6016380013351120E-008   0.0000000000000000        0.0000000000000000        1562.5000000000000        1.0000000000000000E-010   15625000000000.000        12.496645346844067        187449680202.66098        6.1788412834051502E-005   0.0000000000000000        0.0000000000000000        0.0000000000000000       -3.1652258336480750E-023   0.0000000000000000        0.0000000000000000        0.0000000000000000     
  -710925019999996.62        0.0000000000000000        0.0000000000000000        320000.00000000000        0.0000000000000000        0.0000000000000000        1.3682953432742420E-008   0.0000000000000000        0.0000000000000000        1562.5000000000000        1.0000000000000000E-010   15625000000000.000        12.496627699694278        187449415495.41415        6.1788066093661508E-005   0.0000000000000000        0.0000000000000000        0.0000000000000000       -2.7101850914015030E-023   0.0000000000000000        0.0000000000000000        0.0000000000000000     
  -695300019999996.62        0.0000000000000000        0.0000000000000000        320000.00000000000        0.0000000000000000        0.0000000000000000        1.2592425435684935E-008   0.0000000000000000        0.0000000000000000        1562.5000000000000        1.0000000000000000E-010   15625000000000.000        12.496603070051467        187449046050.77197        6.1787575477236986E-005   0.0000000000000000        0.0000000000000000        0.0000000000000000       -2.5015755155097643E-023   0.0000000000000000        0.0000000000000000        0.0000000000000000     
  -679675019999996.62        0.0000000000000000        0.0000000000000000        320000.00000000000        0.0000000000000000        0.0000000000000000        1.0628211861769541E-008   0.0000000000000000        0.0000000000000000        1562.5000000000000        1.0000000000000000E-010   15625000000000.000        12.496587996282665        187448819944.23996        6.1787277244206755E-005   0.0000000000000000        0.0000000000000000        0.0000000000000000       -2.1161014574580990E-023   0.0000000000000000        0.0000000000000000        0.0000000000000000     
  -664050019999996.62        0.0000000000000000        0.0000000000000000        320000.00000000000        0.0000000000000000        0.0000000000000000        9.4876842264395947E-009   0.0000000000000000        0.0000000000000000        1562.5000000000000        1.0000000000000000E-010   15625000000000.000        12.496570168133269        187448552521.99899        6.1786920420415863E-005   0.0000000000000000        0.0000000000000000        0.0000000000000000       -1.8950056728341859E-023   0.0000000000000000        0.0000000000000000        0.0000000000000000     
  -648425019999996.62        0.0000000000000000        0.0000000000000000        320000.00000000000        0.0000000000000000        0.0000000000000000        7.9190261694111767E-009   0.0000000000000000        0.0000000000000000        1562.5000000000000        1.0000000000000000E-010   15625000000000.000        12.496558163576578        187448372453.64865        6.1786681281407273E-005   0.0000000000000000        0.0000000000000000        0.0000000000000000       -1.5853156638888188E-023   0.0000000000000000        0.0000000000000000        0.0000000000000000     
  -632800019999996.62        0.0000000000000000        0.0000000000000000        320000.00000000000        0.0000000000000000        0.0000000000000000        6.8739759989452279E-009   0.0000000000000000        0.0000000000000000        1562.5000000000000        1.0000000000000002E-010   15624999999999.998        12.496545611322651        187448184169.83972        6.1786428833958680E-005   0.0000000000000000        0.0000000000000000        0.0000000000000000       -1.3805687506029364E-023   0.0000000000000000        0.0000000000000000        0.0000000000000000     
  -617175019999996.62        0.0000000000000000        0.0000000000000000        320000.00000000000        0.0000000000000000        0.0000000000000000        5.6710075437145290E-009   0.0000000000000000        0.0000000000000000        1562.5000000000000        1.0000000000000002E-010   15624999999999.998        12.496536602889135        187448049043.33698        6.1786248175038999E-005   0.0000000000000000        0.0000000000000000        0.0000000000000000       -1.1416552393663127E-023   0.0000000000000000        0.0000000000000000        0.0000000000000000     
  -601550019999996.62        0.0000000000000000        0.0000000000000000        320000.00000000000        0.0000000000000000        0.0000000000000000        4.7967993384159224E-009   0.0000000000000000        0.0000000000000000        1562.5000000000000        1.0000000000000000E-010   15625000000000.000        12.496528002633427        187447920039.50137        6.1786074351283845E-005   0.0000000000000000        0.0000000000000000        0.0000000000000000       -9.6875535416585217E-024   0.0000000000000000        0.0000000000000000        0.0000000000000000     
  -585925019999996.62        0.0000000000000000        0.0000000000000000        320000.00000000000        0.0000000000000000        0.0000000000000000        3.9038494347898390E-009   0.0000000000000000        0.0000000000000000        1562.5000000000000        9.9999999999999551E-011   15625000000000.068        12.496521589112247        187447823836.68454        6.1785944901008002E-005   0.0000000000000000        0.0000000000000000        0.0000000000000000       -7.9029535221758968E-024   0.0000000000000000        0.0000000000000000        0.0000000000000000     
  -570300019999996.62        0.0000000000000000        0.0000000000000000        320000.00000000000        0.0000000000000000        0.0000000000000000        3.2184386624854913E-009   0.0000000000000000        0.0000000000000000        1562.5000000000000        9.9999999999995053E-011   15625000000000.771        12.496515870318868        187447738054.79227        6.1785828741690526E-005   0.0000000000000000        0.0000000000000000        0.0000000000000000       -6.5351441817027233E-024   0.0000000000000000        0.0000000000000000        0.0000000000000000     
  -554675019999994.94        0.0000000000000000        0.0000000000000000        320000.00000000000        0.0000000000000000        0.0000000000000000        2.5708986352317691E-009   0.0000000000000000        0.0000000000000000        1562.5000000000000        9.9999999999995053E-011   15625000000000.771        12.496511532673370        187447672990.10980        6.1785740663401371E-005   0.0000000000000000        0.0000000000000000        0.0000000000000000       -5.2321327077741225E-024   0.0000000000000000        0.0000000000000000        0.0000000000000000     
  -539050019999994.94        0.0000000000000000        0.0000000000000000        320000.00000000000        0.0000000000000000        0.0000000000000000        2.0549511820155597E-009   0.0000000000000000        0.0000000000000000        1562.5000000000000        9.9999999999999551E-011   15625000000000.068        12.496507876423127        187447618146.34772        6.1785666048282017E-005   0.0000000000000000        0.0000000000000000        0.0000000000000000       -4.1932229890318351E-024   0.0000000000000000        0.0000000000000000        0.0000000000000000     
  -523425019999994.94        0.0000000000000000        0.0000000000000000        320000.00000000000        0.0000000000000000        0.0000000000000000        1.5882002536340253E-009   0.0000000000000000        0.0000000000000000        1562.5000000000000        1.0000000000000000E-010   15625000000000.000        12.496505119990923        187447576799.86380        6.1785609785327679E-005   0.0000000000000000        0.0000000000000000        0.0000000000000000       -3.2467931968922892E-024   0.0000000000000000        0.0000000000000000        0.0000000000000000     
  -507800019999994.94        0.0000000000000000        0.0000000000000000        320000.00000000000        0.0000000000000000        0.0000000000000000        1.2027192201085844E-009   0.0000000000000000        0.0000000000000000        1562.5000000000000        1.0000000000000002E-010   15624999999999.998        12.496502936993616        187447544054.90421        6.1785565063806556E-005   0.0000000000000000        0.0000000000000000        0.0000000000000000       -2.4634041016899008E-024   0.0000000000000000        0.0000000000000000        0.0000000000000000     
  -492175019999994.94        0.0000000000000000        0.0000000000000000        320000.00000000000        0.0000000000000000        0.0000000000000000        8.5565491074453802E-010   0.0000000000000000        0.0000000000000000        1562.5000000000000        1.0000000000000002E-010   15624999999999.998        12.496501369873261        187447520548.09888        6.1785532960707148E-005   0.0000000000000000        0.0000000000000000        0.0000000000000000       -1.7537755518298137E-024   0.0000000000000000        0.0000000000000000        0.0000000000000000     
  -476550019999994.94        0.0000000000000000        0.0000000000000000        320000.00000000000        0.0000000000000000        0.0000000000000000        5.5351597282383880E-010   0.0000000000000000        0.0000000000000000        1562.5000000000000        1.0000000000000000E-010   15625000000000.000        12.496500275937683        187447504139.06522        6.1785510517949196E-005   0.0000000000000000        0.0000000000000000        0.0000000000000000       -1.1343116329033675E-024   0.0000000000000000        0.0000000000000000        0.0000000000000000     
  -460925019999994.94        0.0000000000000000        0.0000000000000000        320000.00000000000        0.0000000000000000        0.0000000000000000        2.6853797426899409E-010   0.0000000000000000        0.0000000000000000        1562.5000000000000        1.0000000000000000E-010   15625000000000.000        12.496499643710356        187447494655.65533        6.1785497578069343E-005   0.0000000000000000        0.0000000000000000        0.0000000000000000       -5.4720755816485786E-025   0.0000000000000000        0.0000000000000000        0.0000000000000000     
  -445300019999994.94        0.0000000000000000        0.0000000000000000        320000.00000000000        0.0000000000000000        0.0000000000000000       -8.1460565408403243E-014   0.0000000000000000        0.0000000000000000        1562.5000000000000        1.0000000000000000E-010   15625000000000.000        12.496499441915512        187447491628.73264        6.1785493523322272E-005   0.0000000000000000        0.0000000000000000        0.0000000000000000        6.8219393169778194E-027   0.0000000000000000        0.0000000000000000        0.0000000000000000     
  -429675019999994.94        0.0000000000000000        0.0000000000000000        320000.00000000000        0.0000000000000000        0.0000000000000000       -2.7982529026700301E-010   0.0000000000000000        0.0000000000000000        1562.5000000000000        1.0000000000000000E-010   15625000000000.000        12.496499639989279        187447494599.83917        6.1785497704142079E-005   0.0000000000000000        0.0000000000000000        0.0000000000000000        5.8529055394230158E-025   0.0000000000000000        0.0000000000000000        0.0000000000000000     
  -414050019999994.94        0.0000000000000000        0.0000000000000000        320000.00000000000        0.0000000000000000        0.0000000000000000       -5.6623079039656499E-010   0.0000000000000000        0.0000000000000000        1562.5000000000000        1.0000000000000000E-010   15625000000000.000        12.496500316202390        187447504743.03583        6.1785511815449078E-005   0.0000000000000000        0.0000000000000000        0.0000000000000000        1.1761389934888954E-024   0.0000000000000000        0.0000000000000000        0.0000000000000000     
  -398425019999994.94        0.0000000000000000        0.0000000000000000        320000.00000000000        0.0000000000000000        0.0000000000000000       -9.0204091172973469E-010   0.0000000000000000        0.0000000000000000        1562.5000000000000        1.0000000000000000E-010   15625000000000.000        12.496501394216809        187447520913.25211        6.1785534140759013E-005   0.0000000000000000        0.0000000000000000        0.0000000000000000        1.8694244235300042E-024   0.0000000000000000        0.0000000000000000        0.0000000000000000     
  -382800019999994.94        0.0000000000000000        0.0000000000000000        320000.00000000000        0.0000000000000000        0.0000000000000000       -1.2596724307601702E-009   0.0000000000000000        0.0000000000000000        1562.5000000000000        1.0000000000000002E-010   15624999999999.998        12.496503133147892        187447546997.21832        6.1785570209275486E-005   0.0000000000000000        0.0000000000000000        0.0000000000000000        2.6035424005501476E-024   0.0000000000000000        0.0000000000000000        0.0000000000000000     
  -367175019999994.94        0.0000000000000000        0.0000000000000000        320000.00000000000        0.0000000000000000        0.0000000000000000       -1.7248216514452110E-009   0.0000000000000000        0.0000000000000000        1562.5000000000000        1.0000000000000002E-010   15624999999999.998        12.496505296834757        187447579452.52130        6.1785614800036813E-005   0.0000000000000000        0.0000000000000000        0.0000000000000000        3.5592868571808591E-024   0.0000000000000000        0.0000000000000000        0.0000000000000000     
  -351550019999994.94        0.0000000000000000        0.0000000000000000        320000.00000000000        0.0000000000000000        0.0000000000000000       -2.2088712691023077E-009   0.0000000000000000        0.0000000000000000        1562.5000000000000        1.0000000000000000E-010   15625000000000.000        12.496508527413569        187447627911.20352        6.1785681551071282E-005   0.0000000000000000        0.0000000000000000        0.0000000000000000        4.5456931956992330E-024   0.0000000000000000        0.0000000000000000        0.0000000000000000     
  -335925019999994.94        0.0000000000000000        0.0000000000000000        320000.00000000000        0.0000000000000000        0.0000000000000000       -2.8987789855834859E-009   0.0000000000000000        0.0000000000000000        1562.5000000000000        1.0000000000000000E-010   15625000000000.000        12.496512131927060        187447681978.90588        6.1785755455372499E-005   0.0000000000000000        0.0000000000000000        0.0000000000000000        5.9556103566577723E-024   0.0000000000000000        0.0000000000000000        0.0000000000000000     
  -320300019999994.94        0.0000000000000000        0.0000000000000000        320000.00000000000        0.0000000000000000        0.0000000000000000       -3.5618071339597371E-009   0.0000000000000000        0.0000000000000000        1562.5000000000000        1.0000000000000000E-010   15625000000000.000        12.496517614329189        187447764214.93781        6.1785868290867014E-005   0.0000000000000000        0.0000000000000000        0.0000000000000000        7.2962602893783989E-024   0.0000000000000000        0.0000000000000000        0.0000000000000000     
  -304675019999994.94        0.0000000000000000        0.0000000000000000        320000.00000000000        0.0000000000000000        0.0000000000000000       -4.6073281972981865E-009   0.0000000000000000        0.0000000000000000        1562.5000000000000        1.0000000000000004E-010   15624999999999.992        12.496523131146150        187447846967.19214        6.1785980755963237E-005   0.0000000000000000        0.0000000000000000        0.0000000000000000        9.4220920547732130E-024   0.0000000000000000        0.0000000000000000        0.0000000000000000     
  -289050019999994.94        0.0000000000000000        0.0000000000000000        320000.00000000000        0.0000000000000000        0.0000000000000000       -5.4874517772323291E-009   0.0000000000000000        0.0000000000000000        1562.5000000000000        1.0000000000000046E-010   15624999999999.930        12.496532102078927        187447981531.18301        6.1786164642772419E-005   0.0000000000000000        0.0000000000000000        0.0000000000000000        1.1187832500522454E-023   0.0000000000000000        0.0000000000000000        0.0000000000000000     
  -273425019999995.09        0.0000000000000000        0.0000000000000000        320000.00000000000        0.0000000000000000        0.0000000000000000       -7.0713543715402585E-009   0.0000000000000000        0.0000000000000000        1562.5000000000000        1.0000000000000047E-010   15624999999999.926        12.496540028058863        187448100420.88205        6.1786325220838996E-005   0.0000000000000000        0.0000000000000000        0.0000000000000000        1.4393203678713399E-023   0.0000000000000000        0.0000000000000000        0.0000000000000000     
  -257800019999995.09        0.0000000000000000        0.0000000000000000        320000.00000000000        0.0000000000000000        0.0000000000000000       -8.1709860540408109E-009   0.0000000000000000        0.0000000000000000        1562.5000000000000        1.0000000000000004E-010   15624999999999.992        12.496554423242157        187448316348.63226        6.1786619079297125E-005   0.0000000000000000        0.0000000000000000        0.0000000000000000        1.6581778421010131E-023   0.0000000000000000        0.0000000000000000        0.0000000000000000     
  -242175019999995.09        0.0000000000000000        0.0000000000000000        320000.00000000000        0.0000000000000000        0.0000000000000000       -1.0545356777349612E-008   0.0000000000000000        0.0000000000000000        1562.5000000000000        1.0000000000000002E-010   15624999999999.998        12.496565093506614        187448476402.59918        6.1786833842095694E-005   0.0000000000000000        0.0000000000000000        0.0000000000000000        2.1365119986008720E-023   0.0000000000000000        0.0000000000000000        0.0000000000000000     
  -226550019999995.09        0.0000000000000000        0.0000000000000000        320000.00000000000        0.0000000000000000        0.0000000000000000       -1.1802048475473449E-008   0.0000000000000000        0.0000000000000000        1562.5000000000000        1.0000000000000000E-010   15625000000000.000        12.496587857506166        187448817862.59244        6.1787296597113321E-005   0.0000000000000000        0.0000000000000000        0.0000000000000000        2.3845096437130326E-023   0.0000000000000000        0.0000000000000000        0.0000000000000000     
  -210925019999995.09        0.0000000000000000        0.0000000000000000        320000.00000000000        0.0000000000000000        0.0000000000000000       -1.5299686220227237E-008   0.0000000000000000        0.0000000000000000        1562.5000000000000        1.0000000000000002E-010   15624999999999.998        12.496601133626582        187449017004.39868        6.1787561962671787E-005   0.0000000000000000        0.0000000000000000        0.0000000000000000        3.0859635347608406E-023   0.0000000000000000        0.0000000000000000        0.0000000000000000     
  -195300019999995.09        0.0000000000000000        0.0000000000000000        320000.00000000000        0.0000000000000000        0.0000000000000000       -1.6558057527050426E-008   0.0000000000000000        0.0000000000000000        1562.5000000000000        1.0000000000000000E-010   15625000000000.000        12.496636595879599        187449548938.19397        6.1788279784700113E-005   0.0000000000000000        0.0000000000000000        0.0000000000000000        3.3318412661883021E-023   0.0000000000000000        0.0000000000000000        0.0000000000000000     
  -179675019999995.09        0.0000000000000000        0.0000000000000000        320000.00000000000        0.0000000000000000        0.0000000000000000       -2.1584022266854312E-008   0.0000000000000000        0.0000000000000000        1562.5000000000000        1.0000000000000000E-010   15625000000000.000        12.496651444148098        187449771662.22147        6.1788574329483127E-005   0.0000000000000000        0.0000000000000000        0.0000000000000000        4.3352264451973601E-023   0.0000000000000000        0.0000000000000000        0.0000000000000000     
  -164050019999995.09        0.0000000000000000        0.0000000000000000        320000.00000000000        0.0000000000000000        0.0000000000000000       -2.2587440520955938E-008   0.0000000000000000        0.0000000000000000        1562.5000000000000        1.0000000000000002E-010   15624999999999.998        12.496705675283504        187450585129.25250        6.1789667333748131E-005   0.0000000000000000        0.0000000000000000        0.0000000000000000        4.5283171104642149E-023   0.0000000000000000        0.0000000000000000        0.0000000000000000     
  -148425019999995.09        0.0000000000000000        0.0000000000000000        319999.99995034019        0.0000000000000000        0.0000000000000000       -2.9571873843912052E-008   0.0000000000000000        0.0000000000000000        1562.5000000000000        1.0000000000000004E-010   15624999999999.994        12.496719732737123        187450795991.05673        6.1789943571361101E-005   0.0000000000000000        0.0000000000000000        0.0000000000000000        5.9163961975966359E-023   0.0000000000000000        0.0000000000000000        0.0000000000000000     
  -132800019999995.11        0.0000000000000000        0.0000000000000000        319999.99989638908        0.0000000000000000        0.0000000000000000       -3.0002451077287337E-008   0.0000000000000000        0.0000000000000000        1562.5000000000000        1.0000000000000004E-010   15624999999999.994        12.496800705956442        187452010589.34653        6.1791568555084609E-005   0.0000000000000000        0.0000000000000000        0.0000000000000000        5.9936350166084580E-023   0.0000000000000000        0.0000000000000000        0.0000000000000000     
  -117175019999995.11        0.0000000000000000        0.0000000000000000        319999.99912390945        0.0000000000000000        0.0000000000000000       -3.9279866654114671E-008   0.0000000000000000        0.0000000000000000        1562.5000000000000        9.9999999999999991E-011   15625000000000.002        12.496810037883337        187452150568.25006        6.1791748601859326E-005   0.0000000000000000        0.0000000000000000        0.0000000000000000        7.8334440137909212E-023   0.0000000000000000        0.0000000000000000        0.0000000000000000     
  -101550019999995.11        0.0000000000000000        0.0000000000000000        319999.99908399221        0.0000000000000000        0.0000000000000000       -3.8830839579363459E-008   0.0000000000000000        0.0000000000000000        1562.5000000000000        1.0000000000000000E-010   15624999999999.998        12.496927347977648        187453910219.66467        6.1794093160078161E-005   0.0000000000000000        0.0000000000000000        0.0000000000000000        7.7365363565629766E-023   0.0000000000000000        0.0000000000000000        0.0000000000000000     
  -85925019999995.109        0.0000000000000000        0.0000000000000000        319999.99850094132        0.0000000000000000        0.0000000000000000       -5.0533156891782767E-008   0.0000000000000000        0.0000000000000000        1562.5000000000000        9.9999999999999823E-011   15625000000000.027        12.496926641342645        187453899620.13998        6.1794072936477304E-005   0.0000000000000000        0.0000000000000000        0.0000000000000000        1.0051873952068732E-022   0.0000000000000000        0.0000000000000000        0.0000000000000000     
  -70300019999995.047        0.0000000000000000        0.0000000000000000        319999.99847746018        0.0000000000000000        0.0000000000000000       -4.8544449388653447E-008   0.0000000000000000        0.0000000000000000        1562.5000000000000        9.9999999999999823E-011   15625000000000.031        12.497090579697081        187456358695.45651        6.1797337220241943E-005   0.0000000000000000        0.0000000000000000        0.0000000000000000        9.7520708144002022E-023   0.0000000000000000        0.0000000000000000        0.0000000000000000     
  -54675019999995.047        0.0000000000000000        0.0000000000000000        320000.00095687760        0.0000000000000000        0.0000000000000000        8.6045800173996533E-008   0.0000000000000000        0.0000000000000000        1562.5000000000000        1.0000000060204300E-010   15624999905930.783        12.497074038644573        187456109451.10217        6.1797002527541766E-005   0.0000000000000000        0.0000000000000000        0.0000000000000000        1.2496339299428980E-022   0.0000000000000000        0.0000000000000000        0.0000000000000000     
  -39050019999995.047        0.0000000000000000        0.0000000000000000        319999.99598200037        0.0000000000000000        0.0000000000000000       -1.7364783991649091E-007   0.0000000000000000        0.0000000000000000        1562.5000000000000        1.0000001262107702E-010   15624998027956.965        12.497295485184255        187459408618.36746        6.1801367514987545E-005   0.0000000000000000        0.0000000000000000        0.0000000000000000        1.2015474587834469E-022   0.0000000000000000        0.0000000000000000        0.0000000000000000     
  -23425022257655.844        0.0000000000000000        0.0000000000000000        319884.10027464613        0.0000000000000000        0.0000000000000000       -2.9800803189316805E-003   0.0000000000000000        0.0000000000000000        1562.5000000000000        1.0000673397343163E-010   15623947887500.285        12.498107591049095        187458990427.12585        6.1800631261217477E-005   0.0000000000000000        0.0000000000000000        0.0000000000000000        1.5071516987738752E-022   0.0000000000000000        0.0000000000000000        0.0000000000000000     
  -7800044752361.5039        0.0000000000000000        0.0000000000000000        318731.62477802427        0.0000000000000000        0.0000000000000000       -3.2447308376227037E-002   0.0000000000000000        0.0000000000000000        1562.5000000000000        1.0007323621287456E-010   15613565216140.998        12.506785101624979        187464484635.34293        6.1806107905424421E-005   0.0000000000000000        0.0000000000000000        0.0000000000000000        1.4407643382933318E-022   0.0000000000000000        0.0000000000000000        0.0000000000000000     
   7800044752361.5039        0.0000000000000000        0.0000000000000000       -318731.62477802427        0.0000000000000000        0.0000000000000000        3.2447308376227037E-002   0.0000000000000000        0.0000000000000000        1562.5000000000000        1.0007323621287456E-010   15613565216140.998        12.506785101624979        187464484635.34293        6.1806107905424421E-005   0.0000000000000000        0.0000000000000000        0.0000000000000000       -1.4407643382933318E-022   0.0000000000000000        0.0000000000000000        0.0000000000000000     
   23425022257655.844        0.0000000000000000        0.0000000000000000       -319884.10027464613        0.0000000000000000        0.0000000000000000        2.9800803189316814E-003   0.0000000000000000        0.0000000000000000        1562.5000000000000        1.0000673397343163E-010   15623947887500.285        12.498107591049095        187458990427.12585        6.1800631261217477E-005   0.0000000000000000        0.0000000000000000        0.0000000000000000       -1.5071516987738752E-022   0.0000000000000000        0.0000000000000000        0.0000000000000000     
   39050019999995.047        0.0000000000000000        0.0000000000000000       -319999.99598200037        0.0000000000000000        0.0000000000000000        1.7364783991649091E-007   0.0000000000000000        0.0000000000000000        1562.5000000000000        1.0000001262107702E-010   15624998027956.965        12.497295485184255        187459408618.36746        6.1801367514987545E-005   0.0000000000000000        0.0000000000000000        0.0000000000000000       -1.2015474587834467E-022   0.0000000000000000        0.0000000000000000        0.0000000000000000     
   54675019999995.047        0.0000000000000000        0.0000000000000000       -320000.00095687760        0.0000000000000000        0.0000000000000000       -8.6045800171611288E-008   0.0000000000000000        0.0000000000000000        1562.5000000000000        1.0000000060204302E-010   15624999905930.779        12.497074038644573        187456109451.10217        6.1797002527541766E-005   0.0000000000000000        0.0000000000000000        0.0000000000000000       -1.2496339299428982E-022   0.0000000000000000        0.0000000000000000        0.0000000000000000     
   70300019999995.047        0.0000000000000000        0.0000000000000000       -319999.99847746018        0.0000000000000000        0.0000000000000000        4.8544449386918723E-008   0.0000000000000000        0.0000000000000000        1562.5000000000000        9.9999999999999823E-011   15625000000000.031        12.497090579697081        187456358695.45651        6.1797337220241943E-005   0.0000000000000000        0.0000000000000000        0.0000000000000000       -9.7520708144002022E-023   0.0000000000000000        0.0000000000000000        0.0000000000000000     
   85925019999995.109        0.0000000000000000        0.0000000000000000       -319999.99850094132        0.0000000000000000        0.0000000000000000        5.0533156890915405E-008   0.0000000000000000        0.0000000000000000        1562.5000000000000        9.9999999999999823E-011   15625000000000.027        12.496926641342645        187453899620.13998        6.1794072936477304E-005   0.0000000000000000        0.0000000000000000        0.0000000000000000       -1.0051873952068732E-022   0.0000000000000000        0.0000000000000000        0.0000000000000000     
   101550019999995.11        0.0000000000000000        0.0000000000000000       -319999.99908399221        0.0000000000000000        0.0000000000000000        3.8830839579363459E-008   0.0000000000000000        0.0000000000000000        1562.5000000000000        1.0000000000000000E-010   15624999999999.998        12.496927347977648        187453910219.66467        6.1794093160078161E-005   0.0000000000000000        0.0000000000000000        0.0000000000000000       -7.7365363565629766E-023   0.0000000000000000        0.0000000000000000        0.0000000000000000     
   117175019999995.11        0.0000000000000000        0.0000000000000000       -319999.99912390945        0.0000000000000000        0.0000000000000000        3.9279866654114671E-008   0.0000000000000000        0.0000000000000000        1562.5000000000000        9.9999999999999991E-011   15625000000000.002        12.496810037883337        187452150568.25006        6.1791748601859326E-005   0.0000000000000000        0.0000000000000000        0.0000000000000000       -7.8334440137909212E-023   0.0000000000000000        0.0000000000000000        0.0000000000000000     
   132800019999995.11        0.0000000000000000        0.0000000000000000       -319999.99989638908        0.0000000000000000        0.0000000000000000        3.0002451077287337E-008   0.0000000000000000        0.0000000000000000        1562.5000000000000        1.0000000000000004E-010   15624999999999.994        12.496800705956442        187452010589.34653        6.1791568555084609E-005   0.0000000000000000        0.0000000000000000        0.0000000000000000       -5.9936350166084580E-023   0.0000000000000000        0.0000000000000000        0.0000000000000000     
   148425019999995.09        0.0000000000000000        0.0000000000000000       -319999.99995034019        0.0000000000000000        0.0000000000000000        2.9571873843912052E-008   0.0000000000000000        0.0000000000000000        1562.5000000000000        1.0000000000000004E-010   15624999999999.994        12.496719732737123        187450795991.05673        6.1789943571361101E-005   0.0000000000000000        0.0000000000000000        0.0000000000000000       -5.9163961975966359E-023   0.0000000000000000        0.0000000000000000        0.0000000000000000     
   164050019999995.09        0.0000000000000000        0.0000000000000000       -320000.00000000000        0.0000000000000000        0.0000000000000000        2.2587440520955938E-008   0.0000000000000000        0.0000000000000000        1562.5000000000000        1.0000000000000002E-010   15624999999999.998        12.496705675283504        187450585129.25250        6.1789667333748131E-005   0.0000000000000000        0.0000000000000000        0.0000000000000000       -4.5283171104642149E-023   0.0000000000000000        0.0000000000000000        0.0000000000000000     
   179675019999995.09        0.0000000000000000        0.0000000000000000       -320000.00000000000        0.0000000000000000        0.0000000000000000        2.1584022267287993E-008   0.0000000000000000        0.0000000000000000        1562.5000000000000        1.0000000000000000E-010   15625000000000.000        12.496651444148098        187449771662.22147        6.1788574329483127E-005   0.0000000000000000        0.0000000000000000        0.0000000000000000       -4.3352264451973601E-023   0.0000000000000000        0.0000000000000000        0.0000000000000000     
   195300019999995.09        0.0000000000000000        0.0000000000000000       -320000.00000000000        0.0000000000000000        0.0000000000000000        1.6558057526942006E-008   0.0000000000000000        0.0000000000000000        1562.5000000000000        1.0000000000000000E-010   15625000000000.000        12.496636595879599        187449548938.19397        6.1788279784700113E-005   0.0000000000000000        0.0000000000000000        0.0000000000000000       -3.3318412661883021E-023   0.0000000000000000        0.0000000000000000        0.0000000000000000     
   210925019999995.09        0.0000000000000000        0.0000000000000000       -320000.00000000000        0.0000000000000000        0.0000000000000000        1.5299686221912998E-008   0.0000000000000000        0.0000000000000000        1562.5000000000000        1.0000000000000000E-010   15625000000000.000        12.496601133626580        187449017004.39868        6.1787561962671787E-005   0.0000000000000000        0.0000000000000000        0.0000000000000000       -3.0859635347608412E-023   0.0000000000000000        0.0000000000000000        0.0000000000000000     
   226550019999995.09        0.0000000000000000        0.0000000000000000       -320000.00000000000        0.0000000000000000        0.0000000000000000        1.1802048473847146E-008   0.0000000000000000        0.0000000000000000        1562.5000000000000        1.0000000000000000E-010   15625000000000.000        12.496587857506166        187448817862.59244        6.1787296597113321E-005   0.0000000000000000        0.0000000000000000        0.0000000000000000       -2.3845096437130326E-023   0.0000000000000000        0.0000000000000000        0.0000000000000000     
   242175019999995.09        0.0000000000000000        0.0000000000000000       -320000.00000000000        0.0000000000000000        0.0000000000000000        1.0545356779796023E-008   0.0000000000000000        0.0000000000000000        1562.5000000000000        1.0000000000000000E-010   15625000000000.000        12.496565093506614        187448476402.59918        6.1786833842095694E-005   0.0000000000000000        0.0000000000000000        0.0000000000000000       -2.1365119986008726E-023   0.0000000000000000        0.0000000000000000        0.0000000000000000     
   257800019999995.09        0.0000000000000000        0.0000000000000000       -320000.00000000000        0.0000000000000000        0.0000000000000000        8.1709860509164869E-009   0.0000000000000000        0.0000000000000000        1562.5000000000000        1.0000000000000004E-010   15624999999999.994        12.496554423242157        187448316348.63226        6.1786619079297125E-005   0.0000000000000000        0.0000000000000000        0.0000000000000000       -1.6581778421010122E-023   0.0000000000000000        0.0000000000000000        0.0000000000000000     
   273425019999995.09        0.0000000000000000        0.0000000000000000       -320000.00000000000        0.0000000000000000        0.0000000000000000        7.0713543720823596E-009   0.0000000000000000        0.0000000000000000        1562.5000000000000        1.0000000000000047E-010   15624999999999.926        12.496540028058863        187448100420.88205        6.1786325220838996E-005   0.0000000000000000        0.0000000000000000        0.0000000000000000       -1.4393203678713399E-023   0.0000000000000000        0.0000000000000000        0.0000000000000000     
   289050019999994.94        0.0000000000000000        0.0000000000000000       -320000.00000000000        0.0000000000000000        0.0000000000000000        5.4874517772335252E-009   0.0000000000000000        0.0000000000000000        1562.5000000000000        1.0000000000000046E-010   15624999999999.930        12.496532102078927        187447981531.18301        6.1786164642772419E-005   0.0000000000000000        0.0000000000000000        0.0000000000000000       -1.1187832500522454E-023   0.0000000000000000        0.0000000000000000        0.0000000000000000     
   304675019999994.94        0.0000000000000000        0.0000000000000000       -320000.00000000000        0.0000000000000000        0.0000000000000000        4.6073281968645056E-009   0.0000000000000000        0.0000000000000000        1562.5000000000000        1.0000000000000004E-010   15624999999999.992        12.496523131146150        187447846967.19214        6.1785980755963237E-005   0.0000000000000000        0.0000000000000000        0.0000000000000000       -9.4220920547732130E-024   0.0000000000000000        0.0000000000000000        0.0000000000000000     
   320300019999994.94        0.0000000000000000        0.0000000000000000       -320000.00000000000        0.0000000000000000        0.0000000000000000        3.5618071345018382E-009   0.0000000000000000        0.0000000000000000        1562.5000000000000        1.0000000000000000E-010   15625000000000.000        12.496517614329189        187447764214.93781        6.1785868290867014E-005   0.0000000000000000        0.0000000000000000        0.0000000000000000       -7.2962602893783989E-024   0.0000000000000000        0.0000000000000000        0.0000000000000000     
   335925019999994.94        0.0000000000000000        0.0000000000000000       -320000.00000000000        0.0000000000000000        0.0000000000000000        2.8987789855834859E-009   0.0000000000000000        0.0000000000000000        1562.5000000000000        1.0000000000000000E-010   15625000000000.000        12.496512131927060        187447681978.90588        6.1785755455372499E-005   0.0000000000000000        0.0000000000000000        0.0000000000000000       -5.9556103566577723E-024   0.0000000000000000        0.0000000000000000        0.0000000000000000     
   351550019999994.94        0.0000000000000000        0.0000000000000000       -320000.00000000000        0.0000000000000000        0.0000000000000000        2.2088712682349460E-009   0.0000000000000000        0.0000000000000000        1562.5000000000000        1.0000000000000000E-010   15625000000000.000        12.496508527413569        187447627911.20352        6.1785681551071282E-005   0.0000000000000000        0.0000000000000000        0.0000000000000000       -4.5456931956992330E-024   0.0000000000000000        0.0000000000000000        0.0000000000000000     
   367175019999994.94        0.0000000000000000        0.0000000000000000       -320000.00000000000        0.0000000000000000        0.0000000000000000        1.7248216514452110E-009   0.0000000000000000        0.0000000000000000        1562.5000000000000        1.0000000000000002E-010   15624999999999.998        12.496505296834757        187447579452.52130        6.1785614800036813E-005   0.0000000000000000        0.0000000000000000        0.0000000000000000       -3.5592868571808591E-024   0.0000000000000000        0.0000000000000000        0.0000000000000000     
   382800019999994.94        0.0000000000000000        0.0000000000000000       -320000.00000000000        0.0000000000000000        0.0000000000000000        1.2596724307601702E-009   0.0000000000000000        0.0000000000000000        1562.5000000000000        1.0000000000000002E-010   15624999999999.998        12.496503133147892        187447546997.21832        6.1785570209275486E-005   0.0000000000000000        0.0000000000000000        0.0000000000000000       -2.6035424005501476E-024   0.0000000000000000        0.0000000000000000        0.0000000000000000     
   398425019999994.94        0.0000000000000000        0.0000000000000000       -320000.00000000000        0.0000000000000000        0.0000000000000000        9.0204091172973469E-010   0.0000000000000000        0.0000000000000000        1562.5000000000000        1.0000000000000000E-010   15625000000000.000        12.496501394216809        187447520913.25211        6.1785534140759013E-005   0.0000000000000000        0.0000000000000000        0.0000000000000000       -1.8694244235300042E-024   0.0000000000000000        0.0000000000000000        0.0000000000000000     
   414050019999994.94        0.0000000000000000        0.0000000000000000       -320000.00000000000        0.0000000000000000        0.0000000000000000        5.6623079039656499E-010   0.0000000000000000        0.0000000000000000        1562.5000000000000        1.0000000000000000E-010   15625000000000.000        12.496500316202390        187447504743.03583        6.1785511815449078E-005   0.0000000000000000        0.0000000000000000        0.0000000000000000       -1.1761389934888954E-024   0.0000000000000000        0.0000000000000000        0.0000000000000000     
   429675019999994.94        0.0000000000000000        0.0000000000000000       -320000.00000000000        0.0000000000000000        0.0000000000000000        2.7982529026700301E-010   0.0000000000000000        0.0000000000000000        1562.5000000000000        1.0000000000000000E-010   15625000000000.000        12.496499639989279        187447494599.83917        6.1785497704142079E-005   0.0000000000000000        0.0000000000000000        0.0000000000000000       -5.8529055394230158E-025   0.0000000000000000        0.0000000000000000        0.0000000000000000     
   445300019999994.94        0.0000000000000000        0.0000000000000000       -320000.00000000000        0.0000000000000000        0.0000000000000000        8.1460456988185994E-014   0.0000000000000000        0.0000000000000000        1562.5000000000000        1.0000000000000000E-010   15625000000000.000        12.496499441915512        187447491628.73264        6.1785493523322272E-005   0.0000000000000000        0.0000000000000000        0.0000000000000000       -6.8219393169778251E-027   0.0000000000000000        0.0000000000000000        0.0000000000000000     
   460925019999994.94        0.0000000000000000        0.0000000000000000       -320000.00000000000        0.0000000000000000        0.0000000000000000       -2.6853797383531322E-010   0.0000000000000000        0.0000000000000000        1562.5000000000000        1.0000000000000000E-010   15625000000000.000        12.496499643710356        187447494655.65533        6.1785497578069343E-005   0.0000000000000000        0.0000000000000000        0.0000000000000000        5.4720755816485786E-025   0.0000000000000000        0.0000000000000000        0.0000000000000000     
   476550019999994.94        0.0000000000000000        0.0000000000000000       -320000.00000000000        0.0000000000000000        0.0000000000000000       -5.5351597282383880E-010   0.0000000000000000        0.0000000000000000        1562.5000000000000        1.0000000000000000E-010   15625000000000.000        12.496500275937683        187447504139.06522        6.1785510517949196E-005   0.0000000000000000        0.0000000000000000        0.0000000000000000        1.1343116329033675E-024   0.0000000000000000        0.0000000000000000        0.0000000000000000     
   492175019999994.94        0.0000000000000000        0.0000000000000000       -320000.00000000000        0.0000000000000000        0.0000000000000000       -8.5565491074453802E-010   0.0000000000000000        0.0000000000000000        1562.5000000000000        1.0000000000000002E-010   15624999999999.998        12.496501369873261        187447520548.09888        6.1785532960707148E-005   0.0000000000000000        0.0000000000000000        0.0000000000000000        1.7537755518298137E-024   0.0000000000000000        0.0000000000000000        0.0000000000000000     
   507800019999994.94        0.0000000000000000        0.0000000000000000       -320000.00000000000        0.0000000000000000        0.0000000000000000       -1.2027192201085844E-009   0.0000000000000000        0.0000000000000000        1562.5000000000000        1.0000000000000002E-010   15624999999999.998        12.496502936993616        187447544054.90421        6.1785565063806556E-005   0.0000000000000000        0.0000000000000000        0.0000000000000000        2.4634041016899008E-024   0.0000000000000000        0.0000000000000000        0.0000000000000000     
   523425019999994.94        0.0000000000000000        0.0000000000000000       -320000.00000000000        0.0000000000000000        0.0000000000000000       -1.5882002545013871E-009   0.0000000000000000        0.0000000000000000        1562.5000000000000        1.0000000000000000E-010   15625000000000.000        12.496505119990923        187447576799.86380        6.1785609785327679E-005   0.0000000000000000        0.0000000000000000        0.0000000000000000        3.2467931968922892E-024   0.0000000000000000        0.0000000000000000        0.0000000000000000     
   539050019999994.94        0.0000000000000000        0.0000000000000000       -320000.00000000000        0.0000000000000000        0.0000000000000000       -2.0549511820155597E-009   0.0000000000000000        0.0000000000000000        1562.5000000000000        9.9999999999999551E-011   15625000000000.068        12.496507876423127        187447618146.34772        6.1785666048282017E-005   0.0000000000000000        0.0000000000000000        0.0000000000000000        4.1932229890318351E-024   0.0000000000000000        0.0000000000000000        0.0000000000000000     
   554675019999994.94        0.0000000000000000        0.0000000000000000       -320000.00000000000        0.0000000000000000        0.0000000000000000       -2.5708986355570297E-009   0.0000000000000000        0.0000000000000000        1562.5000000000000        9.9999999999995053E-011   15625000000000.771        12.496511532673370        187447672990.10980        6.1785740663401371E-005   0.0000000000000000        0.0000000000000000        0.0000000000000000        5.2321327077741225E-024   0.0000000000000000        0.0000000000000000        0.0000000000000000     
   570300019999996.62        0.0000000000000000        0.0000000000000000       -320000.00000000000        0.0000000000000000        0.0000000000000000       -3.2184386617265498E-009   0.0000000000000000        0.0000000000000000        1562.5000000000000        9.9999999999995053E-011   15625000000000.771        12.496515870318868        187447738054.79227        6.1785828741690526E-005   0.0000000000000000        0.0000000000000000        0.0000000000000000        6.5351441817027233E-024   0.0000000000000000        0.0000000000000000        0.0000000000000000     
   585925019999996.62        0.0000000000000000        0.0000000000000000       -320000.00000000000        0.0000000000000000        0.0000000000000000       -3.9038494347898390E-009   0.0000000000000000        0.0000000000000000        1562.5000000000000        9.9999999999999551E-011   15625000000000.068        12.496521589112247        187447823836.68454        6.1785944901008002E-005   0.0000000000000000        0.0000000000000000        0.0000000000000000        7.9029535221758968E-024   0.0000000000000000        0.0000000000000000        0.0000000000000000     
   601550019999996.62        0.0000000000000000        0.0000000000000000       -320000.00000000000        0.0000000000000000        0.0000000000000000       -4.7967993375485607E-009   0.0000000000000000        0.0000000000000000        1562.5000000000000        1.0000000000000000E-010   15625000000000.000        12.496528002633427        187447920039.50137        6.1786074351283845E-005   0.0000000000000000        0.0000000000000000        0.0000000000000000        9.6875535416585217E-024   0.0000000000000000        0.0000000000000000        0.0000000000000000     
   617175019999996.62        0.0000000000000000        0.0000000000000000       -320000.00000000000        0.0000000000000000        0.0000000000000000       -5.6710075437145290E-009   0.0000000000000000        0.0000000000000000        1562.5000000000000        1.0000000000000002E-010   15624999999999.998        12.496536602889135        187448049043.33698        6.1786248175038999E-005   0.0000000000000000        0.0000000000000000        0.0000000000000000        1.1416552393663127E-023   0.0000000000000000        0.0000000000000000        0.0000000000000000     
   632800019999996.62        0.0000000000000000        0.0000000000000000       -320000.00000000000        0.0000000000000000        0.0000000000000000       -6.8739759989452279E-009   0.0000000000000000        0.0000000000000000        1562.5000000000000        1.0000000000000002E-010   15624999999999.998        12.496545611322651        187448184169.83972        6.1786428833958680E-005   0.0000000000000000        0.0000000000000000        0.0000000000000000        1.3805687506029364E-023   0.0000000000000000        0.0000000000000000        0.0000000000000000     
   648425019999996.62        0.0000000000000000        0.0000000000000000       -320000.00000000000        0.0000000000000000        0.0000000000000000       -7.9190261694111767E-009   0.0000000000000000        0.0000000000000000        1562.5000000000000        1.0000000000000000E-010   15625000000000.000        12.496558163576578        187448372453.64865        6.1786681281407273E-005   0.0000000000000000        0.0000000000000000        0.0000000000000000        1.5853156638888188E-023   0.0000000000000000        0.0000000000000000        0.0000000000000000     
   664050019999996.62        0.0000000000000000        0.0000000000000000       -320000.00000000000        0.0000000000000000        0.0000000000000000       -9.4876842255722330E-009   0.0000000000000000        0.0000000000000000        1562.5000000000000        1.0000000000000000E-010   15625000000000.000        12.496570168133269        187448552521.99899        6.1786920420415863E-005   0.0000000000000000        0.0000000000000000        0.0000000000000000        1.8950056728341859E-023   0.0000000000000000        0.0000000000000000        0.0000000000000000     
   679675019999996.62        0.0000000000000000        0.0000000000000000       -320000.00000000000        0.0000000000000000        0.0000000000000000       -1.0628211860902179E-008   0.0000000000000000        0.0000000000000000        1562.5000000000000        1.0000000000000000E-010   15625000000000.000        12.496587996282665        187448819944.23996        6.1787277244206755E-005   0.0000000000000000        0.0000000000000000        0.0000000000000000        2.1161014574580990E-023   0.0000000000000000        0.0000000000000000        0.0000000000000000     
   695300019999996.62        0.0000000000000000        0.0000000000000000       -320000.00000000000        0.0000000000000000        0.0000000000000000       -1.2592425436227036E-008   0.0000000000000000        0.0000000000000000        1562.5000000000000        1.0000000000000000E-010   15625000000000.000        12.496603070051467        187449046050.77197        6.1787575477236986E-005   0.0000000000000000        0.0000000000000000        0.0000000000000000        2.5015755155097643E-023   0.0000000000000000        0.0000000000000000        0.0000000000000000     
   710925019999996.62        0.0000000000000000        0.0000000000000000       -320000.00000000000        0.0000000000000000        0.0000000000000000       -1.3682953433718202E-008   0.0000000000000000        0.0000000000000000        1562.5000000000000        1.0000000000000000E-010   15625000000000.000        12.496627699694278        187449415495.41415        6.1788066093661508E-005   0.0000000000000000        0.0000000000000000        0.0000000000000000        2.7101850914015030E-023   0.0000000000000000        0.0000000000000000        0.0000000000000000     
   726550019999996.62        0.0000000000000000        0.0000000000000000       -320000.00000000000        0.0000000000000000        0.0000000000000000       -1.6016380010749035E-008   0.0000000000000000        0.0000000000000000        1562.5000000000000        1.0000000000000000E-010   15625000000000.000        12.496645346844067        187449680202.66098        6.1788412834051502E-005   0.0000000000000000        0.0000000000000000        0.0000000000000000        3.1652258336480750E-023   0.0000000000000000        0.0000000000000000        0.0000000000000000     
   742175019999996.62        0.0000000000000000        0.0000000000000000       -320000.00000000000        0.0000000000000000        0.0000000000000000       -1.6851256599067419E-008   0.0000000000000000        0.0000000000000000        1562.5000000000000        1.0000000000000000E-010   15625000000000.000        12.496678335722674        187450175035.84009        6.1789066870154353E-005   0.0000000000000000        0.0000000000000000        0.0000000000000000        3.3215686402092787E-023   0.0000000000000000        0.0000000000000000        0.0000000000000000     
   757800019999996.62        0.0000000000000000        0.0000000000000000       -320000.00000000000        0.0000000000000000        0.0000000000000000       -1.9425051798048373E-008   0.0000000000000000        0.0000000000000000        1562.5000000000000        1.0000000000000002E-010   15624999999999.998        12.496697320061431        187450459800.92142        6.1789437309184715E-005   0.0000000000000000        0.0000000000000000        0.0000000000000000        3.8198617932812244E-023   0.0000000000000000        0.0000000000000000        0.0000000000000000     
   773425019999996.62        0.0000000000000000        0.0000000000000000       -320000.00000000000        0.0000000000000000        0.0000000000000000       -1.9785965146982059E-008   0.0000000000000000        0.0000000000000000        1562.5000000000000        1.0000000000000000E-010   15625000000000.000        12.496739885491106        187451098282.36658        6.1790277224730168E-005   0.0000000000000000        0.0000000000000000        0.0000000000000000        3.8827110596938110E-023   0.0000000000000000        0.0000000000000000        0.0000000000000000     
   789050019999996.62        0.0000000000000000        0.0000000000000000       -320000.00000000000        0.0000000000000000        0.0000000000000000       -2.2315719967765555E-008   0.0000000000000000        0.0000000000000000        1562.5000000000000        1.0000000000000002E-010   15624999999999.998        12.496758283827329        187451374257.40988        6.1790633770018158E-005   0.0000000000000000        0.0000000000000000        0.0000000000000000        4.3674185776568212E-023   0.0000000000000000        0.0000000000000000        0.0000000000000000     
   804675019999996.62        0.0000000000000000        0.0000000000000000       -320000.00012138061        0.0000000000000000        0.0000000000000000       -2.2066483745442991E-008   0.0000000000000000        0.0000000000000000        1562.5000000000000        1.0000000000000002E-010   15624999999999.998        12.496810661363799        187452159920.45694        6.1791662428293769E-005   0.0000000000000000        0.0000000000000000        0.0000000000000000        4.3102806878126806E-023   0.0000000000000000        0.0000000000000000        0.0000000000000000     
   820300019999996.62        0.0000000000000000        0.0000000000000000       -320000.00127665792        0.0000000000000000        0.0000000000000000       -2.4035106294849053E-008   0.0000000000000000        0.0000000000000000        1562.5000000000000        1.0000000000000000E-010   15625000000000.000        12.496826281714963        187452394225.72443        6.1791963093214911E-005   0.0000000000000000        0.0000000000000000        0.0000000000000000        4.6875050006812100E-023   0.0000000000000000        0.0000000000000000        0.0000000000000000     
   835925019999996.62        0.0000000000000000        0.0000000000000000       -320000.00138536352        0.0000000000000000        0.0000000000000000       -2.3183819749431382E-008   0.0000000000000000        0.0000000000000000        1562.5000000000000        1.0000000000000000E-010   15625000000000.000        12.496886870374345        187453303055.61514        6.1793147545341934E-005   0.0000000000000000        0.0000000000000000        0.0000000000000000        4.5152028165143805E-023   0.0000000000000000        0.0000000000000000        0.0000000000000000     
   851550019999996.62        0.0000000000000000        0.0000000000000000       -320000.00169079710        0.0000000000000000        0.0000000000000000       -2.3996226627985318E-008   0.0000000000000000        0.0000000000000000        1562.5000000000000        1.0000000000000000E-010   15625000000000.000        12.496898021343503        187453470320.15253        6.1793360743289064E-005   0.0000000000000000        0.0000000000000000        0.0000000000000000        4.6609960773514683E-023   0.0000000000000000        0.0000000000000000        0.0000000000000000     
   867175019999996.62        0.0000000000000000        0.0000000000000000       -320000.00168466748        0.0000000000000000        0.0000000000000000       -2.2739017200418270E-008   0.0000000000000000        0.0000000000000000        1562.5000000000000        1.0000000000000002E-010   15624999999999.998        12.496962606918277        187454439103.77411        6.1794617938114169E-005   0.0000000000000000        0.0000000000000000        0.0000000000000000        4.4150382767984863E-023   0.0000000000000000        0.0000000000000000        0.0000000000000000     
   882800019999996.62        0.0000000000000000        0.0000000000000000       -320000.00175205496        0.0000000000000000        0.0000000000000000       -2.1719985320731484E-008   0.0000000000000000        0.0000000000000000        1562.5000000000000        1.0000000000000002E-010   15624999999999.998        12.496968924446003        187454533866.69000        6.1794737900782630E-005   0.0000000000000000        0.0000000000000000        0.0000000000000000        4.2050110377916650E-023   0.0000000000000000        0.0000000000000000        0.0000000000000000     
   898425019999996.62        0.0000000000000000        0.0000000000000000       -320000.00201892521        0.0000000000000000        0.0000000000000000       -2.0383082810538180E-008   0.0000000000000000        0.0000000000000000        1562.5000000000000        1.0000000000000000E-010   15625000000000.000        12.497030514625921        187455457719.38879        6.1795932363944270E-005   0.0000000000000000        0.0000000000000000        0.0000000000000000        3.9477817361342526E-023   0.0000000000000000        0.0000000000000000        0.0000000000000000     
   914050019999996.62        0.0000000000000000        0.0000000000000000       -320000.00247239933        0.0000000000000000        0.0000000000000000       -2.0114469715858362E-008   0.0000000000000000        0.0000000000000000        1562.5000000000000        1.0000000000000000E-010   15625000000000.000        12.497033317340806        187455499760.11206        6.1795985276379771E-005   0.0000000000000000        0.0000000000000000        0.0000000000000000        3.3076476801865291E-023   0.0000000000000000        0.0000000000000000        0.0000000000000000     
   929675019999996.62        0.0000000000000000        0.0000000000000000       -320000.00494929601        0.0000000000000000        0.0000000000000000       -1.3452194890178147E-007   0.0000000000000000        0.0000000000000000        1562.5000000000000        1.0000000017533630E-010   15624999972603.703        12.497083141763374        187456246797.77176        6.1796948363653263E-005   0.0000000000000000        0.0000000000000000        0.0000000000000000        3.0884975921365739E-023   0.0000000000000000        0.0000000000000000        0.0000000000000000     
   945300019999996.62        0.0000000000000000        0.0000000000000000       -320002.49896983430        0.0000000000000000        0.0000000000000000       -5.3012305142541565E-005   0.0000000000000000        0.0000000000000000        1562.5000000000000        1.0000000175336304E-010   15624999726037.031        12.497085094163451        187456273125.66275        6.1796981582493404E-005   0.0000000000000000        0.0000000000000000        0.0000000000000000        2.0434170292771171E-023   0.0000000000000000        0.0000000000000000        0.0000000000000000     
   960925019342485.50        0.0000000000000000        0.0000000000000000       -320072.24043770932        0.0000000000000000        0.0000000000000000       -1.8517067126459811E-003   0.0000000000000000        0.0000000000000000        1562.5000000000000        9.9999998060923935E-011   15625000302980.643        12.497114118763355        187456715416.37860        6.1797551168815210E-005   0.0000000000000000        0.0000000000000000        0.0000000000000000        1.8785120904427726E-023   0.0000000000000000        0.0000000000000000        0.0000000000000000     
   976550019999996.75        0.0000000000000000        0.0000000000000000       -319977.35448462400        0.0000000000000000        0.0000000000000000        5.8067602167764299E-004   0.0000000000000000        0.0000000000000000        1562.5000000000000        9.9096845384655109E-011   15767404037282.797        12.384249593362165        187456768355.61255        6.1797620038446616E-005   0.0000000000000000        0.0000000000000000        0.0000000000000000        3.6189333466098845E-024   0.0000000000000000        0.0000000000000000        0.0000000000000000     
   992175027271538.00        0.0000000000000000        0.0000000000000000       -319627.09712281293        0.0000000000000000        0.0000000000000000        9.5612554783519339E-003   0.0000000000000000        0.0000000000000000        1562.5000000000000        6.8979841064156551E-011   22651545377536.531        8.6204916156569649        187456758728.37787        6.1797608223421692E-005   0.0000000000000000        0.0000000000000000        0.0000000000000000        1.7399765008718843E-024   0.0000000000000000        0.0000000000000000        0.0000000000000000     
