   22000.000000000000     
  -992180462231863.00        0.0000000000000000        0.0000000000000000        319789.63961911271        0.0000000000000000        0.0000000000000000       -9.5614135868456081E-003   0.0000000000000000        0.0000000000000000        1562.5000000000000        6.8979857373108260E-011   22651540022017.188        8.6206327232976108        187459782861.01144        6.1801466740839202E-005   0.0000000000000000        0.0000000000000000        0.0000000000000000       -3.9590214811654877E-024   0.0000000000000000        0.0000000000000000        0.0000000000000000     
  -976555460000002.50        0.0000000000000000        0.0000000000000000        319987.22603826469        0.0000000000000000        0.0000000000000000       -5.8068030872405205E-004   0.0000000000000000        0.0000000000000000        1562.5000000000000        9.9096861709720335E-011   15767401439784.803        12.384452768663094        187459812878.94275        6.1801503880191098E-005   0.0000000000000000        0.0000000000000000        0.0000000000000000       -8.7949967080429074E-024   0.0000000000000000        0.0000000000000000        0.0000000000000000     
  -960930460000000.00        0.0000000000000000        0.0000000000000000        320040.75760210416        0.0000000000000000        0.0000000000000000        1.8521629080457400E-003   0.0000000000000000        0.0000000000000000        1562.5000000000000        9.9999999404837013E-011   15625000092994.219        12.497311080056763        187459667316.54196        6.1801320709897712E-005   0.0000000000000000        0.0000000000000000        0.0000000000000000       -4.3693725016187739E-023   0.0000000000000000        0.0000000000000000        0.0000000000000000     
  -945305460000002.38        0.0000000000000000        0.0000000000000000        320001.60073563526        0.0000000000000000        0.0000000000000000        5.2666284908261155E-005   0.0000000000000000        0.0000000000000000        1562.5000000000000        1.0000000000000631E-010   15624999999999.014        12.497242584987708        187458638774.80377        6.1800021377427156E-005   0.0000000000000000        0.0000000000000000        0.0000000000000000       -4.7373365550628937E-023   0.0000000000000000        0.0000000000000000        0.0000000000000000     
  -929680460000002.38        0.0000000000000000        0.0000000000000000        320000.00297023554        0.0000000000000000        0.0000000000000000        1.0420695971316610E-007   0.0000000000000000        0.0000000000000000        1562.5000000000000        1.0000000000000064E-010   15624999999999.902        12.497236410322328        187458546154.83371        6.1799906622146575E-005   0.0000000000000000        0.0000000000000000        0.0000000000000000       -6.6861552659283545E-023   0.0000000000000000        0.0000000000000000        0.0000000000000000     
  -914055460000002.38        0.0000000000000000        0.0000000000000000        320000.00209910283        0.0000000000000000        0.0000000000000000        3.9783885250972667E-008   0.0000000000000000        0.0000000000000000        1562.5000000000000        1.0000000000000000E-010   15625000000000.000        12.497130084750138        187456951271.25204        6.1797879745620988E-005   0.0000000000000000        0.0000000000000000        0.0000000000000000       -7.1982284142478020E-023   0.0000000000000000        0.0000000000000000        0.0000000000000000     
  -898430460000002.38        0.0000000000000000        0.0000000000000000        320000.00159235916        0.0000000000000000        0.0000000000000000        4.0513836710910639E-008   0.0000000000000000        0.0000000000000000        1562.5000000000000        1.0000000000000000E-010   15625000000000.000        12.497118427373733        187456776410.60599        6.1797663945712162E-005   0.0000000000000000        0.0000000000000000        0.0000000000000000       -7.7618662785661776E-023   0.0000000000000000        0.0000000000000000        0.0000000000000000     
  -882805460000002.38        0.0000000000000000        0.0000000000000000        320000.00123231456        0.0000000000000000        0.0000000000000000        4.3056506859562677E-008   0.0000000000000000        0.0000000000000000        1562.5000000000000        1.0000000000000002E-010   15624999999999.998        12.497003614246308        187455054213.69458        6.1795454785217854E-005   0.0000000000000000        0.0000000000000000        0.0000000000000000       -8.2549837136675945E-023   0.0000000000000000        0.0000000000000000        0.0000000000000000     
  -867180460000002.38        0.0000000000000000        0.0000000000000000        320000.00115936965        0.0000000000000000        0.0000000000000000        4.0039143085821770E-008   0.0000000000000000        0.0000000000000000        1562.5000000000000        1.0000000000000002E-010   15624999999999.998        12.496981966259780        187454729493.89667        6.1795049227633296E-005   0.0000000000000000        0.0000000000000000        0.0000000000000000       -7.7326806058688466E-023   0.0000000000000000        0.0000000000000000        0.0000000000000000     
  -851555460000002.38        0.0000000000000000        0.0000000000000000        320000.00107557222        0.0000000000000000        0.0000000000000000        4.1220770853496671E-008   0.0000000000000000        0.0000000000000000        1562.5000000000000        1.0000000000000000E-010   15625000000000.000        12.496880250633557        187453203759.50336        6.1793070737483399E-005   0.0000000000000000        0.0000000000000000        0.0000000000000000       -7.9813395806417491E-023   0.0000000000000000        0.0000000000000000        0.0000000000000000     
  -835930460000002.38        0.0000000000000000        0.0000000000000000        320000.00092444406        0.0000000000000000        0.0000000000000000        3.5497136602713990E-008   0.0000000000000000        0.0000000000000000        1562.5000000000000        1.0000000000000000E-010   15625000000000.000        12.496850609387975        187452759140.81961        6.1792506870784705E-005   0.0000000000000000        0.0000000000000000        0.0000000000000000       -6.9173615228857945E-023   0.0000000000000000        0.0000000000000000        0.0000000000000000     
  -820305460000002.38        0.0000000000000000        0.0000000000000000        320000.00076828175        0.0000000000000000        0.0000000000000000        3.4870875144168632E-008   0.0000000000000000        0.0000000000000000        1562.5000000000000        1.0000000000000000E-010   15625000000000.000        12.496771376435257        187451570646.52881        6.1790948330276357E-005   0.0000000000000000        0.0000000000000000        0.0000000000000000       -6.8264050818956848E-023   0.0000000000000000        0.0000000000000000        0.0000000000000000     
  -804680460000002.38        0.0000000000000000        0.0000000000000000        320000.00012138061        0.0000000000000000        0.0000000000000000        2.8809561741123829E-008   0.0000000000000000        0.0000000000000000        1562.5000000000000        1.0000000000000000E-010   15625000000000.000        12.496739546041026        187451093190.61536        6.1790333193992894E-005   0.0000000000000000        0.0000000000000000        0.0000000000000000       -5.6688208572501333E-023   0.0000000000000000        0.0000000000000000        0.0000000000000000     
  -789055460000002.38        0.0000000000000000        0.0000000000000000        320000.00000000000        0.0000000000000000        0.0000000000000000        2.6841529304322350E-008   0.0000000000000000        0.0000000000000000        1562.5000000000000        1.0000000000000000E-010   15625000000000.000        12.496682989818307        187450244847.27457        6.1789208486344400E-005   0.0000000000000000        0.0000000000000000        0.0000000000000000       -5.3130075335127210E-023   0.0000000000000000        0.0000000000000000        0.0000000000000000     
  -773430460000002.38        0.0000000000000000        0.0000000000000000        320000.00000000000        0.0000000000000000        0.0000000000000000        2.1633089957637849E-008   0.0000000000000000        0.0000000000000000        1562.5000000000000        1.0000000000000000E-010   15625000000000.000        12.496654395023814        187449815925.35718        6.1788647231889583E-005   0.0000000000000000        0.0000000000000000        0.0000000000000000       -4.3039909821603966E-023   0.0000000000000000        0.0000000000000000        0.0000000000000000     
  -757805460000002.38        0.0000000000000000        0.0000000000000000        320000.00000000000        0.0000000000000000        0.0000000000000000        1.9142055892457972E-008   0.0000000000000000        0.0000000000000000        1562.5000000000000        1.0000000000000002E-010   15624999999999.998        12.496616426357347        187449246395.36017        6.1787884173058794E-005   0.0000000000000000        0.0000000000000000        0.0000000000000000       -3.8333526841003447E-023   0.0000000000000000        0.0000000000000000        0.0000000000000000     
  -742180460000002.38        0.0000000000000000        0.0000000000000000        320000.00000000000        0.0000000000000000        0.0000000000000000        1.5170323025445938E-008   0.0000000000000000        0.0000000000000000        1562.5000000000000        1.0000000000000002E-010   15624999999999.998        12.496593950696726        187448909260.45084        6.1787436360665859E-005   0.0000000000000000        0.0000000000000000        0.0000000000000000       -3.0527530793537102E-023   0.0000000000000000        0.0000000000000000        0.0000000000000000     
  -726555460000002.38        0.0000000000000000        0.0000000000000000        320000.00000000000        0.0000000000000000        0.0000000000000000        1.2816161788851024E-008   0.0000000000000000        0.0000000000000000        1562.5000000000000        1.0000000000000000E-010   15625000000000.000        12.496569610784894        187448544161.77338        6.1786942126016261E-005   0.0000000000000000        0.0000000000000000        0.0000000000000000       -2.5965623663237558E-023   0.0000000000000000        0.0000000000000000        0.0000000000000000     
  -710930460000002.38        0.0000000000000000        0.0000000000000000        320000.00000000000        0.0000000000000000        0.0000000000000000        1.0007412685961083E-008   0.0000000000000000        0.0000000000000000        1562.5000000000000        1.0000000000000000E-010   15625000000000.000        12.496553667450879        187448305011.76315        6.1786619878267336E-005   0.0000000000000000        0.0000000000000000        0.0000000000000000       -2.0374994065773071E-023   0.0000000000000000        0.0000000000000000        0.0000000000000000     
  -695305460000002.38        0.0000000000000000        0.0000000000000000        320000.00000000000        0.0000000000000000        0.0000000000000000        8.1271112454284247E-009   0.0000000000000000        0.0000000000000000        1562.5000000000000        1.0000000000000000E-010   15625000000000.000        12.496538655994410        187448079839.91614        6.1786311888170314E-005   0.0000000000000000        0.0000000000000000        0.0000000000000000       -1.6658342382669503E-023   0.0000000000000000        0.0000000000000000        0.0000000000000000     
  -679680460000002.38        0.0000000000000000        0.0000000000000000        320000.00000000000        0.0000000000000000        0.0000000000000000        6.2519392458049097E-009   0.0000000000000000        0.0000000000000000        1562.5000000000000        1.0000000000000000E-010   15625000000000.000        12.496528223172708        187447923347.59061        6.1786098116350664E-005   0.0000000000000000        0.0000000000000000        0.0000000000000000       -1.2880090235433832E-023   0.0000000000000000        0.0000000000000000        0.0000000000000000     
  -664055460000002.38        0.0000000000000000        0.0000000000000000        320000.00000000000        0.0000000000000000        0.0000000000000000        4.9125141157784351E-009   0.0000000000000000        0.0000000000000000        1562.5000000000000        1.0000000000000000E-010   15625000000000.000        12.496519288977222        187447789334.65829        6.1785912866789476E-005   0.0000000000000000        0.0000000000000000        0.0000000000000000       -1.0186878654852571E-023   0.0000000000000000        0.0000000000000000        0.0000000000000000     
  -648430460000002.38        0.0000000000000000        0.0000000000000000        320000.00000000000        0.0000000000000000        0.0000000000000000        3.7208349253062961E-009   0.0000000000000000        0.0000000000000000        1562.5000000000000        1.0000000000000000E-010   15625000000000.000        12.496512891511040        187447693372.66556        6.1785780058237424E-005   0.0000000000000000        0.0000000000000000        0.0000000000000000       -7.7564074994632472E-024   0.0000000000000000        0.0000000000000000        0.0000000000000000     
  -632805460000002.38        0.0000000000000000        0.0000000000000000        320000.00000000000        0.0000000000000000        0.0000000000000000        2.8442101543128110E-009   0.0000000000000000        0.0000000000000000        1562.5000000000000        1.0000000000000002E-010   15624999999999.998        12.496507754605139        187447616319.07706        6.1785672389807141E-005   0.0000000000000000        0.0000000000000000        0.0000000000000000       -5.9663553078466984E-024   0.0000000000000000        0.0000000000000000        0.0000000000000000     
  -617180460000002.38        0.0000000000000000        0.0000000000000000        320000.00000000000        0.0000000000000000        0.0000000000000000        2.1201843927155168E-009   0.0000000000000000        0.0000000000000000        1562.5000000000000        1.0000000000000002E-010   15624999999999.998        12.496504036553402        187447560548.30099        6.1785594233361714E-005   0.0000000000000000        0.0000000000000000        0.0000000000000000       -4.4715219827993898E-024   0.0000000000000000        0.0000000000000000        0.0000000000000000     
  -601555460000002.38        0.0000000000000000        0.0000000000000000        320000.00000000000        0.0000000000000000        0.0000000000000000        1.5831437870584003E-009   0.0000000000000000        0.0000000000000000        1562.5000000000000        1.0000000000000000E-010   15625000000000.000        12.496501181418589        187447517721.27881        6.1785533732306133E-005   0.0000000000000000        0.0000000000000000        0.0000000000000000       -3.3590967002669495E-024   0.0000000000000000        0.0000000000000000        0.0000000000000000     
  -585930460000002.38        0.0000000000000000        0.0000000000000000        320000.00000000000        0.0000000000000000        0.0000000000000000        1.1611800724704967E-009   0.0000000000000000        0.0000000000000000        1562.5000000000000        9.9999999999999706E-011   15625000000000.045        12.496499117020266        187447486755.30450        6.1785489812503957E-005   0.0000000000000000        0.0000000000000000        0.0000000000000000       -2.4771372262811315E-024   0.0000000000000000        0.0000000000000000        0.0000000000000000     
  -570305460000002.38        0.0000000000000000        0.0000000000000000        320000.00000000000        0.0000000000000000        0.0000000000000000        8.4916939929035037E-010   0.0000000000000000        0.0000000000000000        1562.5000000000000        9.9999999999996708E-011   15625000000000.514        12.496497582458883        187447463736.88940        6.1785456937122111E-005   0.0000000000000000        0.0000000000000000        0.0000000000000000       -1.8220099683553759E-024   0.0000000000000000        0.0000000000000000        0.0000000000000000     
  -554680460000001.25        0.0000000000000000        0.0000000000000000        320000.00000000000        0.0000000000000000        0.0000000000000000        6.1222815295316889E-010   0.0000000000000000        0.0000000000000000        1562.5000000000000        9.9999999999996708E-011   15625000000000.514        12.496496482210452        187447447233.16293        6.1785433258742080E-005   0.0000000000000000        0.0000000000000000        0.0000000000000000       -1.3206085986768598E-024   0.0000000000000000        0.0000000000000000        0.0000000000000000     
  -539055460000001.25        0.0000000000000000        0.0000000000000000        320000.00000000000        0.0000000000000000        0.0000000000000000        4.3824625013289034E-010   0.0000000000000000        0.0000000000000000        1562.5000000000000        9.9999999999999706E-011   15625000000000.045        12.496495685914486        187447435288.71780        6.1785416016186769E-005   0.0000000000000000        0.0000000000000000        0.0000000000000000       -9.5043538161948458E-025   0.0000000000000000        0.0000000000000000        0.0000000000000000     
  -523430460000001.25        0.0000000000000000        0.0000000000000000        320000.00000000000        0.0000000000000000        0.0000000000000000        3.0879603969074751E-010   0.0000000000000000        0.0000000000000000        1562.5000000000000        1.0000000000000000E-010   15625000000000.000        12.496495124051062        187447426860.76590        6.1785403793632868E-005   0.0000000000000000        0.0000000000000000        0.0000000000000000       -6.7299565887583152E-025   0.0000000000000000        0.0000000000000000        0.0000000000000000     
  -507805460000001.25        0.0000000000000000        0.0000000000000000        320000.00000000000        0.0000000000000000        0.0000000000000000        2.1375169318483550E-010   0.0000000000000000        0.0000000000000000        1562.5000000000000        1.0000000000000002E-010   15624999999999.998        12.496494729934183        187447420949.01270        6.1785395174946130E-005   0.0000000000000000        0.0000000000000000        0.0000000000000000       -4.6802889692449050E-025   0.0000000000000000        0.0000000000000000        0.0000000000000000     
  -492180460000001.25        0.0000000000000000        0.0000000000000000        320000.00000000000        0.0000000000000000        0.0000000000000000        1.4274443830483374E-010   0.0000000000000000        0.0000000000000000        1562.5000000000000        1.0000000000000002E-010   15624999999999.998        12.496494462251627        187447416933.77435        6.1785389297776394E-005   0.0000000000000000        0.0000000000000000        0.0000000000000000       -3.1376194578689580E-025   0.0000000000000000        0.0000000000000000        0.0000000000000000     
  -476555460000001.25        0.0000000000000000        0.0000000000000000        320000.00000000000        0.0000000000000000        0.0000000000000000        8.8721691155676430E-011   0.0000000000000000        0.0000000000000000        1562.5000000000000        1.0000000000000000E-010   15625000000000.000        12.496494288279331        187447414324.18994        6.1785385463915160E-005   0.0000000000000000        0.0000000000000000        0.0000000000000000       -1.9559898496174462E-025   0.0000000000000000        0.0000000000000000        0.0000000000000000     
  -460930460000001.25        0.0000000000000000        0.0000000000000000        320000.00000000000        0.0000000000000000        0.0000000000000000        4.5300012702007476E-011   0.0000000000000000        0.0000000000000000        1562.5000000000000        1.0000000000000000E-010   15625000000000.000        12.496494187722357        187447412815.83533        6.1785383243212900E-005   0.0000000000000000        0.0000000000000000        0.0000000000000000       -9.9979564738573051E-026   0.0000000000000000        0.0000000000000000        0.0000000000000000     
  -445305460000001.25        0.0000000000000000        0.0000000000000000        320000.00000000000        0.0000000000000000        0.0000000000000000        7.5074255021266671E-012   0.0000000000000000        0.0000000000000000        1562.5000000000000        1.0000000000000000E-010   15625000000000.000        12.496494148187983        187447412222.81973        6.1785382370961708E-005   0.0000000000000000        0.0000000000000000        0.0000000000000000       -1.6368125930164841E-026   0.0000000000000000        0.0000000000000000        0.0000000000000000     
  -429680460000001.25        0.0000000000000000        0.0000000000000000        320000.00000000000        0.0000000000000000        0.0000000000000000       -2.9574131335568532E-011   0.0000000000000000        0.0000000000000000        1562.5000000000000        1.0000000000000000E-010   15625000000000.000        12.496494164427054        187447412466.40579        6.1785382734974131E-005   0.0000000000000000        0.0000000000000000        0.0000000000000000        6.5807472824618478E-026   0.0000000000000000        0.0000000000000000        0.0000000000000000     
  -414055460000001.25        0.0000000000000000        0.0000000000000000        320000.00000000000        0.0000000000000000        0.0000000000000000       -7.0266643070992738E-011   0.0000000000000000        0.0000000000000000        1562.5000000000000        1.0000000000000000E-010   15625000000000.000        12.496494239706008        187447413595.59012        6.1785384408255626E-005   0.0000000000000000        0.0000000000000000        0.0000000000000000        1.5571350921635602E-025   0.0000000000000000        0.0000000000000000        0.0000000000000000     
  -398430460000001.25        0.0000000000000000        0.0000000000000000        320000.00000000000        0.0000000000000000        0.0000000000000000       -1.2018122924383366E-010   0.0000000000000000        0.0000000000000000        1562.5000000000000        1.0000000000000000E-010   15625000000000.000        12.496494381563775        187447415723.45660        6.1785387548076034E-005   0.0000000000000000        0.0000000000000000        0.0000000000000000        2.6552619868461248E-025   0.0000000000000000        0.0000000000000000        0.0000000000000000     
  -382805460000001.25        0.0000000000000000        0.0000000000000000        320000.00000000000        0.0000000000000000        0.0000000000000000       -1.8399430651209190E-010   0.0000000000000000        0.0000000000000000        1562.5000000000000        1.0000000000000002E-010   15624999999999.998        12.496494611800445        187447419177.00662        6.1785392632508637E-005   0.0000000000000000        0.0000000000000000        0.0000000000000000        4.0487039935921379E-025   0.0000000000000000        0.0000000000000000        0.0000000000000000     
  -367180460000001.25        0.0000000000000000        0.0000000000000000        320000.00000000000        0.0000000000000000        0.0000000000000000       -2.7123529027747969E-010   0.0000000000000000        0.0000000000000000        1562.5000000000000        1.0000000000000002E-010   15624999999999.998        12.496494950245573        187447424253.68356        6.1785400064768523E-005   0.0000000000000000        0.0000000000000000        0.0000000000000000        5.9444504140407564E-025   0.0000000000000000        0.0000000000000000        0.0000000000000000     
  -351555460000001.25        0.0000000000000000        0.0000000000000000        320000.00000000000        0.0000000000000000        0.0000000000000000       -3.8645429956990400E-010   0.0000000000000000        0.0000000000000000        1562.5000000000000        1.0000000000000000E-010   15625000000000.000        12.496495452623822        187447431789.35730        6.1785411067730492E-005   0.0000000000000000        0.0000000000000000        0.0000000000000000        8.4267453522169030E-025   0.0000000000000000        0.0000000000000000        0.0000000000000000     
  -335930460000001.25        0.0000000000000000        0.0000000000000000        320000.00000000000        0.0000000000000000        0.0000000000000000       -5.4986501699947029E-010   0.0000000000000000        0.0000000000000000        1562.5000000000000        1.0000000000000000E-010   15625000000000.000        12.496496144579137        187447442168.68704        6.1785426112748011E-005   0.0000000000000000        0.0000000000000000        0.0000000000000000        1.1936260012074954E-024   0.0000000000000000        0.0000000000000000        0.0000000000000000     
  -320305460000001.25        0.0000000000000000        0.0000000000000000        320000.00000000000        0.0000000000000000        0.0000000000000000       -7.6011809745285651E-010   0.0000000000000000        0.0000000000000000        1562.5000000000000        1.0000000000000000E-010   15625000000000.000        12.496497160395773        187447457405.93658        6.1785448155664467E-005   0.0000000000000000        0.0000000000000000        0.0000000000000000        1.6407124256217692E-024   0.0000000000000000        0.0000000000000000        0.0000000000000000     
  -304680460000001.25        0.0000000000000000        0.0000000000000000        320000.00000000000        0.0000000000000000        0.0000000000000000       -1.0658481285280389E-009   0.0000000000000000        0.0000000000000000        1562.5000000000000        1.0000000000000000E-010   15625000000000.000        12.496498492314972        187447477384.72455        6.1785476795179231E-005   0.0000000000000000        0.0000000000000000        0.0000000000000000        2.2902963092303236E-024   0.0000000000000000        0.0000000000000000        0.0000000000000000     
  -289055460000001.25        0.0000000000000000        0.0000000000000000        320000.00000000000        0.0000000000000000        0.0000000000000000       -1.4364705528406568E-009   0.0000000000000000        0.0000000000000000        1562.5000000000000        1.0000000000000000E-010   15625000000000.000        12.496500479488976        187447507192.33463        6.1785519510577900E-005   0.0000000000000000        0.0000000000000000        0.0000000000000000        3.0680683764672717E-024   0.0000000000000000        0.0000000000000000        0.0000000000000000     
  -273430460000001.25        0.0000000000000000        0.0000000000000000        320000.00000000000        0.0000000000000000        0.0000000000000000       -1.9979942373012950E-009   0.0000000000000000        0.0000000000000000        1562.5000000000000        1.0000000000000000E-010   15625000000000.000        12.496502922665682        187447543839.98523        6.1785571424729642E-005   0.0000000000000000        0.0000000000000000        0.0000000000000000        4.2491606360520649E-024   0.0000000000000000        0.0000000000000000        0.0000000000000000     
  -257805460000001.25        0.0000000000000000        0.0000000000000000        320000.00000000000        0.0000000000000000        0.0000000000000000       -2.6162002315255801E-009   0.0000000000000000        0.0000000000000000        1562.5000000000000        1.0000000000000000E-010   15625000000000.000        12.496506724150885        187447600862.26324        6.1785652385801528E-005   0.0000000000000000        0.0000000000000000        0.0000000000000000        5.5287317092822989E-024   0.0000000000000000        0.0000000000000000        0.0000000000000000     
  -242180460000001.25        0.0000000000000000        0.0000000000000000        320000.00000000000        0.0000000000000000        0.0000000000000000       -3.6261271242232825E-009   0.0000000000000000        0.0000000000000000        1562.5000000000000        1.0000000000000002E-010   15624999999999.998        12.496510969948641        187447664549.22958        6.1785741478181472E-005   0.0000000000000000        0.0000000000000000        0.0000000000000000        7.6326356060850162E-024   0.0000000000000000        0.0000000000000000        0.0000000000000000     
  -226555460000001.25        0.0000000000000000        0.0000000000000000        320000.00000000000        0.0000000000000000        0.0000000000000000       -4.5836098492217657E-009   0.0000000000000000        0.0000000000000000        1562.5000000000000        1.0000000000000000E-010   15625000000000.000        12.496518113476919        187447771702.15375        6.1785892250450586E-005   0.0000000000000000        0.0000000000000000        0.0000000000000000        9.5853625182200478E-024   0.0000000000000000        0.0000000000000000        0.0000000000000000     
  -210930460000001.25        0.0000000000000000        0.0000000000000000        320000.00000000000        0.0000000000000000        0.0000000000000000       -6.3629051447601020E-009   0.0000000000000000        0.0000000000000000        1562.5000000000000        1.0000000000000002E-010   15624999999999.998        12.496525008218446        187447875123.27664        6.1786035016591346E-005   0.0000000000000000        0.0000000000000000        0.0000000000000000        1.3257316349277813E-023   0.0000000000000000        0.0000000000000000        0.0000000000000000     
  -195305460000001.25        0.0000000000000000        0.0000000000000000        320000.00000000000        0.0000000000000000        0.0000000000000000       -7.7036168448826423E-009   0.0000000000000000        0.0000000000000000        1562.5000000000000        1.0000000000000000E-010   15625000000000.000        12.496538225624013        187448073384.36017        6.1786311512647120E-005   0.0000000000000000        0.0000000000000000        0.0000000000000000        1.5947539911642257E-023   0.0000000000000000        0.0000000000000000        0.0000000000000000     
  -179680460000001.25        0.0000000000000000        0.0000000000000000        320000.00000000000        0.0000000000000000        0.0000000000000000       -1.0768538299016201E-008   0.0000000000000000        0.0000000000000000        1562.5000000000000        1.0000000000000000E-010   15625000000000.000        12.496548455763433        187448226836.45145        6.1786520349847108E-005   0.0000000000000000        0.0000000000000000        0.0000000000000000        2.2212548599040368E-023   0.0000000000000000        0.0000000000000000        0.0000000000000000     
  -164055460000001.25        0.0000000000000000        0.0000000000000000        320000.00000000000        0.0000000000000000        0.0000000000000000       -1.2390120724797651E-008   0.0000000000000000        0.0000000000000000        1562.5000000000000        1.0000000000000000E-010   15625000000000.000        12.496572521665302        187448587824.97949        6.1787019245359832E-005   0.0000000000000000        0.0000000000000000        0.0000000000000000        2.5405746424446893E-023   0.0000000000000000        0.0000000000000000        0.0000000000000000     
  -148430460000001.25        0.0000000000000000        0.0000000000000000        320000.00000000000        0.0000000000000000        0.0000000000000000       -1.7513677078808214E-008   0.0000000000000000        0.0000000000000000        1562.5000000000000        1.0000000000000000E-010   15625000000000.000        12.496585865215211        187448787978.22812        6.1787287395188861E-005   0.0000000000000000        0.0000000000000000        0.0000000000000000        3.5774540576216299E-023   0.0000000000000000        0.0000000000000000        0.0000000000000000     
  -132805460000001.25        0.0000000000000000        0.0000000000000000        320000.00000000000        0.0000000000000000        0.0000000000000000       -1.9047561265863249E-008   0.0000000000000000        0.0000000000000000        1562.5000000000000        1.0000000000000002E-010   15624999999999.998        12.496628757457723        187449431361.86578        6.1788168214138757E-005   0.0000000000000000        0.0000000000000000        0.0000000000000000        3.8719004644398985E-023   0.0000000000000000        0.0000000000000000        0.0000000000000000     
  -117180460000001.25        0.0000000000000000        0.0000000000000000        320000.00000000000        0.0000000000000000        0.0000000000000000       -2.7239143670728303E-008   0.0000000000000000        0.0000000000000000        1562.5000000000000        1.0000000000000002E-010   15624999999999.998        12.496642856257816        187449642843.86719        6.1788446114773946E-005   0.0000000000000000        0.0000000000000000        0.0000000000000000        5.5122892199345094E-023   0.0000000000000000        0.0000000000000000        0.0000000000000000     
  -101555460000001.25        0.0000000000000000        0.0000000000000000        320000.00000000000        0.0000000000000000        0.0000000000000000       -2.8017409013002098E-008   0.0000000000000000        0.0000000000000000        1562.5000000000000        1.0000000000000000E-010   15625000000000.000        12.496716889946834        187450753349.20248        6.1789951676250636E-005   0.0000000000000000        0.0000000000000000        0.0000000000000000        5.6504896608694155E-023   0.0000000000000000        0.0000000000000000        0.0000000000000000     
  -85930460000001.250        0.0000000000000000        0.0000000000000000        319999.99949047156        0.0000000000000000        0.0000000000000000       -4.0257710914525289E-008   0.0000000000000000        0.0000000000000000        1562.5000000000000        9.9999999999999965E-011   15625000000000.004        12.496725978067724        187450889671.01590        6.1790123858644820E-005   0.0000000000000000        0.0000000000000000        0.0000000000000000        8.0808115909470789E-023   0.0000000000000000        0.0000000000000000        0.0000000000000000     
  -70305460000001.234        0.0000000000000000        0.0000000000000000        319999.99946699041        0.0000000000000000        0.0000000000000000       -3.9344220955366326E-008   0.0000000000000000        0.0000000000000000        1562.5000000000000        9.9999999999999965E-011   15625000000000.004        12.496847928272036        187452718924.08060        6.1792580111658276E-005   0.0000000000000000        0.0000000000000000        0.0000000000000000        7.9175176821414385E-023   0.0000000000000000        0.0000000000000000        0.0000000000000000     
  -54680460000001.234        0.0000000000000000        0.0000000000000000        320000.00000000000        0.0000000000000000        0.0000000000000000        2.7303317781260079E-008   0.0000000000000000        0.0000000000000000        1562.5000000000000        1.0000000019138984E-010   15624999970095.340        12.496842706985570        187452640246.01822        6.1792464804163603E-005   0.0000000000000000        0.0000000000000000        0.0000000000000000        1.1211674377360798E-022   0.0000000000000000        0.0000000000000000        0.0000000000000000     
  -39055460000001.234        0.0000000000000000        0.0000000000000000        319999.99844166561        0.0000000000000000        0.0000000000000000       -1.1576344825509579E-007   0.0000000000000000        0.0000000000000000        1562.5000000000000        1.0000000401570686E-010   15624999372545.828        12.497031917526972        187455471235.24234        6.1796232912370830E-005   0.0000000000000000        0.0000000000000000        0.0000000000000000        1.0683887133055570E-022   0.0000000000000000        0.0000000000000000        0.0000000000000000     
  -23430460717713.113        0.0000000000000000        0.0000000000000000        319934.70022743166        0.0000000000000000        0.0000000000000000       -2.9728559673560364E-003   0.0000000000000000        0.0000000000000000        1562.5000000000000        1.0000377949683347E-010   15624409475938.607        12.497483273801839        187455164245.03076        6.1795639630393776E-005   0.0000000000000000        0.0000000000000000        0.0000000000000000        1.4685715148031719E-022   0.0000000000000000        0.0000000000000000        0.0000000000000000     
  -7805467881776.5381        0.0000000000000000        0.0000000000000000        319283.78554588853        0.0000000000000000        0.0000000000000000       -3.2512798756686424E-002   0.0000000000000000        0.0000000000000000        1562.5000000000000        1.0004130778004622E-010   15618548324411.740        12.502528196416870        187460487180.53491        6.1800896423128840E-005   0.0000000000000000        0.0000000000000000        0.0000000000000000        1.3859598456274026E-022   0.0000000000000000        0.0000000000000000        0.0000000000000000     
   7805467881776.5381        0.0000000000000000        0.0000000000000000       -319283.78554588853        0.0000000000000000        0.0000000000000000        3.2512798756686424E-002   0.0000000000000000        0.0000000000000000        1562.5000000000000        1.0004130778004622E-010   15618548324411.740        12.502528196416870        187460487180.53491        6.1800896423128840E-005   0.0000000000000000        0.0000000000000000        0.0000000000000000       -1.3859598456274026E-022   0.0000000000000000        0.0000000000000000        0.0000000000000000     
   23430460717713.113        0.0000000000000000        0.0000000000000000       -319934.70022743166        0.0000000000000000        0.0000000000000000        2.9728559673560364E-003   0.0000000000000000        0.0000000000000000        1562.5000000000000        1.0000377949683347E-010   15624409475938.607        12.497483273801839        187455164245.03076        6.1795639630393776E-005   0.0000000000000000        0.0000000000000000        0.0000000000000000       -1.4685715148031719E-022   0.0000000000000000        0.0000000000000000        0.0000000000000000     
   39055460000001.234        0.0000000000000000        0.0000000000000000       -319999.99844166561        0.0000000000000000        0.0000000000000000        1.1576344825433685E-007   0.0000000000000000        0.0000000000000000        1562.5000000000000        1.0000000401570686E-010   15624999372545.828        12.497031917526972        187455471235.24234        6.1796232912370830E-005   0.0000000000000000        0.0000000000000000        0.0000000000000000       -1.0683887133055570E-022   0.0000000000000000        0.0000000000000000        0.0000000000000000     
   54680460000001.234        0.0000000000000000        0.0000000000000000       -320000.00000000000        0.0000000000000000        0.0000000000000000       -2.7303317781043239E-008   0.0000000000000000        0.0000000000000000        1562.5000000000000        1.0000000019138984E-010   15624999970095.340        12.496842706985570        187452640246.01822        6.1792464804163603E-005   0.0000000000000000        0.0000000000000000        0.0000000000000000       -1.1211674377360798E-022   0.0000000000000000        0.0000000000000000        0.0000000000000000     
   70305460000001.234        0.0000000000000000        0.0000000000000000       -319999.99946699041        0.0000000000000000        0.0000000000000000        3.9344220955366326E-008   0.0000000000000000        0.0000000000000000        1562.5000000000000        9.9999999999999965E-011   15625000000000.004        12.496847928272036        187452718924.08060        6.1792580111658276E-005   0.0000000000000000        0.0000000000000000        0.0000000000000000       -7.9175176821414385E-023   0.0000000000000000        0.0000000000000000        0.0000000000000000     
   85930460000001.250        0.0000000000000000        0.0000000000000000       -319999.99949047156        0.0000000000000000        0.0000000000000000        4.0257710913657928E-008   0.0000000000000000        0.0000000000000000        1562.5000000000000        9.9999999999999965E-011   15625000000000.004        12.496725978067724        187450889671.01590        6.1790123858644820E-005   0.0000000000000000        0.0000000000000000        0.0000000000000000       -8.0808115909470789E-023   0.0000000000000000        0.0000000000000000        0.0000000000000000     
   101555460000001.25        0.0000000000000000        0.0000000000000000       -320000.00000000000        0.0000000000000000        0.0000000000000000        2.8017409013002098E-008   0.0000000000000000        0.0000000000000000        1562.5000000000000        1.0000000000000000E-010   15625000000000.000        12.496716889946834        187450753349.20248        6.1789951676250636E-005   0.0000000000000000        0.0000000000000000        0.0000000000000000       -5.6504896608694155E-023   0.0000000000000000        0.0000000000000000        0.0000000000000000     
   117180460000001.25        0.0000000000000000        0.0000000000000000       -320000.00000000000        0.0000000000000000        0.0000000000000000        2.7239143670728303E-008   0.0000000000000000        0.0000000000000000        1562.5000000000000        1.0000000000000002E-010   15624999999999.998        12.496642856257816        187449642843.86719        6.1788446114773946E-005   0.0000000000000000        0.0000000000000000        0.0000000000000000       -5.5122892199345094E-023   0.0000000000000000        0.0000000000000000        0.0000000000000000     
   132805460000001.25        0.0000000000000000        0.0000000000000000       -320000.00000000000        0.0000000000000000        0.0000000000000000        1.9047561265863249E-008   0.0000000000000000        0.0000000000000000        1562.5000000000000        1.0000000000000002E-010   15624999999999.998        12.496628757457723        187449431361.86578        6.1788168214138757E-005   0.0000000000000000        0.0000000000000000        0.0000000000000000       -3.8719004644398985E-023   0.0000000000000000        0.0000000000000000        0.0000000000000000     
   148430460000001.25        0.0000000000000000        0.0000000000000000       -320000.00000000000        0.0000000000000000        0.0000000000000000        1.7513677078808214E-008   0.0000000000000000        0.0000000000000000        1562.5000000000000        1.0000000000000000E-010   15625000000000.000        12.496585865215211        187448787978.22812        6.1787287395188861E-005   0.0000000000000000        0.0000000000000000        0.0000000000000000       -3.5774540576216299E-023   0.0000000000000000        0.0000000000000000        0.0000000000000000     
   164055460000001.25        0.0000000000000000        0.0000000000000000       -320000.00000000000        0.0000000000000000        0.0000000000000000        1.2390120723930290E-008   0.0000000000000000        0.0000000000000000        1562.5000000000000        1.0000000000000000E-010   15625000000000.000        12.496572521665302        187448587824.97949        6.1787019245359832E-005   0.0000000000000000        0.0000000000000000        0.0000000000000000       -2.5405746424446893E-023   0.0000000000000000        0.0000000000000000        0.0000000000000000     
   179680460000001.25        0.0000000000000000        0.0000000000000000       -320000.00000000000        0.0000000000000000        0.0000000000000000        1.0768538298365680E-008   0.0000000000000000        0.0000000000000000        1562.5000000000000        1.0000000000000000E-010   15625000000000.000        12.496548455763433        187448226836.45145        6.1786520349847108E-005   0.0000000000000000        0.0000000000000000        0.0000000000000000       -2.2212548599040365E-023   0.0000000000000000        0.0000000000000000        0.0000000000000000     
   195305460000001.25        0.0000000000000000        0.0000000000000000       -320000.00000000000        0.0000000000000000        0.0000000000000000        7.7036168467257860E-009   0.0000000000000000        0.0000000000000000        1562.5000000000000        1.0000000000000000E-010   15625000000000.000        12.496538225624013        187448073384.36017        6.1786311512647120E-005   0.0000000000000000        0.0000000000000000        0.0000000000000000       -1.5947539911642254E-023   0.0000000000000000        0.0000000000000000        0.0000000000000000     
   210930460000001.25        0.0000000000000000        0.0000000000000000       -320000.00000000000        0.0000000000000000        0.0000000000000000        6.3629051447100700E-009   0.0000000000000000        0.0000000000000000        1562.5000000000000        1.0000000000000000E-010   15625000000000.000        12.496525008218445        187447875123.27664        6.1786035016591346E-005   0.0000000000000000        0.0000000000000000        0.0000000000000000       -1.3257316349277816E-023   0.0000000000000000        0.0000000000000000        0.0000000000000000     
   226555460000001.25        0.0000000000000000        0.0000000000000000       -320000.00000000000        0.0000000000000000        0.0000000000000000        4.5836098488965051E-009   0.0000000000000000        0.0000000000000000        1562.5000000000000        1.0000000000000000E-010   15625000000000.000        12.496518113476919        187447771702.15375        6.1785892250450586E-005   0.0000000000000000        0.0000000000000000        0.0000000000000000       -9.5853625182200478E-024   0.0000000000000000        0.0000000000000000        0.0000000000000000     
   242180460000001.25        0.0000000000000000        0.0000000000000000       -320000.00000000000        0.0000000000000000        0.0000000000000000        3.6261271232647224E-009   0.0000000000000000        0.0000000000000000        1562.5000000000000        1.0000000000000000E-010   15625000000000.000        12.496510969948641        187447664549.22958        6.1785741478181472E-005   0.0000000000000000        0.0000000000000000        0.0000000000000000       -7.6326356060850191E-024   0.0000000000000000        0.0000000000000000        0.0000000000000000     
   257805460000001.25        0.0000000000000000        0.0000000000000000       -320000.00000000000        0.0000000000000000        0.0000000000000000        2.6162002324961041E-009   0.0000000000000000        0.0000000000000000        1562.5000000000000        1.0000000000000002E-010   15624999999999.998        12.496506724150887        187447600862.26324        6.1785652385801528E-005   0.0000000000000000        0.0000000000000000        0.0000000000000000       -5.5287317092822966E-024   0.0000000000000000        0.0000000000000000        0.0000000000000000     
   273430460000001.25        0.0000000000000000        0.0000000000000000       -320000.00000000000        0.0000000000000000        0.0000000000000000        1.9979942361086731E-009   0.0000000000000000        0.0000000000000000        1562.5000000000000        1.0000000000000000E-010   15625000000000.000        12.496502922665682        187447543839.98523        6.1785571424729642E-005   0.0000000000000000        0.0000000000000000        0.0000000000000000       -4.2491606360520649E-024   0.0000000000000000        0.0000000000000000        0.0000000000000000     
   289055460000001.25        0.0000000000000000        0.0000000000000000       -320000.00000000000        0.0000000000000000        0.0000000000000000        1.4364705510147817E-009   0.0000000000000000        0.0000000000000000        1562.5000000000000        1.0000000000000002E-010   15624999999999.998        12.496500479488978        187447507192.33463        6.1785519510577900E-005   0.0000000000000000        0.0000000000000000        0.0000000000000000       -3.0680683764672706E-024   0.0000000000000000        0.0000000000000000        0.0000000000000000     
   304680460000001.25        0.0000000000000000        0.0000000000000000       -320000.00000000000        0.0000000000000000        0.0000000000000000        1.0658481309132836E-009   0.0000000000000000        0.0000000000000000        1562.5000000000000        1.0000000000000000E-010   15625000000000.000        12.496498492314972        187447477384.72455        6.1785476795179231E-005   0.0000000000000000        0.0000000000000000        0.0000000000000000       -2.2902963092303236E-024   0.0000000000000000        0.0000000000000000        0.0000000000000000     
   320305460000001.25        0.0000000000000000        0.0000000000000000       -320000.00000000000        0.0000000000000000        0.0000000000000000        7.6011809647707455E-010   0.0000000000000000        0.0000000000000000        1562.5000000000000        1.0000000000000000E-010   15625000000000.000        12.496497160395773        187447457405.93658        6.1785448155664467E-005   0.0000000000000000        0.0000000000000000        0.0000000000000000       -1.6407124256217692E-024   0.0000000000000000        0.0000000000000000        0.0000000000000000     
   335930460000001.25        0.0000000000000000        0.0000000000000000       -320000.00000000000        0.0000000000000000        0.0000000000000000        5.4986501699947029E-010   0.0000000000000000        0.0000000000000000        1562.5000000000000        1.0000000000000000E-010   15625000000000.000        12.496496144579137        187447442168.68704        6.1785426112748011E-005   0.0000000000000000        0.0000000000000000        0.0000000000000000       -1.1936260012074954E-024   0.0000000000000000        0.0000000000000000        0.0000000000000000     
   351555460000001.25        0.0000000000000000        0.0000000000000000       -320000.00000000000        0.0000000000000000        0.0000000000000000        3.8645430043726574E-010   0.0000000000000000        0.0000000000000000        1562.5000000000000        1.0000000000000000E-010   15625000000000.000        12.496495452623822        187447431789.35730        6.1785411067730492E-005   0.0000000000000000        0.0000000000000000        0.0000000000000000       -8.4267453522169030E-025   0.0000000000000000        0.0000000000000000        0.0000000000000000     
   367180460000001.25        0.0000000000000000        0.0000000000000000       -320000.00000000000        0.0000000000000000        0.0000000000000000        2.7123529027747969E-010   0.0000000000000000        0.0000000000000000        1562.5000000000000        1.0000000000000002E-010   15624999999999.998        12.496494950245573        187447424253.68356        6.1785400064768523E-005   0.0000000000000000        0.0000000000000000        0.0000000000000000       -5.9444504140407564E-025   0.0000000000000000        0.0000000000000000        0.0000000000000000     
   382805460000001.25        0.0000000000000000        0.0000000000000000       -320000.00000000000        0.0000000000000000        0.0000000000000000        1.8399430651209190E-010   0.0000000000000000        0.0000000000000000        1562.5000000000000        1.0000000000000002E-010   15624999999999.998        12.496494611800445        187447419177.00662        6.1785392632508637E-005   0.0000000000000000        0.0000000000000000        0.0000000000000000       -4.0487039935921379E-025   0.0000000000000000        0.0000000000000000        0.0000000000000000     
   398430460000001.25        0.0000000000000000        0.0000000000000000       -320000.00000000000        0.0000000000000000        0.0000000000000000        1.2018122924383366E-010   0.0000000000000000        0.0000000000000000        1562.5000000000000        1.0000000000000000E-010   15625000000000.000        12.496494381563775        187447415723.45660        6.1785387548076034E-005   0.0000000000000000        0.0000000000000000        0.0000000000000000       -2.6552619868461248E-025   0.0000000000000000        0.0000000000000000        0.0000000000000000     
   414055460000001.25        0.0000000000000000        0.0000000000000000       -320000.00000000000        0.0000000000000000        0.0000000000000000        7.0266643070992738E-011   0.0000000000000000        0.0000000000000000        1562.5000000000000        1.0000000000000000E-010   15625000000000.000        12.496494239706008        187447413595.59012        6.1785384408255626E-005   0.0000000000000000        0.0000000000000000        0.0000000000000000       -1.5571350921635602E-025   0.0000000000000000        0.0000000000000000        0.0000000000000000     
   429680460000001.25        0.0000000000000000        0.0000000000000000       -320000.00000000000        0.0000000000000000        0.0000000000000000        2.9574131335568532E-011   0.0000000000000000        0.0000000000000000        1562.5000000000000        1.0000000000000000E-010   15625000000000.000        12.496494164427054        187447412466.40579        6.1785382734974131E-005   0.0000000000000000        0.0000000000000000        0.0000000000000000       -6.5807472824618478E-026   0.0000000000000000        0.0000000000000000        0.0000000000000000     
   445305460000001.25        0.0000000000000000        0.0000000000000000       -320000.00000000000        0.0000000000000000        0.0000000000000000       -7.5074248516053636E-012   0.0000000000000000        0.0000000000000000        1562.5000000000000        1.0000000000000000E-010   15625000000000.000        12.496494148187983        187447412222.81973        6.1785382370961708E-005   0.0000000000000000        0.0000000000000000        0.0000000000000000        1.6368125930164844E-026   0.0000000000000000        0.0000000000000000        0.0000000000000000     
   460930460000001.25        0.0000000000000000        0.0000000000000000       -320000.00000000000        0.0000000000000000        0.0000000000000000       -4.5300013135688345E-011   0.0000000000000000        0.0000000000000000        1562.5000000000000        1.0000000000000000E-010   15625000000000.000        12.496494187722357        187447412815.83533        6.1785383243212900E-005   0.0000000000000000        0.0000000000000000        0.0000000000000000        9.9979564738573074E-026   0.0000000000000000        0.0000000000000000        0.0000000000000000     
   476555460000001.25        0.0000000000000000        0.0000000000000000       -320000.00000000000        0.0000000000000000        0.0000000000000000       -8.8721691155676430E-011   0.0000000000000000        0.0000000000000000        1562.5000000000000        1.0000000000000000E-010   15625000000000.000        12.496494288279331        187447414324.18994        6.1785385463915160E-005   0.0000000000000000        0.0000000000000000        0.0000000000000000        1.9559898496174462E-025   0.0000000000000000        0.0000000000000000        0.0000000000000000     
   492180460000001.25        0.0000000000000000        0.0000000000000000       -320000.00000000000        0.0000000000000000        0.0000000000000000       -1.4274443830483374E-010   0.0000000000000000        0.0000000000000000        1562.5000000000000        1.0000000000000002E-010   15624999999999.998        12.496494462251627        187447416933.77435        6.1785389297776394E-005   0.0000000000000000        0.0000000000000000        0.0000000000000000        3.1376194578689580E-025   0.0000000000000000        0.0000000000000000        0.0000000000000000     
   507805460000001.25        0.0000000000000000        0.0000000000000000       -320000.00000000000        0.0000000000000000        0.0000000000000000       -2.1375169318483550E-010   0.0000000000000000        0.0000000000000000        1562.5000000000000        1.0000000000000002E-010   15624999999999.998        12.496494729934183        187447420949.01270        6.1785395174946130E-005   0.0000000000000000        0.0000000000000000        0.0000000000000000        4.6802889692449050E-025   0.0000000000000000        0.0000000000000000        0.0000000000000000     
   523430460000001.25        0.0000000000000000        0.0000000000000000       -320000.00000000000        0.0000000000000000        0.0000000000000000       -3.0879603969074751E-010   0.0000000000000000        0.0000000000000000        1562.5000000000000        1.0000000000000000E-010   15625000000000.000        12.496495124051062        187447426860.76590        6.1785403793632868E-005   0.0000000000000000        0.0000000000000000        0.0000000000000000        6.7299565887583152E-025   0.0000000000000000        0.0000000000000000        0.0000000000000000     
   539055460000001.25        0.0000000000000000        0.0000000000000000       -320000.00000000000        0.0000000000000000        0.0000000000000000       -4.3824625013289034E-010   0.0000000000000000        0.0000000000000000        1562.5000000000000        9.9999999999999706E-011   15625000000000.045        12.496495685914486        187447435288.71780        6.1785416016186769E-005   0.0000000000000000        0.0000000000000000        0.0000000000000000        9.5043538161948458E-025   0.0000000000000000        0.0000000000000000        0.0000000000000000     
   554680460000001.25        0.0000000000000000        0.0000000000000000       -320000.00000000000        0.0000000000000000        0.0000000000000000       -6.1222815317000932E-010   0.0000000000000000        0.0000000000000000        1562.5000000000000        9.9999999999996708E-011   15625000000000.514        12.496496482210452        187447447233.16293        6.1785433258742080E-005   0.0000000000000000        0.0000000000000000        0.0000000000000000        1.3206085986768598E-024   0.0000000000000000        0.0000000000000000        0.0000000000000000     
   570305460000002.38        0.0000000000000000        0.0000000000000000       -320000.00000000000        0.0000000000000000        0.0000000000000000       -8.4916940037455254E-010   0.0000000000000000        0.0000000000000000        1562.5000000000000        9.9999999999996708E-011   15625000000000.514        12.496497582458883        187447463736.88940        6.1785456937122111E-005   0.0000000000000000        0.0000000000000000        0.0000000000000000        1.8220099683553763E-024   0.0000000000000000        0.0000000000000000        0.0000000000000000     
   585930460000002.38        0.0000000000000000        0.0000000000000000       -320000.00000000000        0.0000000000000000        0.0000000000000000       -1.1611800724704967E-009   0.0000000000000000        0.0000000000000000        1562.5000000000000        9.9999999999999706E-011   15625000000000.045        12.496499117020266        187447486755.30450        6.1785489812503957E-005   0.0000000000000000        0.0000000000000000        0.0000000000000000        2.4771372262811315E-024   0.0000000000000000        0.0000000000000000        0.0000000000000000     
   601555460000002.38        0.0000000000000000        0.0000000000000000       -320000.00000000000        0.0000000000000000        0.0000000000000000       -1.5831437861910385E-009   0.0000000000000000        0.0000000000000000        1562.5000000000000        1.0000000000000000E-010   15625000000000.000        12.496501181418589        187447517721.27881        6.1785533732306133E-005   0.0000000000000000        0.0000000000000000        0.0000000000000000        3.3590967002669495E-024   0.0000000000000000        0.0000000000000000        0.0000000000000000     
   617180460000002.38        0.0000000000000000        0.0000000000000000       -320000.00000000000        0.0000000000000000        0.0000000000000000       -2.1201843927155168E-009   0.0000000000000000        0.0000000000000000        1562.5000000000000        1.0000000000000002E-010   15624999999999.998        12.496504036553402        187447560548.30099        6.1785594233361714E-005   0.0000000000000000        0.0000000000000000        0.0000000000000000        4.4715219827993898E-024   0.0000000000000000        0.0000000000000000        0.0000000000000000     
   632805460000002.38        0.0000000000000000        0.0000000000000000       -320000.00000000000        0.0000000000000000        0.0000000000000000       -2.8442101543128110E-009   0.0000000000000000        0.0000000000000000        1562.5000000000000        1.0000000000000002E-010   15624999999999.998        12.496507754605139        187447616319.07706        6.1785672389807141E-005   0.0000000000000000        0.0000000000000000        0.0000000000000000        5.9663553078466984E-024   0.0000000000000000        0.0000000000000000        0.0000000000000000     
   648430460000002.38        0.0000000000000000        0.0000000000000000       -320000.00000000000        0.0000000000000000        0.0000000000000000       -3.7208349253062961E-009   0.0000000000000000        0.0000000000000000        1562.5000000000000        1.0000000000000000E-010   15625000000000.000        12.496512891511040        187447693372.66556        6.1785780058237424E-005   0.0000000000000000        0.0000000000000000        0.0000000000000000        7.7564074994632472E-024   0.0000000000000000        0.0000000000000000        0.0000000000000000     
   664055460000002.38        0.0000000000000000        0.0000000000000000       -320000.00000000000        0.0000000000000000        0.0000000000000000       -4.9125141157784351E-009   0.0000000000000000        0.0000000000000000        1562.5000000000000        1.0000000000000000E-010   15625000000000.000        12.496519288977222        187447789334.65829        6.1785912866789476E-005   0.0000000000000000        0.0000000000000000        0.0000000000000000        1.0186878654852571E-023   0.0000000000000000        0.0000000000000000        0.0000000000000000     
   679680460000002.38        0.0000000000000000        0.0000000000000000       -320000.00000000000        0.0000000000000000        0.0000000000000000       -6.2519392449375479E-009   0.0000000000000000        0.0000000000000000        1562.5000000000000        1.0000000000000000E-010   15625000000000.000        12.496528223172708        187447923347.59061        6.1786098116350664E-005   0.0000000000000000        0.0000000000000000        0.0000000000000000        1.2880090235433832E-023   0.0000000000000000        0.0000000000000000        0.0000000000000000     
   695305460000002.38        0.0000000000000000        0.0000000000000000       -320000.00000000000        0.0000000000000000        0.0000000000000000       -8.1271112452115843E-009   0.0000000000000000        0.0000000000000000        1562.5000000000000        1.0000000000000000E-010   15625000000000.000        12.496538655994410        187448079839.91614        6.1786311888170314E-005   0.0000000000000000        0.0000000000000000        0.0000000000000000        1.6658342382669503E-023   0.0000000000000000        0.0000000000000000        0.0000000000000000     
   710930460000002.38        0.0000000000000000        0.0000000000000000       -320000.00000000000        0.0000000000000000        0.0000000000000000       -1.0007412686936865E-008   0.0000000000000000        0.0000000000000000        1562.5000000000000        1.0000000000000000E-010   15625000000000.000        12.496553667450879        187448305011.76315        6.1786619878267336E-005   0.0000000000000000        0.0000000000000000        0.0000000000000000        2.0374994065773065E-023   0.0000000000000000        0.0000000000000000        0.0000000000000000     
   726555460000002.38        0.0000000000000000        0.0000000000000000       -320000.00000000000        0.0000000000000000        0.0000000000000000       -1.2816161787983662E-008   0.0000000000000000        0.0000000000000000        1562.5000000000000        1.0000000000000000E-010   15625000000000.000        12.496569610784894        187448544161.77338        6.1786942126016261E-005   0.0000000000000000        0.0000000000000000        0.0000000000000000        2.5965623663237558E-023   0.0000000000000000        0.0000000000000000        0.0000000000000000     
   742180460000002.38        0.0000000000000000        0.0000000000000000       -320000.00000000000        0.0000000000000000        0.0000000000000000       -1.5170323025979917E-008   0.0000000000000000        0.0000000000000000        1562.5000000000000        1.0000000000000000E-010   15625000000000.000        12.496593950696724        187448909260.45084        6.1787436360665859E-005   0.0000000000000000        0.0000000000000000        0.0000000000000000        3.0527530793537114E-023   0.0000000000000000        0.0000000000000000        0.0000000000000000     
   757805460000002.38        0.0000000000000000        0.0000000000000000       -320000.00000000000        0.0000000000000000        0.0000000000000000       -1.9142055891590610E-008   0.0000000000000000        0.0000000000000000        1562.5000000000000        1.0000000000000002E-010   15624999999999.998        12.496616426357347        187449246395.36017        6.1787884173058794E-005   0.0000000000000000        0.0000000000000000        0.0000000000000000        3.8333526841003447E-023   0.0000000000000000        0.0000000000000000        0.0000000000000000     
   773430460000002.38        0.0000000000000000        0.0000000000000000       -320000.00000000000        0.0000000000000000        0.0000000000000000       -2.1633089957095748E-008   0.0000000000000000        0.0000000000000000        1562.5000000000000        1.0000000000000000E-010   15625000000000.000        12.496654395023814        187449815925.35718        6.1788647231889583E-005   0.0000000000000000        0.0000000000000000        0.0000000000000000        4.3039909821603966E-023   0.0000000000000000        0.0000000000000000        0.0000000000000000     
   789055460000002.38        0.0000000000000000        0.0000000000000000       -320000.00000000000        0.0000000000000000        0.0000000000000000       -2.6841529305116241E-008   0.0000000000000000        0.0000000000000000        1562.5000000000000        1.0000000000000002E-010   15624999999999.998        12.496682989818307        187450244847.27457        6.1789208486344400E-005   0.0000000000000000        0.0000000000000000        0.0000000000000000        5.3130075335127187E-023   0.0000000000000000        0.0000000000000000        0.0000000000000000     
   804680460000002.38        0.0000000000000000        0.0000000000000000       -320000.00012138061        0.0000000000000000        0.0000000000000000       -2.8809561741413246E-008   0.0000000000000000        0.0000000000000000        1562.5000000000000        1.0000000000000002E-010   15624999999999.998        12.496739546041026        187451093190.61536        6.1790333193992894E-005   0.0000000000000000        0.0000000000000000        0.0000000000000000        5.6688208572501310E-023   0.0000000000000000        0.0000000000000000        0.0000000000000000     
   820305460000002.38        0.0000000000000000        0.0000000000000000       -320000.00076828175        0.0000000000000000        0.0000000000000000       -3.4870875145144414E-008   0.0000000000000000        0.0000000000000000        1562.5000000000000        1.0000000000000000E-010   15625000000000.000        12.496771376435257        187451570646.52881        6.1790948330276357E-005   0.0000000000000000        0.0000000000000000        0.0000000000000000        6.8264050818956848E-023   0.0000000000000000        0.0000000000000000        0.0000000000000000     
   835930460000002.38        0.0000000000000000        0.0000000000000000       -320000.00092444406        0.0000000000000000        0.0000000000000000       -3.5497136603147671E-008   0.0000000000000000        0.0000000000000000        1562.5000000000000        1.0000000000000000E-010   15625000000000.000        12.496850609387975        187452759140.81961        6.1792506870784705E-005   0.0000000000000000        0.0000000000000000        0.0000000000000000        6.9173615228857933E-023   0.0000000000000000        0.0000000000000000        0.0000000000000000     
   851555460000002.38        0.0000000000000000        0.0000000000000000       -320000.00107557222        0.0000000000000000        0.0000000000000000       -4.1220770852629309E-008   0.0000000000000000        0.0000000000000000        1562.5000000000000        1.0000000000000000E-010   15625000000000.000        12.496880250633557        187453203759.50336        6.1793070737483399E-005   0.0000000000000000        0.0000000000000000        0.0000000000000000        7.9813395806417491E-023   0.0000000000000000        0.0000000000000000        0.0000000000000000     
   867180460000002.38        0.0000000000000000        0.0000000000000000       -320000.00115936965        0.0000000000000000        0.0000000000000000       -4.0039143085821770E-008   0.0000000000000000        0.0000000000000000        1562.5000000000000        1.0000000000000002E-010   15624999999999.998        12.496981966259780        187454729493.89667        6.1795049227633296E-005   0.0000000000000000        0.0000000000000000        0.0000000000000000        7.7326806058688466E-023   0.0000000000000000        0.0000000000000000        0.0000000000000000     
   882805460000002.38        0.0000000000000000        0.0000000000000000       -320000.00123231456        0.0000000000000000        0.0000000000000000       -4.3056506859562677E-008   0.0000000000000000        0.0000000000000000        1562.5000000000000        1.0000000000000002E-010   15624999999999.998        12.497003614246308        187455054213.69458        6.1795454785217854E-005   0.0000000000000000        0.0000000000000000        0.0000000000000000        8.2549837136675945E-023   0.0000000000000000        0.0000000000000000        0.0000000000000000     
   898430460000002.38        0.0000000000000000        0.0000000000000000       -320000.00159235916        0.0000000000000000        0.0000000000000000       -4.0513836710910639E-008   0.0000000000000000        0.0000000000000000        1562.5000000000000        1.0000000000000000E-010   15625000000000.000        12.497118427373733        187456776410.60599        6.1797663945712162E-005   0.0000000000000000        0.0000000000000000        0.0000000000000000        7.7618662785661776E-023   0.0000000000000000        0.0000000000000000        0.0000000000000000     
   914055460000002.38        0.0000000000000000        0.0000000000000000       -320000.00209910283        0.0000000000000000        0.0000000000000000       -3.9783885250972667E-008   0.0000000000000000        0.0000000000000000        1562.5000000000000        1.0000000000000000E-010   15625000000000.000        12.497130084750138        187456951271.25204        6.1797879745620988E-005   0.0000000000000000        0.0000000000000000        0.0000000000000000        7.1982284142478020E-023   0.0000000000000000        0.0000000000000000        0.0000000000000000     
   929680460000002.38        0.0000000000000000        0.0000000000000000       -320000.00297023554        0.0000000000000000        0.0000000000000000       -1.0420695971229874E-007   0.0000000000000000        0.0000000000000000        1562.5000000000000        1.0000000000000064E-010   15624999999999.902        12.497236410322328        187458546154.83371        6.1799906622146575E-005   0.0000000000000000        0.0000000000000000        0.0000000000000000        6.6861552659283545E-023   0.0000000000000000        0.0000000000000000        0.0000000000000000     
   945305460000002.38        0.0000000000000000        0.0000000000000000       -320001.60073563526        0.0000000000000000        0.0000000000000000       -5.2666284908255950E-005   0.0000000000000000        0.0000000000000000        1562.5000000000000        1.0000000000000631E-010   15624999999999.014        12.497242584987708        187458638774.80377        6.1800021377427156E-005   0.0000000000000000        0.0000000000000000        0.0000000000000000        4.7373365550628937E-023   0.0000000000000000        0.0000000000000000        0.0000000000000000     
   960930460000000.00        0.0000000000000000        0.0000000000000000       -320040.75760210416        0.0000000000000000        0.0000000000000000       -1.8521629080457444E-003   0.0000000000000000        0.0000000000000000        1562.5000000000000        9.9999999404837000E-011   15625000092994.221        12.497311080056759        187459667316.54196        6.1801320709897712E-005   0.0000000000000000        0.0000000000000000        0.0000000000000000        4.3693725016187745E-023   0.0000000000000000        0.0000000000000000        0.0000000000000000     
   976555460000002.50        0.0000000000000000        0.0000000000000000       -319987.22603826469        0.0000000000000000        0.0000000000000000        5.8068030872405183E-004   0.0000000000000000        0.0000000000000000        1562.5000000000000        9.9096861709720335E-011   15767401439784.805        12.384452768663094        187459812878.94275        6.1801503880191098E-005   0.0000000000000000        0.0000000000000000        0.0000000000000000        8.7949967080429103E-024   0.0000000000000000        0.0000000000000000        0.0000000000000000     
   992180462231863.00        0.0000000000000000        0.0000000000000000       -319789.63961911271        0.0000000000000000        0.0000000000000000        9.5614135868456081E-003   0.0000000000000000        0.0000000000000000        1562.5000000000000        6.8979857373108260E-011   22651540022017.188        8.6206327232976108        187459782861.01144        6.1801466740839202E-005   0.0000000000000000        0.0000000000000000        0.0000000000000000        3.9590214811654884E-024   0.0000000000000000        0.0000000000000000        0.0000000000000000     
