   48000.000000000000     
  -992172150927010.12        0.0000000000000000        0.0000000000000000        319541.04604146176        0.0000000000000000        0.0000000000000000       -9.5612060421370916E-003   0.0000000000000000        0.0000000000000000        1562.5000000000000        6.8979828553234919E-011   22651549485863.777        8.6204480311913301        187455844962.09348        6.1796429615596071E-005   0.0000000000000000        0.0000000000000000        0.0000000000000000       -1.2820736620588728E-024   0.0000000000000000        0.0000000000000000        0.0000000000000000     
  -976547139999986.62        0.0000000000000000        0.0000000000000000        319972.12836797873        0.0000000000000000        0.0000000000000000       -5.8067540771444511E-004   0.0000000000000000        0.0000000000000000        1562.5000000000000        9.9096831686383239E-011   15767406216829.643        12.384187278817112        187455851030.78738        6.1796436818554353E-005   0.0000000000000000        0.0000000000000000        0.0000000000000000       -2.5837192646842235E-024   0.0000000000000000        0.0000000000000000        0.0000000000000000     
  -960922138217475.38        0.0000000000000000        0.0000000000000000        320088.90475375991        0.0000000000000000        0.0000000000000000        1.8514752089619215E-003   0.0000000000000000        0.0000000000000000        1562.5000000000000        9.9999997086132245E-011   15625000455291.852        12.497054018742379        187455815743.35022        6.1796390104008208E-005   0.0000000000000000        0.0000000000000000        0.0000000000000000       -1.3740502539940946E-023   0.0000000000000000        0.0000000000000000        0.0000000000000000     
  -945297139999986.50        0.0000000000000000        0.0000000000000000        320002.97693315503        0.0000000000000000        0.0000000000000000        5.3200880469415623E-005   0.0000000000000000        0.0000000000000000        1562.5000000000000        1.0000000475336345E-010   15624999257286.996        12.497033312290794        187455490773.92111        6.1795969537399719E-005   0.0000000000000000        0.0000000000000000        0.0000000000000000       -1.4974566823223721E-023   0.0000000000000000        0.0000000000000000        0.0000000000000000     
  -929672139999986.50        0.0000000000000000        0.0000000000000000        320000.00625718723        0.0000000000000000        0.0000000000000000        1.5686423866941028E-007   0.0000000000000000        0.0000000000000000        1562.5000000000000        1.0000000047533638E-010   15624999925728.691        12.497031729859193        187455475056.84381        6.1795949740075024E-005   0.0000000000000000        0.0000000000000000        0.0000000000000000       -2.3037340086070347E-023   0.0000000000000000        0.0000000000000000        0.0000000000000000     
  -914047139999986.50        0.0000000000000000        0.0000000000000000        320000.00247239933        0.0000000000000000        0.0000000000000000        1.6167291897491549E-008   0.0000000000000000        0.0000000000000000        1562.5000000000000        1.0000000000000000E-010   15625000000000.000        12.496994338426237        187454915076.39352        6.1795224995670275E-005   0.0000000000000000        0.0000000000000000        0.0000000000000000       -2.4620328522036912E-023   0.0000000000000000        0.0000000000000000        0.0000000000000000     
  -898422139999986.50        0.0000000000000000        0.0000000000000000        320000.00201892521        0.0000000000000000        0.0000000000000000        1.5507520290411094E-008   0.0000000000000000        0.0000000000000000        1562.5000000000000        1.0000000000000000E-010   15625000000000.000        12.496992834498348        187454892517.47522        6.1795196518692297E-005   0.0000000000000000        0.0000000000000000        0.0000000000000000       -3.0158706056979407E-023   0.0000000000000000        0.0000000000000000        0.0000000000000000     
  -882797139999986.50        0.0000000000000000        0.0000000000000000        320000.00175205496        0.0000000000000000        0.0000000000000000        1.6501120137538896E-008   0.0000000000000000        0.0000000000000000        1562.5000000000000        1.0000000000000002E-010   15624999999999.998        12.496945154671952        187454177320.07922        6.1794269128031220E-005   0.0000000000000000        0.0000000000000000        0.0000000000000000       -3.2051580368663373E-023   0.0000000000000000        0.0000000000000000        0.0000000000000000     
  -867172139999986.50        0.0000000000000000        0.0000000000000000        320000.00168466748        0.0000000000000000        0.0000000000000000        1.7843359375341639E-008   0.0000000000000000        0.0000000000000000        1562.5000000000000        1.0000000000000002E-010   15624999999999.998        12.496941470853608        187454122062.80408        6.1794198901694213E-005   0.0000000000000000        0.0000000000000000        0.0000000000000000       -3.4730247336262454E-023   0.0000000000000000        0.0000000000000000        0.0000000000000000     
  -851547139999986.50        0.0000000000000000        0.0000000000000000        320000.00169079710        0.0000000000000000        0.0000000000000000        1.8848388805022124E-008   0.0000000000000000        0.0000000000000000        1562.5000000000000        1.0000000000000000E-010   15625000000000.000        12.496889307994341        187453339619.91510        6.1793181823012873E-005   0.0000000000000000        0.0000000000000000        0.0000000000000000       -3.6695870975739516E-023   0.0000000000000000        0.0000000000000000        0.0000000000000000     
  -835922139999986.50        0.0000000000000000        0.0000000000000000        320000.00138536352        0.0000000000000000        0.0000000000000000        1.8848748143932379E-008   0.0000000000000000        0.0000000000000000        1562.5000000000000        1.0000000000000000E-010   15625000000000.000        12.496882211988682        187453233179.83020        6.1793045726124665E-005   0.0000000000000000        0.0000000000000000        0.0000000000000000       -3.6762054998086312E-023   0.0000000000000000        0.0000000000000000        0.0000000000000000     
  -820297139999986.50        0.0000000000000000        0.0000000000000000        320000.00127665792        0.0000000000000000        0.0000000000000000        1.9678077932310733E-008   0.0000000000000000        0.0000000000000000        1562.5000000000000        1.0000000000000000E-010   15625000000000.000        12.496830777829931        187452461667.44894        6.1792039932110794E-005   0.0000000000000000        0.0000000000000000        0.0000000000000000       -3.8420815100667754E-023   0.0000000000000000        0.0000000000000000        0.0000000000000000     
  -804672139999986.50        0.0000000000000000        0.0000000000000000        320000.00012138061        0.0000000000000000        0.0000000000000000        1.8689327806228026E-008   0.0000000000000000        0.0000000000000000        1562.5000000000000        1.0000000000000000E-010   15625000000000.000        12.496819994794299        187452299921.91446        6.1791832040090721E-005   0.0000000000000000        0.0000000000000000        0.0000000000000000       -3.6512478368974754E-023   0.0000000000000000        0.0000000000000000        0.0000000000000000     
  -789047139999986.50        0.0000000000000000        0.0000000000000000        320000.00000000000        0.0000000000000000        0.0000000000000000        1.9180162950877574E-008   0.0000000000000000        0.0000000000000000        1562.5000000000000        1.0000000000000000E-010   15625000000000.000        12.496773039823251        187451595597.34875        6.1790910877689562E-005   0.0000000000000000        0.0000000000000000        0.0000000000000000       -3.7521094095648369E-023   0.0000000000000000        0.0000000000000000        0.0000000000000000     
  -773422139999986.50        0.0000000000000000        0.0000000000000000        320000.00000000000        0.0000000000000000        0.0000000000000000        1.7550584916632701E-008   0.0000000000000000        0.0000000000000000        1562.5000000000000        1.0000000000000000E-010   15625000000000.000        12.496759270819940        187451389062.29907        6.1790644090948616E-005   0.0000000000000000        0.0000000000000000        0.0000000000000000       -3.4405283374562028E-023   0.0000000000000000        0.0000000000000000        0.0000000000000000     
  -757797139999986.50        0.0000000000000000        0.0000000000000000        320000.00000000000        0.0000000000000000        0.0000000000000000        1.7623369283776816E-008   0.0000000000000000        0.0000000000000000        1562.5000000000000        1.0000000000000002E-010   15624999999999.998        12.496718879812049        187450783197.18069        6.1789849013245979E-005   0.0000000000000000        0.0000000000000000        0.0000000000000000       -3.4589448511840012E-023   0.0000000000000000        0.0000000000000000        0.0000000000000000     
  -742172139999986.50        0.0000000000000000        0.0000000000000000        320000.00000000000        0.0000000000000000        0.0000000000000000        1.5743419689822519E-008   0.0000000000000000        0.0000000000000000        1562.5000000000000        1.0000000000000002E-010   15624999999999.998        12.496703457812190        187450551867.18280        6.1789548703261092E-005   0.0000000000000000        0.0000000000000000        0.0000000000000000       -3.0955626136059990E-023   0.0000000000000000        0.0000000000000000        0.0000000000000000     
  -726547139999986.50        0.0000000000000000        0.0000000000000000        320000.00000000000        0.0000000000000000        0.0000000000000000        1.5408442714192065E-008   0.0000000000000000        0.0000000000000000        1562.5000000000000        1.0000000000000000E-010   15625000000000.000        12.496670297876239        187450054468.14355        6.1788893711372863E-005   0.0000000000000000        0.0000000000000000        0.0000000000000000       -3.0345791980446988E-023   0.0000000000000000        0.0000000000000000        0.0000000000000000     
  -710922139999986.50        0.0000000000000000        0.0000000000000000        320000.00000000000        0.0000000000000000        0.0000000000000000        1.3534934910318890E-008   0.0000000000000000        0.0000000000000000        1562.5000000000000        1.0000000000000000E-010   15625000000000.000        12.496654715809109        187449820737.13660        6.1788588749878750E-005   0.0000000000000000        0.0000000000000000        0.0000000000000000       -2.6701271735571757E-023   0.0000000000000000        0.0000000000000000        0.0000000000000000     
  -695297139999986.50        0.0000000000000000        0.0000000000000000        320000.00000000000        0.0000000000000000        0.0000000000000000        1.2892650192121083E-008   0.0000000000000000        0.0000000000000000        1562.5000000000000        1.0000000000000000E-010   15625000000000.000        12.496628487034284        187449427305.51425        6.1788068875076729E-005   0.0000000000000000        0.0000000000000000        0.0000000000000000       -2.5483710333321721E-023   0.0000000000000000        0.0000000000000000        0.0000000000000000     
  -679672139999986.50        0.0000000000000000        0.0000000000000000        320000.00000000000        0.0000000000000000        0.0000000000000000        1.1182444087072178E-008   0.0000000000000000        0.0000000000000000        1562.5000000000000        1.0000000000000000E-010   15625000000000.000        12.496614009510276        187449210142.65411        6.1787784089321597E-005   0.0000000000000000        0.0000000000000000        0.0000000000000000       -2.2139258873081260E-023   0.0000000000000000        0.0000000000000000        0.0000000000000000     
  -664047139999986.50        0.0000000000000000        0.0000000000000000        320000.00000000000        0.0000000000000000        0.0000000000000000        1.0366696335982714E-008   0.0000000000000000        0.0000000000000000        1562.5000000000000        1.0000000000000000E-010   15625000000000.000        12.496593889667844        187448908345.01764        6.1787383925569392E-005   0.0000000000000000        0.0000000000000000        0.0000000000000000       -2.0568883897082870E-023   0.0000000000000000        0.0000000000000000        0.0000000000000000     
  -648422139999986.50        0.0000000000000000        0.0000000000000000        320000.00000000000        0.0000000000000000        0.0000000000000000        8.8939452486114897E-009   0.0000000000000000        0.0000000000000000        1562.5000000000000        1.0000000000000000E-010   15625000000000.000        12.496581350587599        187448720258.81393        6.1787136022874709E-005   0.0000000000000000        0.0000000000000000        0.0000000000000000       -1.7674927814208780E-023   0.0000000000000000        0.0000000000000000        0.0000000000000000     
  -632797139999986.50        0.0000000000000000        0.0000000000000000        320000.00000000000        0.0000000000000000        0.0000000000000000        8.0301492648953955E-009   0.0000000000000000        0.0000000000000000        1562.5000000000000        1.0000000000000002E-010   15624999999999.998        12.496566327719583        187448494915.79370        6.1786836208084202E-005   0.0000000000000000        0.0000000000000000        0.0000000000000000       -1.5994866471883895E-023   0.0000000000000000        0.0000000000000000        0.0000000000000000     
  -617172139999986.50        0.0000000000000000        0.0000000000000000        320000.00000000000        0.0000000000000000        0.0000000000000000        6.8127617084336371E-009   0.0000000000000000        0.0000000000000000        1562.5000000000000        1.0000000000000002E-010   15624999999999.998        12.496556108255435        187448341623.83148        6.1786633166243171E-005   0.0000000000000000        0.0000000000000000        0.0000000000000000       -1.3591368003057136E-023   0.0000000000000000        0.0000000000000000        0.0000000000000000     
  -601547139999986.50        0.0000000000000000        0.0000000000000000        320000.00000000000        0.0000000000000000        0.0000000000000000        5.9930223264615896E-009   0.0000000000000000        0.0000000000000000        1562.5000000000000        1.0000000000000000E-010   15625000000000.000        12.496545184391385        187448177765.87076        6.1786414416957816E-005   0.0000000000000000        0.0000000000000000        0.0000000000000000       -1.1983349265325414E-023   0.0000000000000000        0.0000000000000000        0.0000000000000000     
  -585922139999986.50        0.0000000000000000        0.0000000000000000        320000.00000000000        0.0000000000000000        0.0000000000000000        5.0146672073754703E-009   0.0000000000000000        0.0000000000000000        1562.5000000000000        9.9999999999999551E-011   15625000000000.068        12.496537307003738        187448059605.05688        6.1786257171137421E-005   0.0000000000000000        0.0000000000000000        0.0000000000000000       -1.0042240650045941E-023   0.0000000000000000        0.0000000000000000        0.0000000000000000     
  -570297139999986.50        0.0000000000000000        0.0000000000000000        320000.00000000000        0.0000000000000000        0.0000000000000000        4.2904109765108774E-009   0.0000000000000000        0.0000000000000000        1562.5000000000000        9.9999999999995053E-011   15625000000000.771        12.496529603388719        187447944050.84006        6.1786102403167212E-005   0.0000000000000000        0.0000000000000000        0.0000000000000000       -8.6100958144165869E-024   0.0000000000000000        0.0000000000000000        0.0000000000000000     
  -554672139999984.81        0.0000000000000000        0.0000000000000000        320000.00000000000        0.0000000000000000        0.0000000000000000        3.5159457330768975E-009   0.0000000000000000        0.0000000000000000        1562.5000000000000        9.9999999999995053E-011   15625000000000.771        12.496523869521665        187447858042.83423        6.1785987463905450E-005   0.0000000000000000        0.0000000000000000        0.0000000000000000       -7.0650875749795219E-024   0.0000000000000000        0.0000000000000000        0.0000000000000000     
  -539047139999984.81        0.0000000000000000        0.0000000000000000        320000.00000000000        0.0000000000000000        0.0000000000000000        2.9011031527571919E-009   0.0000000000000000        0.0000000000000000        1562.5000000000000        9.9999999999999551E-011   15625000000000.068        12.496518669910730        187447780048.66177        6.1785882703347121E-005   0.0000000000000000        0.0000000000000000        0.0000000000000000       -5.8398096144347022E-024   0.0000000000000000        0.0000000000000000        0.0000000000000000     
  -523422139999984.81        0.0000000000000000        0.0000000000000000        320000.00000000000        0.0000000000000000        0.0000000000000000        2.2848438382538179E-009   0.0000000000000000        0.0000000000000000        1562.5000000000000        1.0000000000000000E-010   15625000000000.000        12.496514794667842        187447721920.01761        6.1785804761497708E-005   0.0000000000000000        0.0000000000000000        0.0000000000000000       -4.6028564863655884E-024   0.0000000000000000        0.0000000000000000        0.0000000000000000     
  -507797139999984.81        0.0000000000000000        0.0000000000000000        320000.00000000000        0.0000000000000000        0.0000000000000000        1.7657327272743930E-009   0.0000000000000000        0.0000000000000000        1562.5000000000000        1.0000000000000002E-010   15624999999999.998        12.496511561284100        187447673419.26144        6.1785739498639209E-005   0.0000000000000000        0.0000000000000000        0.0000000000000000       -3.5603431594342793E-024   0.0000000000000000        0.0000000000000000        0.0000000000000000     
  -492172139999984.81        0.0000000000000000        0.0000000000000000        320000.00000000000        0.0000000000000000        0.0000000000000000        1.2557047741325650E-009   0.0000000000000000        0.0000000000000000        1562.5000000000000        1.0000000000000002E-010   15624999999999.998        12.496509274727797        187447639120.91693        6.1785693439802181E-005   0.0000000000000000        0.0000000000000000        0.0000000000000000       -2.5299913010944074E-024   0.0000000000000000        0.0000000000000000        0.0000000000000000     
  -476547139999984.81        0.0000000000000000        0.0000000000000000        320000.00000000000        0.0000000000000000        0.0000000000000000        7.9981933270725394E-010   0.0000000000000000        0.0000000000000000        1562.5000000000000        1.0000000000000000E-010   15625000000000.000        12.496507654779721        187447614821.69580        6.1785660791617610E-005   0.0000000000000000        0.0000000000000000        0.0000000000000000       -1.6081799129137249E-024   0.0000000000000000        0.0000000000000000        0.0000000000000000     
  -460922139999984.81        0.0000000000000000        0.0000000000000000        320000.00000000000        0.0000000000000000        0.0000000000000000        3.3905362997112728E-010   0.0000000000000000        0.0000000000000000        1562.5000000000000        1.0000000000000000E-010   15625000000000.000        12.496506771098939        187447601566.48407        6.1785643084975793E-005   0.0000000000000000        0.0000000000000000        0.0000000000000000       -6.7215218048539976E-025   0.0000000000000000        0.0000000000000000        0.0000000000000000     
  -445297139999984.81        0.0000000000000000        0.0000000000000000        320000.00000000000        0.0000000000000000        0.0000000000000000       -9.7601905428950080E-011   0.0000000000000000        0.0000000000000000        1562.5000000000000        1.0000000000000000E-010   15625000000000.000        12.496506604548710        187447599068.23062        6.1785639979435744E-005   0.0000000000000000        0.0000000000000000        0.0000000000000000        2.1455527740750492E-025   0.0000000000000000        0.0000000000000000        0.0000000000000000     
  -429672139999984.81        0.0000000000000000        0.0000000000000000        320000.00000000000        0.0000000000000000        0.0000000000000000       -5.7230946203457700E-010   0.0000000000000000        0.0000000000000000        1562.5000000000000        1.0000000000000000E-010   15625000000000.000        12.496507062610778        187447605939.16165        6.1785649504553160E-005   0.0000000000000000        0.0000000000000000        0.0000000000000000        1.1816749381299631E-024   0.0000000000000000        0.0000000000000000        0.0000000000000000     
  -414047139999984.81        0.0000000000000000        0.0000000000000000        320000.00000000000        0.0000000000000000        0.0000000000000000       -1.0399097111151335E-009   0.0000000000000000        0.0000000000000000        1562.5000000000000        1.0000000000000000E-010   15625000000000.000        12.496508399705929        187447625995.58893        6.1785677054072968E-005   0.0000000000000000        0.0000000000000000        0.0000000000000000        2.1315332064140409E-024   0.0000000000000000        0.0000000000000000        0.0000000000000000     
  -398422139999984.81        0.0000000000000000        0.0000000000000000        320000.00000000000        0.0000000000000000        0.0000000000000000       -1.6014478586868471E-009   0.0000000000000000        0.0000000000000000        1562.5000000000000        1.0000000000000000E-010   15625000000000.000        12.496510280983951        187447654214.75925        6.1785715466705350E-005   0.0000000000000000        0.0000000000000000        0.0000000000000000        3.2749661499397238E-024   0.0000000000000000        0.0000000000000000        0.0000000000000000     
  -382797139999984.81        0.0000000000000000        0.0000000000000000        320000.00000000000        0.0000000000000000        0.0000000000000000       -2.1517216343037067E-009   0.0000000000000000        0.0000000000000000        1562.5000000000000        1.0000000000000002E-010   15624999999999.998        12.496513417164737        187447701257.47101        6.1785779682866249E-005   0.0000000000000000        0.0000000000000000        0.0000000000000000        4.3891481623610379E-024   0.0000000000000000        0.0000000000000000        0.0000000000000000     
  -367172139999984.81        0.0000000000000000        0.0000000000000000        320000.00000000000        0.0000000000000000        0.0000000000000000       -2.8884461491975421E-009   0.0000000000000000        0.0000000000000000        1562.5000000000000        1.0000000000000002E-010   15624999999999.998        12.496516941907975        187447754128.61960        6.1785851328926577E-005   0.0000000000000000        0.0000000000000000        0.0000000000000000        5.8851342267345042E-024   0.0000000000000000        0.0000000000000000        0.0000000000000000     
  -351547139999984.81        0.0000000000000000        0.0000000000000000        320000.00000000000        0.0000000000000000        0.0000000000000000       -3.5686535863591994E-009   0.0000000000000000        0.0000000000000000        1562.5000000000000        1.0000000000000000E-010   15625000000000.000        12.496522479478324        187447837192.17484        6.1785964362421589E-005   0.0000000000000000        0.0000000000000000        0.0000000000000000        7.2552246398905933E-024   0.0000000000000000        0.0000000000000000        0.0000000000000000     
  -335922139999984.81        0.0000000000000000        0.0000000000000000        320000.00000000000        0.0000000000000000        0.0000000000000000       -4.5925175758334984E-009   0.0000000000000000        0.0000000000000000        1562.5000000000000        1.0000000000000000E-010   15625000000000.000        12.496527973843056        187447919607.64581        6.1786075596486977E-005   0.0000000000000000        0.0000000000000000        0.0000000000000000        9.3268024807987195E-024   0.0000000000000000        0.0000000000000000        0.0000000000000000     
  -320297139999984.81        0.0000000000000000        0.0000000000000000        320000.00000000000        0.0000000000000000        0.0000000000000000       -5.4360684086308986E-009   0.0000000000000000        0.0000000000000000        1562.5000000000000        1.0000000000000000E-010   15625000000000.000        12.496536921416544        187448053821.24811        6.1786257716502199E-005   0.0000000000000000        0.0000000000000000        0.0000000000000000        1.1015788352135812E-023   0.0000000000000000        0.0000000000000000        0.0000000000000000     
  -304672139999984.81        0.0000000000000000        0.0000000000000000        320000.00000000000        0.0000000000000000        0.0000000000000000       -6.8927626178336051E-009   0.0000000000000000        0.0000000000000000        1562.5000000000000        1.0000000000000012E-010   15624999999999.980        12.496544740769229        187448171111.53821        6.1786415339050771E-005   0.0000000000000000        0.0000000000000000        0.0000000000000000        1.3952344270742106E-023   0.0000000000000000        0.0000000000000000        0.0000000000000000     
  -289047139999984.81        0.0000000000000000        0.0000000000000000        320000.00000000000        0.0000000000000000        0.0000000000000000       -7.9051810044051554E-009   0.0000000000000000        0.0000000000000000        1562.5000000000000        1.0000000000000127E-010   15624999999999.803        12.496558661407040        187448379921.10321        6.1786697857415702E-005   0.0000000000000000        0.0000000000000000        0.0000000000000000        1.5966900139653780E-023   0.0000000000000000        0.0000000000000000        0.0000000000000000     
  -273422139999985.25        0.0000000000000000        0.0000000000000000        320000.00000000000        0.0000000000000000        0.0000000000000000       -9.9846718919228504E-009   0.0000000000000000        0.0000000000000000        1562.5000000000000        1.0000000000000128E-010   15624999999999.799        12.496569050790947        187448535761.86179        6.1786906316453480E-005   0.0000000000000000        0.0000000000000000        0.0000000000000000        2.0144154418499001E-023   0.0000000000000000        0.0000000000000000        0.0000000000000000     
  -257797139999985.25        0.0000000000000000        0.0000000000000000        320000.00000000000        0.0000000000000000        0.0000000000000000       -1.1125993769023652E-008   0.0000000000000000        0.0000000000000000        1562.5000000000000        1.0000000000000012E-010   15624999999999.980        12.496590263482522        187448853952.23761        6.1787335530027478E-005   0.0000000000000000        0.0000000000000000        0.0000000000000000        2.2400614238346217E-023   0.0000000000000000        0.0000000000000000        0.0000000000000000     
  -242172139999985.25        0.0000000000000000        0.0000000000000000        320000.00000000000        0.0000000000000000        0.0000000000000000       -1.4069538471874592E-008   0.0000000000000000        0.0000000000000000        1562.5000000000000        1.0000000000000002E-010   15624999999999.998        12.496603142700986        187449047140.51471        6.1787592670839946E-005   0.0000000000000000        0.0000000000000000        0.0000000000000000        2.8293211154401370E-023   0.0000000000000000        0.0000000000000000        0.0000000000000000     
  -226547139999985.25        0.0000000000000000        0.0000000000000000        320000.00000000000        0.0000000000000000        0.0000000000000000       -1.5237682774273084E-008   0.0000000000000000        0.0000000000000000        1562.5000000000000        1.0000000000000000E-010   15625000000000.000        12.496634964274113        187449524464.11169        6.1788234543890425E-005   0.0000000000000000        0.0000000000000000        0.0000000000000000        3.0586384997744019E-023   0.0000000000000000        0.0000000000000000        0.0000000000000000     
  -210922139999985.25        0.0000000000000000        0.0000000000000000        320000.00000000000        0.0000000000000000        0.0000000000000000       -1.9334424789014402E-008   0.0000000000000000        0.0000000000000000        1562.5000000000000        1.0000000000000002E-010   15624999999999.998        12.496649647028985        187449744705.43472        6.1788526132006911E-005   0.0000000000000000        0.0000000000000000        0.0000000000000000        3.8759624305317976E-023   0.0000000000000000        0.0000000000000000        0.0000000000000000     
  -195297139999985.25        0.0000000000000000        0.0000000000000000        320000.00000000000        0.0000000000000000        0.0000000000000000       -2.0358363602732690E-008   0.0000000000000000        0.0000000000000000        1562.5000000000000        1.0000000000000000E-010   15625000000000.000        12.496696629483099        187450449442.24646        6.1789470812731982E-005   0.0000000000000000        0.0000000000000000        0.0000000000000000        4.0751542281475542E-023   0.0000000000000000        0.0000000000000000        0.0000000000000000     
  -179672139999985.25        0.0000000000000000        0.0000000000000000        320000.00000000000        0.0000000000000000        0.0000000000000000       -2.5922934913290441E-008   0.0000000000000000        0.0000000000000000        1562.5000000000000        1.0000000000000000E-010   15625000000000.000        12.496711526695714        187450672900.43567        6.1789764841538872E-005   0.0000000000000000        0.0000000000000000        0.0000000000000000        5.1814693705734489E-023   0.0000000000000000        0.0000000000000000        0.0000000000000000     
  -164047139999985.25        0.0000000000000000        0.0000000000000000        320000.00000000000        0.0000000000000000        0.0000000000000000       -2.6583691657784673E-008   0.0000000000000000        0.0000000000000000        1562.5000000000000        1.0000000000000002E-010   15624999999999.998        12.496779601148059        187451694017.22083        6.1791129276926368E-005   0.0000000000000000        0.0000000000000000        0.0000000000000000        5.3064054715889447E-023   0.0000000000000000        0.0000000000000000        0.0000000000000000     
  -148422139999985.25        0.0000000000000000        0.0000000000000000        319999.99942647124        0.0000000000000000        0.0000000000000000       -3.3889431288881197E-008   0.0000000000000000        0.0000000000000000        1562.5000000000000        1.0000000000000004E-010   15624999999999.994        12.496792007787329        187451880116.80984        6.1791372000202701E-005   0.0000000000000000        0.0000000000000000        0.0000000000000000        6.7571578467397697E-023   0.0000000000000000        0.0000000000000000        0.0000000000000000     
  -132797139999985.27        0.0000000000000000        0.0000000000000000        319999.99937252013        0.0000000000000000        0.0000000000000000       -3.3949789510015384E-008   0.0000000000000000        0.0000000000000000        1562.5000000000000        1.0000000000000004E-010   15624999999999.994        12.496888409988985        187453326149.83469        6.1793298246612150E-005   0.0000000000000000        0.0000000000000000        0.0000000000000000        6.7618506852042378E-023   0.0000000000000000        0.0000000000000000        0.0000000000000000     
  -117172139999985.27        0.0000000000000000        0.0000000000000000        319999.99860004050        0.0000000000000000        0.0000000000000000       -4.3192631355684037E-008   0.0000000000000000        0.0000000000000000        1562.5000000000000        1.0000000000000000E-010   15625000000000.000        12.496894509093989        187453417636.40982        6.1793414486606329E-005   0.0000000000000000        0.0000000000000000        0.0000000000000000        8.5920835662858103E-023   0.0000000000000000        0.0000000000000000        0.0000000000000000     
  -101547139999985.27        0.0000000000000000        0.0000000000000000        319999.99856012326        0.0000000000000000        0.0000000000000000       -4.2463981055975927E-008   0.0000000000000000        0.0000000000000000        1562.5000000000000        9.9999999999999965E-011   15625000000000.006        12.497027360375649        187455410405.63477        6.1796061352959608E-005   0.0000000000000000        0.0000000000000000        0.0000000000000000        8.4420383309853623E-023   0.0000000000000000        0.0000000000000000        0.0000000000000000     
  -85922139999985.266        0.0000000000000000        0.0000000000000000        319999.99797707237        0.0000000000000000        0.0000000000000000       -5.3607641674923668E-008   0.0000000000000000        0.0000000000000000        1562.5000000000000        9.9999999999999603E-011   15625000000000.062        12.497022560467089        187455338407.00705        6.1795961250101693E-005   0.0000000000000000        0.0000000000000000        0.0000000000000000        1.0649473175506241E-022   0.0000000000000000        0.0000000000000000        0.0000000000000000     
  -70297139999985.133        0.0000000000000000        0.0000000000000000        319999.99795359123        0.0000000000000000        0.0000000000000000       -5.1292673779513952E-008   0.0000000000000000        0.0000000000000000        1562.5000000000000        9.9999999999999629E-011   15625000000000.057        12.497200046514370        187458000697.71625        6.1799488255399703E-005   0.0000000000000000        0.0000000000000000        0.0000000000000000        1.0336310589726873E-022   0.0000000000000000        0.0000000000000000        0.0000000000000000     
  -54672139999985.133        0.0000000000000000        0.0000000000000000        320000.00198426336        0.0000000000000000        0.0000000000000000        1.1903409581419910E-007   0.0000000000000000        0.0000000000000000        1562.5000000000000        1.0000000091233157E-010   15624999857448.193        12.497179800988510        187457695304.59192        6.1799080986613529E-005   0.0000000000000000        0.0000000000000000        0.0000000000000000        1.2868258662451632E-022   0.0000000000000000        0.0000000000000000        0.0000000000000000     
  -39047139999985.133        0.0000000000000000        0.0000000000000000        319999.99438808154        0.0000000000000000        0.0000000000000000       -2.0508699640543844E-007   0.0000000000000000        0.0000000000000000        1562.5000000000000        1.0000001911838946E-010   15624997012752.217        12.497411287206928        187461133468.55432        6.1803625152552722E-005   0.0000000000000000        0.0000000000000000        0.0000000000000000        1.2419205011563731E-022   0.0000000000000000        0.0000000000000000        0.0000000000000000     
  -23422143421227.309        0.0000000000000000        0.0000000000000000        319857.26233245403        0.0000000000000000        0.0000000000000000       -2.9839069715797573E-003   0.0000000000000000        0.0000000000000000        1562.5000000000000        1.0000831006798398E-010   15623701659770.459        12.498417492364037        187460684275.15405        6.1802848248262052E-005   0.0000000000000000        0.0000000000000000        0.0000000000000000        1.5184736913806886E-022   0.0000000000000000        0.0000000000000000        0.0000000000000000     
  -7797177481376.0186        0.0000000000000000        0.0000000000000000        318439.75484946888        0.0000000000000000        0.0000000000000000       -3.2412680908590751E-002   0.0000000000000000        0.0000000000000000        1562.5000000000000        1.0009014258248661E-010   15610927906435.018        12.509014213593286        187466226306.21664        6.1808387646671519E-005   0.0000000000000000        0.0000000000000000        0.0000000000000000        1.4564105488567030E-022   0.0000000000000000        0.0000000000000000        0.0000000000000000     
   7797177481376.0186        0.0000000000000000        0.0000000000000000       -318439.75484946888        0.0000000000000000        0.0000000000000000        3.2412680908590751E-002   0.0000000000000000        0.0000000000000000        1562.5000000000000        1.0009014258248661E-010   15610927906435.018        12.509014213593286        187466226306.21664        6.1808387646671519E-005   0.0000000000000000        0.0000000000000000        0.0000000000000000       -1.4564105488567030E-022   0.0000000000000000        0.0000000000000000        0.0000000000000000     
   23422143421227.309        0.0000000000000000        0.0000000000000000       -319857.26233245403        0.0000000000000000        0.0000000000000000        2.9839069715797582E-003   0.0000000000000000        0.0000000000000000        1562.5000000000000        1.0000831006798398E-010   15623701659770.459        12.498417492364037        187460684275.15405        6.1802848248262052E-005   0.0000000000000000        0.0000000000000000        0.0000000000000000       -1.5184736913806886E-022   0.0000000000000000        0.0000000000000000        0.0000000000000000     
   39047139999985.133        0.0000000000000000        0.0000000000000000       -319999.99438808154        0.0000000000000000        0.0000000000000000        2.0508699640771526E-007   0.0000000000000000        0.0000000000000000        1562.5000000000000        1.0000001911838946E-010   15624997012752.217        12.497411287206928        187461133468.55432        6.1803625152552722E-005   0.0000000000000000        0.0000000000000000        0.0000000000000000       -1.2419205011563731E-022   0.0000000000000000        0.0000000000000000        0.0000000000000000     
   54672139999985.133        0.0000000000000000        0.0000000000000000       -320000.00198426336        0.0000000000000000        0.0000000000000000       -1.1903409581647592E-007   0.0000000000000000        0.0000000000000000        1562.5000000000000        1.0000000091233157E-010   15624999857448.193        12.497179800988510        187457695304.59192        6.1799080986613529E-005   0.0000000000000000        0.0000000000000000        0.0000000000000000       -1.2868258662451632E-022   0.0000000000000000        0.0000000000000000        0.0000000000000000     
   70297139999985.133        0.0000000000000000        0.0000000000000000       -319999.99795359123        0.0000000000000000        0.0000000000000000        5.1292673779513952E-008   0.0000000000000000        0.0000000000000000        1562.5000000000000        9.9999999999999629E-011   15625000000000.057        12.497200046514370        187458000697.71625        6.1799488255399703E-005   0.0000000000000000        0.0000000000000000        0.0000000000000000       -1.0336310589726873E-022   0.0000000000000000        0.0000000000000000        0.0000000000000000     
   85922139999985.266        0.0000000000000000        0.0000000000000000       -319999.99797707237        0.0000000000000000        0.0000000000000000        5.3607641674923668E-008   0.0000000000000000        0.0000000000000000        1562.5000000000000        9.9999999999999603E-011   15625000000000.062        12.497022560467089        187455338407.00705        6.1795961250101693E-005   0.0000000000000000        0.0000000000000000        0.0000000000000000       -1.0649473175506241E-022   0.0000000000000000        0.0000000000000000        0.0000000000000000     
   101547139999985.27        0.0000000000000000        0.0000000000000000       -319999.99856012326        0.0000000000000000        0.0000000000000000        4.2463981055975927E-008   0.0000000000000000        0.0000000000000000        1562.5000000000000        9.9999999999999965E-011   15625000000000.006        12.497027360375649        187455410405.63477        6.1796061352959608E-005   0.0000000000000000        0.0000000000000000        0.0000000000000000       -8.4420383309853623E-023   0.0000000000000000        0.0000000000000000        0.0000000000000000     
   117172139999985.27        0.0000000000000000        0.0000000000000000       -319999.99860004050        0.0000000000000000        0.0000000000000000        4.3192631355684037E-008   0.0000000000000000        0.0000000000000000        1562.5000000000000        1.0000000000000000E-010   15625000000000.000        12.496894509093989        187453417636.40982        6.1793414486606329E-005   0.0000000000000000        0.0000000000000000        0.0000000000000000       -8.5920835662858103E-023   0.0000000000000000        0.0000000000000000        0.0000000000000000     
   132797139999985.27        0.0000000000000000        0.0000000000000000       -319999.99937252013        0.0000000000000000        0.0000000000000000        3.3949789510015384E-008   0.0000000000000000        0.0000000000000000        1562.5000000000000        1.0000000000000004E-010   15624999999999.994        12.496888409988985        187453326149.83469        6.1793298246612150E-005   0.0000000000000000        0.0000000000000000        0.0000000000000000       -6.7618506852042378E-023   0.0000000000000000        0.0000000000000000        0.0000000000000000     
   148422139999985.25        0.0000000000000000        0.0000000000000000       -319999.99942647124        0.0000000000000000        0.0000000000000000        3.3889431288881197E-008   0.0000000000000000        0.0000000000000000        1562.5000000000000        1.0000000000000004E-010   15624999999999.994        12.496792007787329        187451880116.80984        6.1791372000202701E-005   0.0000000000000000        0.0000000000000000        0.0000000000000000       -6.7571578467397697E-023   0.0000000000000000        0.0000000000000000        0.0000000000000000     
   164047139999985.25        0.0000000000000000        0.0000000000000000       -320000.00000000000        0.0000000000000000        0.0000000000000000        2.6583691657784673E-008   0.0000000000000000        0.0000000000000000        1562.5000000000000        1.0000000000000002E-010   15624999999999.998        12.496779601148059        187451694017.22083        6.1791129276926368E-005   0.0000000000000000        0.0000000000000000        0.0000000000000000       -5.3064054715889447E-023   0.0000000000000000        0.0000000000000000        0.0000000000000000     
   179672139999985.25        0.0000000000000000        0.0000000000000000       -320000.00000000000        0.0000000000000000        0.0000000000000000        2.5922934912965180E-008   0.0000000000000000        0.0000000000000000        1562.5000000000000        1.0000000000000000E-010   15625000000000.000        12.496711526695714        187450672900.43567        6.1789764841538872E-005   0.0000000000000000        0.0000000000000000        0.0000000000000000       -5.1814693705734500E-023   0.0000000000000000        0.0000000000000000        0.0000000000000000     
   195297139999985.25        0.0000000000000000        0.0000000000000000       -320000.00000000000        0.0000000000000000        0.0000000000000000        2.0358363605334775E-008   0.0000000000000000        0.0000000000000000        1562.5000000000000        1.0000000000000000E-010   15625000000000.000        12.496696629483099        187450449442.24646        6.1789470812731982E-005   0.0000000000000000        0.0000000000000000        0.0000000000000000       -4.0751542281475547E-023   0.0000000000000000        0.0000000000000000        0.0000000000000000     
   210922139999985.25        0.0000000000000000        0.0000000000000000       -320000.00000000000        0.0000000000000000        0.0000000000000000        1.9334424786976236E-008   0.0000000000000000        0.0000000000000000        1562.5000000000000        1.0000000000000000E-010   15625000000000.000        12.496649647028983        187449744705.43472        6.1788526132006911E-005   0.0000000000000000        0.0000000000000000        0.0000000000000000       -3.8759624305317987E-023   0.0000000000000000        0.0000000000000000        0.0000000000000000     
   226547139999985.25        0.0000000000000000        0.0000000000000000       -320000.00000000000        0.0000000000000000        0.0000000000000000        1.5237682775574126E-008   0.0000000000000000        0.0000000000000000        1562.5000000000000        1.0000000000000000E-010   15625000000000.000        12.496634964274113        187449524464.11169        6.1788234543890425E-005   0.0000000000000000        0.0000000000000000        0.0000000000000000       -3.0586384997744019E-023   0.0000000000000000        0.0000000000000000        0.0000000000000000     
   242172139999985.25        0.0000000000000000        0.0000000000000000       -320000.00000000000        0.0000000000000000        0.0000000000000000        1.4069538475133220E-008   0.0000000000000000        0.0000000000000000        1562.5000000000000        1.0000000000000000E-010   15625000000000.000        12.496603142700982        187449047140.51471        6.1787592670839946E-005   0.0000000000000000        0.0000000000000000        0.0000000000000000       -2.8293211154401376E-023   0.0000000000000000        0.0000000000000000        0.0000000000000000     
   257797139999985.25        0.0000000000000000        0.0000000000000000       -320000.00000000000        0.0000000000000000        0.0000000000000000        1.1125993765324590E-008   0.0000000000000000        0.0000000000000000        1562.5000000000000        1.0000000000000011E-010   15624999999999.984        12.496590263482522        187448853952.23761        6.1787335530027478E-005   0.0000000000000000        0.0000000000000000        0.0000000000000000       -2.2400614238346223E-023   0.0000000000000000        0.0000000000000000        0.0000000000000000     
   273422139999985.25        0.0000000000000000        0.0000000000000000       -320000.00000000000        0.0000000000000000        0.0000000000000000        9.9846718913807493E-009   0.0000000000000000        0.0000000000000000        1562.5000000000000        1.0000000000000128E-010   15624999999999.799        12.496569050790947        187448535761.86179        6.1786906316453480E-005   0.0000000000000000        0.0000000000000000        0.0000000000000000       -2.0144154418499001E-023   0.0000000000000000        0.0000000000000000        0.0000000000000000     
   289047139999984.81        0.0000000000000000        0.0000000000000000       -320000.00000000000        0.0000000000000000        0.0000000000000000        7.9051810056773427E-009   0.0000000000000000        0.0000000000000000        1562.5000000000000        1.0000000000000127E-010   15624999999999.803        12.496558661407040        187448379921.10321        6.1786697857415702E-005   0.0000000000000000        0.0000000000000000        0.0000000000000000       -1.5966900139653780E-023   0.0000000000000000        0.0000000000000000        0.0000000000000000     
   304672139999984.81        0.0000000000000000        0.0000000000000000       -320000.00000000000        0.0000000000000000        0.0000000000000000        6.8927626144725800E-009   0.0000000000000000        0.0000000000000000        1562.5000000000000        1.0000000000000009E-010   15624999999999.988        12.496544740769227        187448171111.53821        6.1786415339050771E-005   0.0000000000000000        0.0000000000000000        0.0000000000000000       -1.3952344270742109E-023   0.0000000000000000        0.0000000000000000        0.0000000000000000     
   320297139999984.81        0.0000000000000000        0.0000000000000000       -320000.00000000000        0.0000000000000000        0.0000000000000000        5.4360684073298560E-009   0.0000000000000000        0.0000000000000000        1562.5000000000000        1.0000000000000000E-010   15625000000000.000        12.496536921416544        187448053821.24811        6.1786257716502199E-005   0.0000000000000000        0.0000000000000000        0.0000000000000000       -1.1015788352135812E-023   0.0000000000000000        0.0000000000000000        0.0000000000000000     
   335922139999984.81        0.0000000000000000        0.0000000000000000       -320000.00000000000        0.0000000000000000        0.0000000000000000        4.5925175775682219E-009   0.0000000000000000        0.0000000000000000        1562.5000000000000        1.0000000000000000E-010   15625000000000.000        12.496527973843056        187447919607.64581        6.1786075596486977E-005   0.0000000000000000        0.0000000000000000        0.0000000000000000       -9.3268024807987195E-024   0.0000000000000000        0.0000000000000000        0.0000000000000000     
   351547139999984.81        0.0000000000000000        0.0000000000000000       -320000.00000000000        0.0000000000000000        0.0000000000000000        3.5686535854918377E-009   0.0000000000000000        0.0000000000000000        1562.5000000000000        1.0000000000000000E-010   15625000000000.000        12.496522479478324        187447837192.17484        6.1785964362421589E-005   0.0000000000000000        0.0000000000000000        0.0000000000000000       -7.2552246398905933E-024   0.0000000000000000        0.0000000000000000        0.0000000000000000     
   367172139999984.81        0.0000000000000000        0.0000000000000000       -320000.00000000000        0.0000000000000000        0.0000000000000000        2.8884461491975421E-009   0.0000000000000000        0.0000000000000000        1562.5000000000000        1.0000000000000002E-010   15624999999999.998        12.496516941907975        187447754128.61960        6.1785851328926577E-005   0.0000000000000000        0.0000000000000000        0.0000000000000000       -5.8851342267345042E-024   0.0000000000000000        0.0000000000000000        0.0000000000000000     
   382797139999984.81        0.0000000000000000        0.0000000000000000       -320000.00000000000        0.0000000000000000        0.0000000000000000        2.1517216343037067E-009   0.0000000000000000        0.0000000000000000        1562.5000000000000        1.0000000000000002E-010   15624999999999.998        12.496513417164737        187447701257.47101        6.1785779682866249E-005   0.0000000000000000        0.0000000000000000        0.0000000000000000       -4.3891481623610379E-024   0.0000000000000000        0.0000000000000000        0.0000000000000000     
   398422139999984.81        0.0000000000000000        0.0000000000000000       -320000.00000000000        0.0000000000000000        0.0000000000000000        1.6014478586868471E-009   0.0000000000000000        0.0000000000000000        1562.5000000000000        1.0000000000000000E-010   15625000000000.000        12.496510280983951        187447654214.75925        6.1785715466705350E-005   0.0000000000000000        0.0000000000000000        0.0000000000000000       -3.2749661499397238E-024   0.0000000000000000        0.0000000000000000        0.0000000000000000     
   414047139999984.81        0.0000000000000000        0.0000000000000000       -320000.00000000000        0.0000000000000000        0.0000000000000000        1.0399097111151335E-009   0.0000000000000000        0.0000000000000000        1562.5000000000000        1.0000000000000000E-010   15625000000000.000        12.496508399705929        187447625995.58893        6.1785677054072968E-005   0.0000000000000000        0.0000000000000000        0.0000000000000000       -2.1315332064140409E-024   0.0000000000000000        0.0000000000000000        0.0000000000000000     
   429672139999984.81        0.0000000000000000        0.0000000000000000       -320000.00000000000        0.0000000000000000        0.0000000000000000        5.7230946116721526E-010   0.0000000000000000        0.0000000000000000        1562.5000000000000        1.0000000000000000E-010   15625000000000.000        12.496507062610778        187447605939.16165        6.1785649504553160E-005   0.0000000000000000        0.0000000000000000        0.0000000000000000       -1.1816749381299631E-024   0.0000000000000000        0.0000000000000000        0.0000000000000000     
   445297139999984.81        0.0000000000000000        0.0000000000000000       -320000.00000000000        0.0000000000000000        0.0000000000000000        9.7601905971051166E-011   0.0000000000000000        0.0000000000000000        1562.5000000000000        1.0000000000000000E-010   15625000000000.000        12.496506604548710        187447599068.23062        6.1785639979435744E-005   0.0000000000000000        0.0000000000000000        0.0000000000000000       -2.1455527740750492E-025   0.0000000000000000        0.0000000000000000        0.0000000000000000     
   460922139999984.81        0.0000000000000000        0.0000000000000000       -320000.00000000000        0.0000000000000000        0.0000000000000000       -3.3905363029638793E-010   0.0000000000000000        0.0000000000000000        1562.5000000000000        1.0000000000000000E-010   15625000000000.000        12.496506771098939        187447601566.48407        6.1785643084975793E-005   0.0000000000000000        0.0000000000000000        0.0000000000000000        6.7215218048539967E-025   0.0000000000000000        0.0000000000000000        0.0000000000000000     
   476547139999984.81        0.0000000000000000        0.0000000000000000       -320000.00000000000        0.0000000000000000        0.0000000000000000       -7.9981933357461568E-010   0.0000000000000000        0.0000000000000000        1562.5000000000000        1.0000000000000000E-010   15625000000000.000        12.496507654779721        187447614821.69580        6.1785660791617610E-005   0.0000000000000000        0.0000000000000000        0.0000000000000000        1.6081799129137249E-024   0.0000000000000000        0.0000000000000000        0.0000000000000000     
   492172139999984.81        0.0000000000000000        0.0000000000000000       -320000.00000000000        0.0000000000000000        0.0000000000000000       -1.2557047741325650E-009   0.0000000000000000        0.0000000000000000        1562.5000000000000        1.0000000000000002E-010   15624999999999.998        12.496509274727797        187447639120.91693        6.1785693439802181E-005   0.0000000000000000        0.0000000000000000        0.0000000000000000        2.5299913010944074E-024   0.0000000000000000        0.0000000000000000        0.0000000000000000     
   507797139999984.81        0.0000000000000000        0.0000000000000000       -320000.00000000000        0.0000000000000000        0.0000000000000000       -1.7657327272743930E-009   0.0000000000000000        0.0000000000000000        1562.5000000000000        1.0000000000000002E-010   15624999999999.998        12.496511561284100        187447673419.26144        6.1785739498639209E-005   0.0000000000000000        0.0000000000000000        0.0000000000000000        3.5603431594342793E-024   0.0000000000000000        0.0000000000000000        0.0000000000000000     
   523422139999984.81        0.0000000000000000        0.0000000000000000       -320000.00000000000        0.0000000000000000        0.0000000000000000       -2.2848438382538179E-009   0.0000000000000000        0.0000000000000000        1562.5000000000000        1.0000000000000000E-010   15625000000000.000        12.496514794667842        187447721920.01761        6.1785804761497708E-005   0.0000000000000000        0.0000000000000000        0.0000000000000000        4.6028564863655884E-024   0.0000000000000000        0.0000000000000000        0.0000000000000000     
   539047139999984.81        0.0000000000000000        0.0000000000000000       -320000.00000000000        0.0000000000000000        0.0000000000000000       -2.9011031527571919E-009   0.0000000000000000        0.0000000000000000        1562.5000000000000        9.9999999999999551E-011   15625000000000.068        12.496518669910730        187447780048.66177        6.1785882703347121E-005   0.0000000000000000        0.0000000000000000        0.0000000000000000        5.8398096144347022E-024   0.0000000000000000        0.0000000000000000        0.0000000000000000     
   554672139999984.81        0.0000000000000000        0.0000000000000000       -320000.00000000000        0.0000000000000000        0.0000000000000000       -3.5159457331853177E-009   0.0000000000000000        0.0000000000000000        1562.5000000000000        9.9999999999995053E-011   15625000000000.771        12.496523869521665        187447858042.83423        6.1785987463905450E-005   0.0000000000000000        0.0000000000000000        0.0000000000000000        7.0650875749795219E-024   0.0000000000000000        0.0000000000000000        0.0000000000000000     
   570297139999986.50        0.0000000000000000        0.0000000000000000       -320000.00000000000        0.0000000000000000        0.0000000000000000       -4.2904109770529785E-009   0.0000000000000000        0.0000000000000000        1562.5000000000000        9.9999999999995053E-011   15625000000000.771        12.496529603388719        187447944050.84006        6.1786102403167212E-005   0.0000000000000000        0.0000000000000000        0.0000000000000000        8.6100958144165869E-024   0.0000000000000000        0.0000000000000000        0.0000000000000000     
   585922139999986.50        0.0000000000000000        0.0000000000000000       -320000.00000000000        0.0000000000000000        0.0000000000000000       -5.0146672073754703E-009   0.0000000000000000        0.0000000000000000        1562.5000000000000        9.9999999999999551E-011   15625000000000.068        12.496537307003738        187448059605.05688        6.1786257171137421E-005   0.0000000000000000        0.0000000000000000        0.0000000000000000        1.0042240650045941E-023   0.0000000000000000        0.0000000000000000        0.0000000000000000     
   601547139999986.50        0.0000000000000000        0.0000000000000000       -320000.00000000000        0.0000000000000000        0.0000000000000000       -5.9930223264615896E-009   0.0000000000000000        0.0000000000000000        1562.5000000000000        1.0000000000000000E-010   15625000000000.000        12.496545184391385        187448177765.87076        6.1786414416957816E-005   0.0000000000000000        0.0000000000000000        0.0000000000000000        1.1983349265325414E-023   0.0000000000000000        0.0000000000000000        0.0000000000000000     
   617172139999986.50        0.0000000000000000        0.0000000000000000       -320000.00000000000        0.0000000000000000        0.0000000000000000       -6.8127617084336371E-009   0.0000000000000000        0.0000000000000000        1562.5000000000000        1.0000000000000002E-010   15624999999999.998        12.496556108255435        187448341623.83148        6.1786633166243171E-005   0.0000000000000000        0.0000000000000000        0.0000000000000000        1.3591368003057136E-023   0.0000000000000000        0.0000000000000000        0.0000000000000000     
   632797139999986.50        0.0000000000000000        0.0000000000000000       -320000.00000000000        0.0000000000000000        0.0000000000000000       -8.0301492648953955E-009   0.0000000000000000        0.0000000000000000        1562.5000000000000        1.0000000000000002E-010   15624999999999.998        12.496566327719583        187448494915.79370        6.1786836208084202E-005   0.0000000000000000        0.0000000000000000        0.0000000000000000        1.5994866471883895E-023   0.0000000000000000        0.0000000000000000        0.0000000000000000     
   648422139999986.50        0.0000000000000000        0.0000000000000000       -320000.00000000000        0.0000000000000000        0.0000000000000000       -8.8939452486114897E-009   0.0000000000000000        0.0000000000000000        1562.5000000000000        1.0000000000000000E-010   15625000000000.000        12.496581350587599        187448720258.81393        6.1787136022874709E-005   0.0000000000000000        0.0000000000000000        0.0000000000000000        1.7674927814208780E-023   0.0000000000000000        0.0000000000000000        0.0000000000000000     
   664047139999986.50        0.0000000000000000        0.0000000000000000       -320000.00000000000        0.0000000000000000        0.0000000000000000       -1.0366696335982714E-008   0.0000000000000000        0.0000000000000000        1562.5000000000000        1.0000000000000000E-010   15625000000000.000        12.496593889667844        187448908345.01764        6.1787383925569392E-005   0.0000000000000000        0.0000000000000000        0.0000000000000000        2.0568883897082870E-023   0.0000000000000000        0.0000000000000000        0.0000000000000000     
   679672139999986.50        0.0000000000000000        0.0000000000000000       -320000.00000000000        0.0000000000000000        0.0000000000000000       -1.1182444087939539E-008   0.0000000000000000        0.0000000000000000        1562.5000000000000        1.0000000000000000E-010   15625000000000.000        12.496614009510276        187449210142.65411        6.1787784089321597E-005   0.0000000000000000        0.0000000000000000        0.0000000000000000        2.2139258873081260E-023   0.0000000000000000        0.0000000000000000        0.0000000000000000     
   695297139999986.50        0.0000000000000000        0.0000000000000000       -320000.00000000000        0.0000000000000000        0.0000000000000000       -1.2892650192554763E-008   0.0000000000000000        0.0000000000000000        1562.5000000000000        1.0000000000000000E-010   15625000000000.000        12.496628487034284        187449427305.51425        6.1788068875076729E-005   0.0000000000000000        0.0000000000000000        0.0000000000000000        2.5483710333321721E-023   0.0000000000000000        0.0000000000000000        0.0000000000000000     
   710922139999986.50        0.0000000000000000        0.0000000000000000       -320000.00000000000        0.0000000000000000        0.0000000000000000       -1.3534934911403093E-008   0.0000000000000000        0.0000000000000000        1562.5000000000000        1.0000000000000000E-010   15625000000000.000        12.496654715809109        187449820737.13660        6.1788588749878750E-005   0.0000000000000000        0.0000000000000000        0.0000000000000000        2.6701271735571757E-023   0.0000000000000000        0.0000000000000000        0.0000000000000000     
   726547139999986.50        0.0000000000000000        0.0000000000000000       -320000.00000000000        0.0000000000000000        0.0000000000000000       -1.5408442713324704E-008   0.0000000000000000        0.0000000000000000        1562.5000000000000        1.0000000000000000E-010   15625000000000.000        12.496670297876239        187450054468.14355        6.1788893711372863E-005   0.0000000000000000        0.0000000000000000        0.0000000000000000        3.0345791980446988E-023   0.0000000000000000        0.0000000000000000        0.0000000000000000     
   742172139999986.50        0.0000000000000000        0.0000000000000000       -320000.00000000000        0.0000000000000000        0.0000000000000000       -1.5743419689914253E-008   0.0000000000000000        0.0000000000000000        1562.5000000000000        1.0000000000000000E-010   15625000000000.000        12.496703457812190        187450551867.18280        6.1789548703261092E-005   0.0000000000000000        0.0000000000000000        0.0000000000000000        3.0955626136059996E-023   0.0000000000000000        0.0000000000000000        0.0000000000000000     
   757797139999986.50        0.0000000000000000        0.0000000000000000       -320000.00000000000        0.0000000000000000        0.0000000000000000       -1.7623369284644178E-008   0.0000000000000000        0.0000000000000000        1562.5000000000000        1.0000000000000002E-010   15624999999999.998        12.496718879812049        187450783197.18069        6.1789849013245979E-005   0.0000000000000000        0.0000000000000000        0.0000000000000000        3.4589448511840012E-023   0.0000000000000000        0.0000000000000000        0.0000000000000000     
   773422139999986.50        0.0000000000000000        0.0000000000000000       -320000.00000000000        0.0000000000000000        0.0000000000000000       -1.7550584916849541E-008   0.0000000000000000        0.0000000000000000        1562.5000000000000        1.0000000000000000E-010   15625000000000.000        12.496759270819940        187451389062.29907        6.1790644090948616E-005   0.0000000000000000        0.0000000000000000        0.0000000000000000        3.4405283374562034E-023   0.0000000000000000        0.0000000000000000        0.0000000000000000     
   789047139999986.50        0.0000000000000000        0.0000000000000000       -320000.00000000000        0.0000000000000000        0.0000000000000000       -1.9180162952213061E-008   0.0000000000000000        0.0000000000000000        1562.5000000000000        1.0000000000000002E-010   15624999999999.998        12.496773039823255        187451595597.34875        6.1790910877689562E-005   0.0000000000000000        0.0000000000000000        0.0000000000000000        3.7521094095648357E-023   0.0000000000000000        0.0000000000000000        0.0000000000000000     
   804672139999986.50        0.0000000000000000        0.0000000000000000       -320000.00012138061        0.0000000000000000        0.0000000000000000       -1.8689327804673549E-008   0.0000000000000000        0.0000000000000000        1562.5000000000000        1.0000000000000002E-010   15624999999999.998        12.496819994794299        187452299921.91446        6.1791832040090721E-005   0.0000000000000000        0.0000000000000000        0.0000000000000000        3.6512478368974742E-023   0.0000000000000000        0.0000000000000000        0.0000000000000000     
   820297139999986.50        0.0000000000000000        0.0000000000000000       -320000.00127665792        0.0000000000000000        0.0000000000000000       -1.9678077931118110E-008   0.0000000000000000        0.0000000000000000        1562.5000000000000        1.0000000000000000E-010   15625000000000.000        12.496830777829931        187452461667.44894        6.1792039932110794E-005   0.0000000000000000        0.0000000000000000        0.0000000000000000        3.8420815100667754E-023   0.0000000000000000        0.0000000000000000        0.0000000000000000     
   835922139999986.50        0.0000000000000000        0.0000000000000000       -320000.00138536352        0.0000000000000000        0.0000000000000000       -1.8848748144149220E-008   0.0000000000000000        0.0000000000000000        1562.5000000000000        1.0000000000000000E-010   15625000000000.000        12.496882211988682        187453233179.83020        6.1793045726124665E-005   0.0000000000000000        0.0000000000000000        0.0000000000000000        3.6762054998086312E-023   0.0000000000000000        0.0000000000000000        0.0000000000000000     
   851547139999986.50        0.0000000000000000        0.0000000000000000       -320000.00169079710        0.0000000000000000        0.0000000000000000       -1.8848388805022124E-008   0.0000000000000000        0.0000000000000000        1562.5000000000000        1.0000000000000000E-010   15625000000000.000        12.496889307994341        187453339619.91510        6.1793181823012873E-005   0.0000000000000000        0.0000000000000000        0.0000000000000000        3.6695870975739516E-023   0.0000000000000000        0.0000000000000000        0.0000000000000000     
   867172139999986.50        0.0000000000000000        0.0000000000000000       -320000.00168466748        0.0000000000000000        0.0000000000000000       -1.7843359375341639E-008   0.0000000000000000        0.0000000000000000        1562.5000000000000        1.0000000000000002E-010   15624999999999.998        12.496941470853608        187454122062.80408        6.1794198901694213E-005   0.0000000000000000        0.0000000000000000        0.0000000000000000        3.4730247336262454E-023   0.0000000000000000        0.0000000000000000        0.0000000000000000     
   882797139999986.50        0.0000000000000000        0.0000000000000000       -320000.00175205496        0.0000000000000000        0.0000000000000000       -1.6501120137538896E-008   0.0000000000000000        0.0000000000000000        1562.5000000000000        1.0000000000000002E-010   15624999999999.998        12.496945154671952        187454177320.07922        6.1794269128031220E-005   0.0000000000000000        0.0000000000000000        0.0000000000000000        3.2051580368663373E-023   0.0000000000000000        0.0000000000000000        0.0000000000000000     
   898422139999986.50        0.0000000000000000        0.0000000000000000       -320000.00201892521        0.0000000000000000        0.0000000000000000       -1.5507520290411094E-008   0.0000000000000000        0.0000000000000000        1562.5000000000000        1.0000000000000000E-010   15625000000000.000        12.496992834498348        187454892517.47522        6.1795196518692297E-005   0.0000000000000000        0.0000000000000000        0.0000000000000000        3.0158706056979407E-023   0.0000000000000000        0.0000000000000000        0.0000000000000000     
   914047139999986.50        0.0000000000000000        0.0000000000000000       -320000.00247239933        0.0000000000000000        0.0000000000000000       -1.6167291897491549E-008   0.0000000000000000        0.0000000000000000        1562.5000000000000        1.0000000000000000E-010   15625000000000.000        12.496994338426237        187454915076.39352        6.1795224995670275E-005   0.0000000000000000        0.0000000000000000        0.0000000000000000        2.4620328522036912E-023   0.0000000000000000        0.0000000000000000        0.0000000000000000     
   929672139999986.50        0.0000000000000000        0.0000000000000000       -320000.00625718723        0.0000000000000000        0.0000000000000000       -1.5686423866941028E-007   0.0000000000000000        0.0000000000000000        1562.5000000000000        1.0000000047533638E-010   15624999925728.691        12.497031729859193        187455475056.84381        6.1795949740075024E-005   0.0000000000000000        0.0000000000000000        0.0000000000000000        2.3037340086070347E-023   0.0000000000000000        0.0000000000000000        0.0000000000000000     
   945297139999986.50        0.0000000000000000        0.0000000000000000       -320002.97693315503        0.0000000000000000        0.0000000000000000       -5.3200880469413021E-005   0.0000000000000000        0.0000000000000000        1562.5000000000000        1.0000000475336345E-010   15624999257286.996        12.497033312290794        187455490773.92111        6.1795969537399719E-005   0.0000000000000000        0.0000000000000000        0.0000000000000000        1.4974566823223721E-023   0.0000000000000000        0.0000000000000000        0.0000000000000000     
   960922138217475.38        0.0000000000000000        0.0000000000000000       -320088.90475375991        0.0000000000000000        0.0000000000000000       -1.8514752089619185E-003   0.0000000000000000        0.0000000000000000        1562.5000000000000        9.9999997086132232E-011   15625000455291.854        12.497054018742377        187455815743.35022        6.1796390104008208E-005   0.0000000000000000        0.0000000000000000        0.0000000000000000        1.3740502539940943E-023   0.0000000000000000        0.0000000000000000        0.0000000000000000     
   976547139999986.62        0.0000000000000000        0.0000000000000000       -319972.12836797873        0.0000000000000000        0.0000000000000000        5.8067540771444305E-004   0.0000000000000000        0.0000000000000000        1562.5000000000000        9.9096831686383265E-011   15767406216829.641        12.384187278817118        187455851030.78738        6.1796436818554353E-005   0.0000000000000000        0.0000000000000000        0.0000000000000000        2.5837192646842220E-024   0.0000000000000000        0.0000000000000000        0.0000000000000000     
   992172150927010.12        0.0000000000000000        0.0000000000000000       -319541.04604146176        0.0000000000000000        0.0000000000000000        9.5612060421370899E-003   0.0000000000000000        0.0000000000000000        1562.5000000000000        6.8979828553234919E-011   22651549485863.777        8.6204480311913301        187455844962.09348        6.1796429615596071E-005   0.0000000000000000        0.0000000000000000        0.0000000000000000        1.2820736620588728E-024   0.0000000000000000        0.0000000000000000        0.0000000000000000     
