   11000.000000000000     
  -992183980558000.00        0.0000000000000000        0.0000000000000000        319894.81631303119        0.0000000000000000        0.0000000000000000       -9.5616621653485702E-003   0.0000000000000000        0.0000000000000000        1562.5000000000000        6.8979862560301944E-011   22651538318651.574        8.6208554564020989        187464612201.83887        6.1807458887953908E-005   0.0000000000000000        0.0000000000000000        0.0000000000000000       -1.0190647413054223E-023   0.0000000000000000        0.0000000000000000        0.0000000000000000     
  -976558980000001.12        0.0000000000000000        0.0000000000000000        319993.61351414141        0.0000000000000000        0.0000000000000000       -5.8068664797633683E-004   0.0000000000000000        0.0000000000000000        1562.5000000000000        9.9096866506108454E-011   15767400676626.699        12.384777711265654        187464722365.90207        6.1807589390271343E-005   0.0000000000000000        0.0000000000000000        0.0000000000000000       -2.4521424858215432E-023   0.0000000000000000        0.0000000000000000        0.0000000000000000     
  -960933980000000.00        0.0000000000000000        0.0000000000000000        320020.38196035428        0.0000000000000000        0.0000000000000000        1.8525184892021667E-003   0.0000000000000000        0.0000000000000000        1562.5000000000000        9.9999999851199944E-011   15625000023250.010        12.497617211797174        187464258455.90451        6.1807033730951341E-005   0.0000000000000000        0.0000000000000000        0.0000000000000000       -1.1706748681635237E-022   0.0000000000000000        0.0000000000000000        0.0000000000000000     
  -945308980000001.00        0.0000000000000000        0.0000000000000000        320001.02248945012        0.0000000000000000        0.0000000000000000        5.2478133636432583E-005   0.0000000000000000        0.0000000000000000        1562.5000000000000        1.0000000000000265E-010   15624999999999.584        12.497429602019769        187461444030.29156        6.1803624824496685E-005   0.0000000000000000        0.0000000000000000        0.0000000000000000       -1.2535381934392587E-022   0.0000000000000000        0.0000000000000000        0.0000000000000000     
  -929683980000001.00        0.0000000000000000        0.0000000000000000        320000.00168966700        0.0000000000000000        0.0000000000000000        1.1815335890452285E-007   0.0000000000000000        0.0000000000000000        1562.5000000000000        1.0000000000000028E-010   15624999999999.957        12.497405909936829        187461088649.05191        6.1803204238508082E-005   0.0000000000000000        0.0000000000000000        0.0000000000000000       -1.5047483289491291E-022   0.0000000000000000        0.0000000000000000        0.0000000000000000     
  -914058980000001.00        0.0000000000000000        0.0000000000000000        320000.00145781809        0.0000000000000000        0.0000000000000000        8.7444464669001816E-008   0.0000000000000000        0.0000000000000000        1562.5000000000000        1.0000000000000000E-010   15625000000000.000        12.497174771866330        187457621577.99493        6.1798876632449960E-005   0.0000000000000000        0.0000000000000000        0.0000000000000000       -1.6075290999385266E-022   0.0000000000000000        0.0000000000000000        0.0000000000000000     
  -898433980000001.00        0.0000000000000000        0.0000000000000000        320000.00095207489        0.0000000000000000        0.0000000000000000        7.4795984253506358E-008   0.0000000000000000        0.0000000000000000        1562.5000000000000        1.0000000000000000E-010   15625000000000.000        12.497131003559335        187456965053.39001        6.1798087589082993E-005   0.0000000000000000        0.0000000000000000        0.0000000000000000       -1.4248978346790135E-022   0.0000000000000000        0.0000000000000000        0.0000000000000000     
  -882808980000001.00        0.0000000000000000        0.0000000000000000        320000.00059203029        0.0000000000000000        0.0000000000000000        7.5254300948582202E-008   0.0000000000000000        0.0000000000000000        1562.5000000000000        1.0000000000000002E-010   15624999999999.996        12.496945952629856        187454189289.44778        6.1794508977499875E-005   0.0000000000000000        0.0000000000000000        0.0000000000000000       -1.4459306100636385E-022   0.0000000000000000        0.0000000000000000        0.0000000000000000     
  -867183980000001.00        0.0000000000000000        0.0000000000000000        320000.00051908538        0.0000000000000000        0.0000000000000000        5.8079531332296333E-008   0.0000000000000000        0.0000000000000000        1562.5000000000000        1.0000000000000002E-010   15624999999999.996        12.496889351099759        187453340266.49634        6.1793447119208475E-005   0.0000000000000000        0.0000000000000000        0.0000000000000000       -1.1341196797804105E-022   0.0000000000000000        0.0000000000000000        0.0000000000000000     
  -851558980000001.00        0.0000000000000000        0.0000000000000000        320000.00043528795        0.0000000000000000        0.0000000000000000        5.3571304126607373E-008   0.0000000000000000        0.0000000000000000        1562.5000000000000        1.0000000000000000E-010   15625000000000.000        12.496769441637268        187451541624.55899        6.1791058933317758E-005   0.0000000000000000        0.0000000000000000        0.0000000000000000       -1.0599732581133656E-022   0.0000000000000000        0.0000000000000000        0.0000000000000000     
  -835933980000001.00        0.0000000000000000        0.0000000000000000        320000.00028415979        0.0000000000000000        0.0000000000000000        3.9498625943902763E-008   0.0000000000000000        0.0000000000000000        1562.5000000000000        1.0000000000000000E-010   15625000000000.000        12.496718149323522        187450772239.85281        6.1790058542912396E-005   0.0000000000000000        0.0000000000000000        0.0000000000000000       -7.9130248225414651E-023   0.0000000000000000        0.0000000000000000        0.0000000000000000     
  -820308980000001.00        0.0000000000000000        0.0000000000000000        320000.00012799748        0.0000000000000000        0.0000000000000000        3.3392120388984142E-008   0.0000000000000000        0.0000000000000000        1562.5000000000000        1.0000000000000000E-010   15625000000000.000        12.496649022138586        187449735332.07874        6.1788645743281409E-005   0.0000000000000000        0.0000000000000000        0.0000000000000000       -6.7903931149809679E-023   0.0000000000000000        0.0000000000000000        0.0000000000000000     
  -804683980000001.00        0.0000000000000000        0.0000000000000000        320000.00000000000        0.0000000000000000        0.0000000000000000        2.4086475393332184E-008   0.0000000000000000        0.0000000000000000        1562.5000000000000        1.0000000000000000E-010   15625000000000.000        12.496612352960792        187449185294.41187        6.1787905176487431E-005   0.0000000000000000        0.0000000000000000        0.0000000000000000       -4.9510004949995852E-023   0.0000000000000000        0.0000000000000000        0.0000000000000000     
  -789058980000001.00        0.0000000000000000        0.0000000000000000        320000.00000000000        0.0000000000000000        0.0000000000000000        1.8921898131682475E-008   0.0000000000000000        0.0000000000000000        1562.5000000000000        1.0000000000000000E-010   15625000000000.000        12.496575230274320        187448628454.11478        6.1787128623386230E-005   0.0000000000000000        0.0000000000000000        0.0000000000000000       -3.9477537096743378E-023   0.0000000000000000        0.0000000000000000        0.0000000000000000     
  -773433980000001.00        0.0000000000000000        0.0000000000000000        320000.00000000000        0.0000000000000000        0.0000000000000000        1.3418486828031393E-008   0.0000000000000000        0.0000000000000000        1562.5000000000000        1.0000000000000000E-010   15625000000000.000        12.496552902710688        187448293540.66031        6.1786663490007938E-005   0.0000000000000000        0.0000000000000000        0.0000000000000000       -2.8286941265496437E-023   0.0000000000000000        0.0000000000000000        0.0000000000000000     
  -757808980000001.00        0.0000000000000000        0.0000000000000000        320000.00000000000        0.0000000000000000        0.0000000000000000        9.9584413384468013E-009   0.0000000000000000        0.0000000000000000        1562.5000000000000        1.0000000000000002E-010   15624999999999.996        12.496533964235924        187448009463.53882        6.1786258531665064E-005   0.0000000000000000        0.0000000000000000        0.0000000000000000       -2.1285337742371618E-023   0.0000000000000000        0.0000000000000000        0.0000000000000000     
  -742183980000001.00        0.0000000000000000        0.0000000000000000        320000.00000000000        0.0000000000000000        0.0000000000000000        6.9391202636641655E-009   0.0000000000000000        0.0000000000000000        1562.5000000000000        1.0000000000000002E-010   15624999999999.996        12.496521823624452        187447827354.36673        6.1785998490724529E-005   0.0000000000000000        0.0000000000000000        0.0000000000000000       -1.4985281994089301E-023   0.0000000000000000        0.0000000000000000        0.0000000000000000     
  -726558980000001.00        0.0000000000000000        0.0000000000000000        320000.00000000000        0.0000000000000000        0.0000000000000000        4.9318356603488985E-009   0.0000000000000000        0.0000000000000000        1562.5000000000000        1.0000000000000000E-010   15625000000000.000        12.496512582247108        187447688733.70660        6.1785796614566933E-005   0.0000000000000000        0.0000000000000000        0.0000000000000000       -1.0786447551951125E-023   0.0000000000000000        0.0000000000000000        0.0000000000000000     
  -710933980000001.00        0.0000000000000000        0.0000000000000000        320000.00000000000        0.0000000000000000        0.0000000000000000        3.3728503589712594E-009   0.0000000000000000        0.0000000000000000        1562.5000000000000        1.0000000000000000E-010   15625000000000.000        12.496506507462231        187447597611.93344        6.1785663180241468E-005   0.0000000000000000        0.0000000000000000        0.0000000000000000       -7.4529086693736350E-024   0.0000000000000000        0.0000000000000000        0.0000000000000000     
  -695308980000001.00        0.0000000000000000        0.0000000000000000        320000.00000000000        0.0000000000000000        0.0000000000000000        2.3188130690261809E-009   0.0000000000000000        0.0000000000000000        1562.5000000000000        1.0000000000000000E-010   15625000000000.000        12.496502183369270        187447532750.53900        6.1785566718663688E-005   0.0000000000000000        0.0000000000000000        0.0000000000000000       -5.1839468321289435E-024   0.0000000000000000        0.0000000000000000        0.0000000000000000     
  -679683980000001.00        0.0000000000000000        0.0000000000000000        320000.00000000000        0.0000000000000000        0.0000000000000000        1.5560193028349191E-009   0.0000000000000000        0.0000000000000000        1562.5000000000000        1.0000000000000000E-010   15625000000000.000        12.496499331445929        187447489971.68890        6.1785502609005961E-005   0.0000000000000000        0.0000000000000000        0.0000000000000000       -3.5140703619554457E-024   0.0000000000000000        0.0000000000000000        0.0000000000000000     
  -664058980000001.00        0.0000000000000000        0.0000000000000000        320000.00000000000        0.0000000000000000        0.0000000000000000        1.0419377597385846E-009   0.0000000000000000        0.0000000000000000        1562.5000000000000        1.0000000000000000E-010   15625000000000.000        12.496497387568029        187447460813.52042        6.1785458346859956E-005   0.0000000000000000        0.0000000000000000        0.0000000000000000       -2.3787119602606403E-024   0.0000000000000000        0.0000000000000000        0.0000000000000000     
  -648433980000001.00        0.0000000000000000        0.0000000000000000        320000.00000000000        0.0000000000000000        0.0000000000000000        6.8646202556692462E-010   0.0000000000000000        0.0000000000000000        1562.5000000000000        1.0000000000000000E-010   15625000000000.000        12.496496115190082        187447441727.85123        6.1785429121893055E-005   0.0000000000000000        0.0000000000000000        0.0000000000000000       -1.5827491512866951E-024   0.0000000000000000        0.0000000000000000        0.0000000000000000     
  -632808980000001.00        0.0000000000000000        0.0000000000000000        320000.00000000000        0.0000000000000000        0.0000000000000000        4.4981529262711313E-010   0.0000000000000000        0.0000000000000000        1562.5000000000000        1.0000000000000002E-010   15624999999999.996        12.496495273559114        187447429103.38666        6.1785409572807655E-005   0.0000000000000000        0.0000000000000000        0.0000000000000000       -1.0477191789206676E-024   0.0000000000000000        0.0000000000000000        0.0000000000000000     
  -617183980000001.00        0.0000000000000000        0.0000000000000000        320000.00000000000        0.0000000000000000        0.0000000000000000        2.9128714466954272E-010   0.0000000000000000        0.0000000000000000        1562.5000000000000        1.0000000000000002E-010   15624999999999.996        12.496494729406910        187447420941.10361        6.1785396818597247E-005   0.0000000000000000        0.0000000000000000        0.0000000000000000       -6.8500209060428943E-025   0.0000000000000000        0.0000000000000000        0.0000000000000000     
  -601558980000001.00        0.0000000000000000        0.0000000000000000        320000.00000000000        0.0000000000000000        0.0000000000000000        1.8738475947603613E-010   0.0000000000000000        0.0000000000000000        1562.5000000000000        1.0000000000000000E-010   15625000000000.000        12.496494377457150        187447415661.85724        6.1785388485125937E-005   0.0000000000000000        0.0000000000000000        0.0000000000000000       -4.4491939447625688E-025   0.0000000000000000        0.0000000000000000        0.0000000000000000     
  -585933980000001.00        0.0000000000000000        0.0000000000000000        320000.00000000000        0.0000000000000000        0.0000000000000000        1.1942291123269053E-010   0.0000000000000000        0.0000000000000000        1562.5000000000000        9.9999999999999861E-011   15625000000000.021        12.496494153027291        187447412295.40961        6.1785383122926253E-005   0.0000000000000000        0.0000000000000000        0.0000000000000000       -2.8618295302261752E-025   0.0000000000000000        0.0000000000000000        0.0000000000000000     
  -570308980000001.00        0.0000000000000000        0.0000000000000000        320000.00000000000        0.0000000000000000        0.0000000000000000        7.5583678075016418E-011   0.0000000000000000        0.0000000000000000        1562.5000000000000        9.9999999999998724E-011   15625000000000.199        12.496494010480230        187447410157.20581        6.1785379684744669E-005   0.0000000000000000        0.0000000000000000        0.0000000000000000       -1.8279480692416974E-025   0.0000000000000000        0.0000000000000000        0.0000000000000000     
  -554683980000000.56        0.0000000000000000        0.0000000000000000        320000.00000000000        0.0000000000000000        0.0000000000000000        4.7448959659417788E-011   0.0000000000000000        0.0000000000000000        1562.5000000000000        9.9999999999998698E-011   15625000000000.203        12.496493920853903        187447408812.81094        6.1785377503802542E-005   0.0000000000000000        0.0000000000000000        0.0000000000000000       -1.1578104725685589E-025   0.0000000000000000        0.0000000000000000        0.0000000000000000     
  -539058980000000.56        0.0000000000000000        0.0000000000000000        320000.00000000000        0.0000000000000000        0.0000000000000000        2.9565133582156567E-011   0.0000000000000000        0.0000000000000000        1562.5000000000000        9.9999999999999861E-011   15625000000000.021        12.496493864834802        187447407972.52228        6.1785376128310442E-005   0.0000000000000000        0.0000000000000000        0.0000000000000000       -7.2778682277777859E-026   0.0000000000000000        0.0000000000000000        0.0000000000000000     
  -523433980000000.56        0.0000000000000000        0.0000000000000000        320000.00000000000        0.0000000000000000        0.0000000000000000        1.8265968147133437E-011   0.0000000000000000        0.0000000000000000        1562.5000000000000        1.0000000000000000E-010   15625000000000.000        12.496493830151271        187447407452.26904        6.1785375269375801E-005   0.0000000000000000        0.0000000000000000        0.0000000000000000       -4.5341079415311958E-026   0.0000000000000000        0.0000000000000000        0.0000000000000000     
  -507808980000000.56        0.0000000000000000        0.0000000000000000        320000.00000000000        0.0000000000000000        0.0000000000000000        1.1138260490086448E-011   0.0000000000000000        0.0000000000000000        1562.5000000000000        1.0000000000000002E-010   15624999999999.996        12.496493808821885        187447407132.32822        6.1785374737006229E-005   0.0000000000000000        0.0000000000000000        0.0000000000000000       -2.7891088310444396E-026   0.0000000000000000        0.0000000000000000        0.0000000000000000     
  -492183980000000.56        0.0000000000000000        0.0000000000000000        320000.00000000000        0.0000000000000000        0.0000000000000000        6.6428998287570529E-012   0.0000000000000000        0.0000000000000000        1562.5000000000000        1.0000000000000002E-010   15624999999999.996        12.496493796017154        187447406940.25726        6.1785374413939894E-005   0.0000000000000000        0.0000000000000000        0.0000000000000000       -1.6763426765054505E-026   0.0000000000000000        0.0000000000000000        0.0000000000000000     
  -476558980000000.56        0.0000000000000000        0.0000000000000000        320000.00000000000        0.0000000000000000        0.0000000000000000        3.8095363075471489E-012   0.0000000000000000        0.0000000000000000        1562.5000000000000        1.0000000000000000E-010   15625000000000.000        12.496493788494837        187447406827.42252        6.1785374223511397E-005   0.0000000000000000        0.0000000000000000        0.0000000000000000       -9.6385793227002349E-027   0.0000000000000000        0.0000000000000000        0.0000000000000000     
  -460933980000000.56        0.0000000000000000        0.0000000000000000        320000.00000000000        0.0000000000000000        0.0000000000000000        1.8069294070601767E-012   0.0000000000000000        0.0000000000000000        1562.5000000000000        1.0000000000000000E-010   15625000000000.000        12.496493784315247        187447406764.72870        6.1785374118039085E-005   0.0000000000000000        0.0000000000000000        0.0000000000000000       -4.6436153533502271E-027   0.0000000000000000        0.0000000000000000        0.0000000000000000     
  -445308980000000.56        0.0000000000000000        0.0000000000000000        320000.00000000000        0.0000000000000000        0.0000000000000000        3.2236362432692896E-013   0.0000000000000000        0.0000000000000000        1562.5000000000000        1.0000000000000000E-010   15625000000000.000        12.496493782984645        187447406744.76965        6.1785374081547076E-005   0.0000000000000000        0.0000000000000000        0.0000000000000000       -8.5717479121616424E-028   0.0000000000000000        0.0000000000000000        0.0000000000000000     
  -429683980000000.56        0.0000000000000000        0.0000000000000000        320000.00000000000        0.0000000000000000        0.0000000000000000       -9.8735885625761496E-013   0.0000000000000000        0.0000000000000000        1562.5000000000000        1.0000000000000000E-010   15625000000000.000        12.496493783359744        187447406750.39615        6.1785374092227348E-005   0.0000000000000000        0.0000000000000000        0.0000000000000000        2.5901623510946049E-027   0.0000000000000000        0.0000000000000000        0.0000000000000000     
  -414058980000000.56        0.0000000000000000        0.0000000000000000        320000.00000000000        0.0000000000000000        0.0000000000000000       -2.6802732628384297E-012   0.0000000000000000        0.0000000000000000        1562.5000000000000        1.0000000000000000E-010   15625000000000.000        12.496493785961352        187447406789.42026        6.1785374160188217E-005   0.0000000000000000        0.0000000000000000        0.0000000000000000        6.8728240691188576E-027   0.0000000000000000        0.0000000000000000        0.0000000000000000     
  -398433980000000.56        0.0000000000000000        0.0000000000000000        320000.00000000000        0.0000000000000000        0.0000000000000000       -5.0253017457643552E-012   0.0000000000000000        0.0000000000000000        1562.5000000000000        1.0000000000000000E-010   15625000000000.000        12.496493791573807        187447406873.60706        6.1785374302938557E-005   0.0000000000000000        0.0000000000000000        0.0000000000000000        1.2777144396044585E-026   0.0000000000000000        0.0000000000000000        0.0000000000000000     
  -382808980000000.56        0.0000000000000000        0.0000000000000000        320000.00000000000        0.0000000000000000        0.0000000000000000       -8.5971930514786320E-012   0.0000000000000000        0.0000000000000000        1562.5000000000000        1.0000000000000002E-010   15624999999999.996        12.496493801353393        187447407020.30087        6.1785374551744009E-005   0.0000000000000000        0.0000000000000000        0.0000000000000000        2.1710997727640102E-026   0.0000000000000000        0.0000000000000000        0.0000000000000000     
  -367183980000000.56        0.0000000000000000        0.0000000000000000        320000.00000000000        0.0000000000000000        0.0000000000000000       -1.4310760840679166E-011   0.0000000000000000        0.0000000000000000        1562.5000000000000        1.0000000000000002E-010   15624999999999.996        12.496493817886508        187447407268.29758        6.1785374968098569E-005   0.0000000000000000        0.0000000000000000        0.0000000000000000        3.5803709642611787E-026   0.0000000000000000        0.0000000000000000        0.0000000000000000     
  -351558980000000.56        0.0000000000000000        0.0000000000000000        320000.00000000000        0.0000000000000000        0.0000000000000000       -2.3359930801390474E-011   0.0000000000000000        0.0000000000000000        1562.5000000000000        1.0000000000000000E-010   15625000000000.000        12.496493845226306        187447407678.39456        6.1785375650212250E-005   0.0000000000000000        0.0000000000000000        0.0000000000000000        5.7916514610798868E-026   0.0000000000000000        0.0000000000000000        0.0000000000000000     
  -335933980000000.56        0.0000000000000000        0.0000000000000000        320000.00000000000        0.0000000000000000        0.0000000000000000       -3.7802569711831250E-011   0.0000000000000000        0.0000000000000000        1562.5000000000000        1.0000000000000000E-010   15625000000000.000        12.496493889493772        187447408342.40656        6.1785376744647271E-005   0.0000000000000000        0.0000000000000000        0.0000000000000000        9.2920617525647312E-026   0.0000000000000000        0.0000000000000000        0.0000000000000000     
  -320308980000000.56        0.0000000000000000        0.0000000000000000        320000.00000000000        0.0000000000000000        0.0000000000000000       -6.0482892183989082E-011   0.0000000000000000        0.0000000000000000        1562.5000000000000        1.0000000000000000E-010   15625000000000.000        12.496493961270959        187447409419.06436        6.1785378504949963E-005   0.0000000000000000        0.0000000000000000        0.0000000000000000        1.4729683987281525E-025   0.0000000000000000        0.0000000000000000        0.0000000000000000     
  -304683980000000.56        0.0000000000000000        0.0000000000000000        320000.00000000000        0.0000000000000000        0.0000000000000000       -9.6488458539547705E-011   0.0000000000000000        0.0000000000000000        1562.5000000000000        1.0000000000000000E-010   15625000000000.000        12.496494075024705        187447411125.37057        6.1785381265953005E-005   0.0000000000000000        0.0000000000000000        0.0000000000000000        2.3289547167962973E-025   0.0000000000000000        0.0000000000000000        0.0000000000000000     
  -289058980000000.56        0.0000000000000000        0.0000000000000000        320000.00000000000        0.0000000000000000        0.0000000000000000       -1.5166264447059228E-010   0.0000000000000000        0.0000000000000000        1562.5000000000000        1.0000000000000000E-010   15625000000000.000        12.496494258007063        187447413870.10593        6.1785385673469864E-005   0.0000000000000000        0.0000000000000000        0.0000000000000000        3.6246687252500473E-025   0.0000000000000000        0.0000000000000000        0.0000000000000000     
  -273433980000000.56        0.0000000000000000        0.0000000000000000        320000.00000000000        0.0000000000000000        0.0000000000000000       -2.3891754074402687E-010   0.0000000000000000        0.0000000000000000        1562.5000000000000        1.0000000000000000E-010   15625000000000.000        12.496494540420771        187447418106.31155        6.1785392395250142E-005   0.0000000000000000        0.0000000000000000        0.0000000000000000        5.6589155052449290E-025   0.0000000000000000        0.0000000000000000        0.0000000000000000     
  -257808980000000.56        0.0000000000000000        0.0000000000000000        320000.00000000000        0.0000000000000000        0.0000000000000000       -3.6769149997656573E-010   0.0000000000000000        0.0000000000000000        1562.5000000000000        1.0000000000000000E-010   15625000000000.000        12.496494994614157        187447424919.21231        6.1785403137055794E-005   0.0000000000000000        0.0000000000000000        0.0000000000000000        8.6168655883944267E-025   0.0000000000000000        0.0000000000000000        0.0000000000000000     
  -242183980000000.56        0.0000000000000000        0.0000000000000000        320000.00000000000        0.0000000000000000        0.0000000000000000       -5.7294872443928092E-010   0.0000000000000000        0.0000000000000000        1562.5000000000000        1.0000000000000002E-010   15624999999999.996        12.496495668290830        187447435024.36240        6.1785418839425157E-005   0.0000000000000000        0.0000000000000000        0.0000000000000000        1.3308177923019557E-024   0.0000000000000000        0.0000000000000000        0.0000000000000000     
  -226558980000000.56        0.0000000000000000        0.0000000000000000        320000.00000000000        0.0000000000000000        0.0000000000000000       -8.5806909678266771E-010   0.0000000000000000        0.0000000000000000        1562.5000000000000        1.0000000000000000E-010   15625000000000.000        12.496496767629926        187447451514.44888        6.1785444364179275E-005   0.0000000000000000        0.0000000000000000        0.0000000000000000        1.9700769043823219E-024   0.0000000000000000        0.0000000000000000        0.0000000000000000     
  -210933980000000.56        0.0000000000000000        0.0000000000000000        320000.00000000000        0.0000000000000000        0.0000000000000000       -1.3273057543761617E-009   0.0000000000000000        0.0000000000000000        1562.5000000000000        1.0000000000000002E-010   15624999999999.996        12.496498295673939        187447474435.10904        6.1785479180687445E-005   0.0000000000000000        0.0000000000000000        0.0000000000000000        3.0213938817944096E-024   0.0000000000000000        0.0000000000000000        0.0000000000000000     
  -195308980000000.56        0.0000000000000000        0.0000000000000000        320000.00000000000        0.0000000000000000        0.0000000000000000       -1.9156297498709638E-009   0.0000000000000000        0.0000000000000000        1562.5000000000000        1.0000000000000000E-010   15625000000000.000        12.496500898127850        187447513471.91772        6.1785538503272063E-005   0.0000000000000000        0.0000000000000000        0.0000000000000000        4.3052947309649150E-024   0.0000000000000000        0.0000000000000000        0.0000000000000000     
  -179683980000000.56        0.0000000000000000        0.0000000000000000        320000.00000000000        0.0000000000000000        0.0000000000000000       -2.9614148155423402E-009   0.0000000000000000        0.0000000000000000        1562.5000000000000        1.0000000000000000E-010   15625000000000.000        12.496504136899750        187447562053.49625        6.1785610471202945E-005   0.0000000000000000        0.0000000000000000        0.0000000000000000        6.6019294839986256E-024   0.0000000000000000        0.0000000000000000        0.0000000000000000     
  -164058980000000.56        0.0000000000000000        0.0000000000000000        320000.00000000000        0.0000000000000000        0.0000000000000000       -4.0597783627268745E-009   0.0000000000000000        0.0000000000000000        1562.5000000000000        1.0000000000000000E-010   15625000000000.000        12.496510190949362        187447652864.24042        6.1785745944548378E-005   0.0000000000000000        0.0000000000000000        0.0000000000000000        8.9256414929428710E-024   0.0000000000000000        0.0000000000000000        0.0000000000000000     
  -148433980000000.56        0.0000000000000000        0.0000000000000000        320000.00000000000        0.0000000000000000        0.0000000000000000       -6.3378264919287648E-009   0.0000000000000000        0.0000000000000000        1562.5000000000000        1.0000000000000000E-010   15625000000000.000        12.496516419689131        187447746295.33694        6.1785880491480798E-005   0.0000000000000000        0.0000000000000000        0.0000000000000000        1.3826104552591178E-023   0.0000000000000000        0.0000000000000000        0.0000000000000000     
  -132808980000000.56        0.0000000000000000        0.0000000000000000        320000.00000000000        0.0000000000000000        0.0000000000000000       -8.0959664917078844E-009   0.0000000000000000        0.0000000000000000        1562.5000000000000        1.0000000000000002E-010   15624999999999.996        12.496530310806985        187447954662.10474        6.1786185416053395E-005   0.0000000000000000        0.0000000000000000        0.0000000000000000        1.7409204352709000E-023   0.0000000000000000        0.0000000000000000        0.0000000000000000     
  -117183980000000.56        0.0000000000000000        0.0000000000000000        320000.00000000000        0.0000000000000000        0.0000000000000000       -1.2923998876295750E-008   0.0000000000000000        0.0000000000000000        1562.5000000000000        1.0000000000000002E-010   15624999999999.996        12.496540605088601        187448109076.32898        6.1786400545359990E-005   0.0000000000000000        0.0000000000000000        0.0000000000000000        2.7562741890874036E-023   0.0000000000000000        0.0000000000000000        0.0000000000000000     
  -101558980000000.56        0.0000000000000000        0.0000000000000000        320000.00000000000        0.0000000000000000        0.0000000000000000       -1.5068610453427079E-008   0.0000000000000000        0.0000000000000000        1562.5000000000000        1.0000000000000000E-010   15625000000000.000        12.496571933521881        187448579002.82819        6.1787073857388721E-005   0.0000000000000000        0.0000000000000000        0.0000000000000000        3.1716141727064890E-023   0.0000000000000000        0.0000000000000000        0.0000000000000000     
  -85933980000000.562        0.0000000000000000        0.0000000000000000        320000.00000000000        0.0000000000000000        0.0000000000000000       -2.4810611461569294E-008   0.0000000000000000        0.0000000000000000        1562.5000000000000        9.9999999999999965E-011   15625000000000.004        12.496584839052721        187448772585.79086        6.1787332106336623E-005   0.0000000000000000        0.0000000000000000        0.0000000000000000        5.1683391315513778E-023   0.0000000000000000        0.0000000000000000        0.0000000000000000     
  -70308980000000.547        0.0000000000000000        0.0000000000000000        320000.00000000000        0.0000000000000000        0.0000000000000000       -2.6040722579804745E-008   0.0000000000000000        0.0000000000000000        1562.5000000000000        9.9999999999999965E-011   15625000000000.004        12.496653040093387        187449795601.40085        6.1788763359434717E-005   0.0000000000000000        0.0000000000000000        0.0000000000000000        5.3834699923766165E-023   0.0000000000000000        0.0000000000000000        0.0000000000000000     
  -54683980000000.547        0.0000000000000000        0.0000000000000000        320000.00000000000        0.0000000000000000        0.0000000000000000       -2.4219692217833537E-009   0.0000000000000000        0.0000000000000000        1562.5000000000000        1.0000000004775096E-010   15624999992538.912        12.496660014385002        187449900126.26587        6.1788886796643346E-005   0.0000000000000000        0.0000000000000000        0.0000000000000000        8.9432218342077351E-023   0.0000000000000000        0.0000000000000000        0.0000000000000000     
  -39058980000000.547        0.0000000000000000        0.0000000000000000        319999.99954011565        0.0000000000000000        0.0000000000000000       -7.4546389129989097E-008   0.0000000000000000        0.0000000000000000        1562.5000000000000        1.0000000100318936E-010   15624999843251.662        12.496798410836309        187451974282.04636        6.1791714966792901E-005   0.0000000000000000        0.0000000000000000        0.0000000000000000        8.5622215289886778E-023   0.0000000000000000        0.0000000000000000        0.0000000000000000     
  -23433980179066.660        0.0000000000000000        0.0000000000000000        319967.37593426014        0.0000000000000000        0.0000000000000000       -2.9681808835016386E-003   0.0000000000000000        0.0000000000000000        1562.5000000000000        1.0000188354380689E-010   15624705701823.410        12.497025559361258        187451852652.65732        6.1791353114626710E-005   0.0000000000000000        0.0000000000000000        0.0000000000000000        1.3935791103148687E-022   0.0000000000000000        0.0000000000000000        0.0000000000000000     
  -7808981971299.0107        0.0000000000000000        0.0000000000000000        319641.65961960598        0.0000000000000000        0.0000000000000000       -3.2555217291556582E-002   0.0000000000000000        0.0000000000000000        1562.5000000000000        1.0002065228146410E-010   15621773747316.021        12.499704047372779        187456846595.00916        6.1796208509402360E-005   0.0000000000000000        0.0000000000000000        0.0000000000000000        1.2851015734354029E-022   0.0000000000000000        0.0000000000000000        0.0000000000000000     
   7808981971299.0107        0.0000000000000000        0.0000000000000000       -319641.65961960598        0.0000000000000000        0.0000000000000000        3.2555217291556582E-002   0.0000000000000000        0.0000000000000000        1562.5000000000000        1.0002065228146410E-010   15621773747316.021        12.499704047372779        187456846595.00916        6.1796208509402360E-005   0.0000000000000000        0.0000000000000000        0.0000000000000000       -1.2851015734354029E-022   0.0000000000000000        0.0000000000000000        0.0000000000000000     
   23433980179066.660        0.0000000000000000        0.0000000000000000       -319967.37593426014        0.0000000000000000        0.0000000000000000        2.9681808835016333E-003   0.0000000000000000        0.0000000000000000        1562.5000000000000        1.0000188354380689E-010   15624705701823.410        12.497025559361258        187451852652.65732        6.1791353114626710E-005   0.0000000000000000        0.0000000000000000        0.0000000000000000       -1.3935791103148687E-022   0.0000000000000000        0.0000000000000000        0.0000000000000000     
   39058980000000.547        0.0000000000000000        0.0000000000000000       -319999.99954011565        0.0000000000000000        0.0000000000000000        7.4546389137144831E-008   0.0000000000000000        0.0000000000000000        1562.5000000000000        1.0000000100318933E-010   15624999843251.670        12.496798410836307        187451974282.04636        6.1791714966792901E-005   0.0000000000000000        0.0000000000000000        0.0000000000000000       -8.5622215289886766E-023   0.0000000000000000        0.0000000000000000        0.0000000000000000     
   54683980000000.547        0.0000000000000000        0.0000000000000000       -320000.00000000000        0.0000000000000000        0.0000000000000000        2.4219692187475877E-009   0.0000000000000000        0.0000000000000000        1562.5000000000000        1.0000000004775096E-010   15624999992538.912        12.496660014385002        187449900126.26587        6.1788886796643346E-005   0.0000000000000000        0.0000000000000000        0.0000000000000000       -8.9432218342077351E-023   0.0000000000000000        0.0000000000000000        0.0000000000000000     
   70308980000000.547        0.0000000000000000        0.0000000000000000       -320000.00000000000        0.0000000000000000        0.0000000000000000        2.6040722581539468E-008   0.0000000000000000        0.0000000000000000        1562.5000000000000        9.9999999999999965E-011   15625000000000.004        12.496653040093387        187449795601.40085        6.1788763359434717E-005   0.0000000000000000        0.0000000000000000        0.0000000000000000       -5.3834699923766165E-023   0.0000000000000000        0.0000000000000000        0.0000000000000000     
   85933980000000.562        0.0000000000000000        0.0000000000000000       -320000.00000000000        0.0000000000000000        0.0000000000000000        2.4810611461569294E-008   0.0000000000000000        0.0000000000000000        1562.5000000000000        9.9999999999999965E-011   15625000000000.004        12.496584839052721        187448772585.79086        6.1787332106336623E-005   0.0000000000000000        0.0000000000000000        0.0000000000000000       -5.1683391315513778E-023   0.0000000000000000        0.0000000000000000        0.0000000000000000     
   101558980000000.56        0.0000000000000000        0.0000000000000000       -320000.00000000000        0.0000000000000000        0.0000000000000000        1.5068610453427079E-008   0.0000000000000000        0.0000000000000000        1562.5000000000000        1.0000000000000000E-010   15625000000000.000        12.496571933521881        187448579002.82819        6.1787073857388721E-005   0.0000000000000000        0.0000000000000000        0.0000000000000000       -3.1716141727064890E-023   0.0000000000000000        0.0000000000000000        0.0000000000000000     
   117183980000000.56        0.0000000000000000        0.0000000000000000       -320000.00000000000        0.0000000000000000        0.0000000000000000        1.2923998876295750E-008   0.0000000000000000        0.0000000000000000        1562.5000000000000        1.0000000000000002E-010   15624999999999.996        12.496540605088601        187448109076.32898        6.1786400545359990E-005   0.0000000000000000        0.0000000000000000        0.0000000000000000       -2.7562741890874036E-023   0.0000000000000000        0.0000000000000000        0.0000000000000000     
   132808980000000.56        0.0000000000000000        0.0000000000000000       -320000.00000000000        0.0000000000000000        0.0000000000000000        8.0959664917078844E-009   0.0000000000000000        0.0000000000000000        1562.5000000000000        1.0000000000000002E-010   15624999999999.996        12.496530310806985        187447954662.10474        6.1786185416053395E-005   0.0000000000000000        0.0000000000000000        0.0000000000000000       -1.7409204352709000E-023   0.0000000000000000        0.0000000000000000        0.0000000000000000     
   148433980000000.56        0.0000000000000000        0.0000000000000000       -320000.00000000000        0.0000000000000000        0.0000000000000000        6.3378264910614031E-009   0.0000000000000000        0.0000000000000000        1562.5000000000000        1.0000000000000000E-010   15625000000000.000        12.496516419689131        187447746295.33694        6.1785880491480798E-005   0.0000000000000000        0.0000000000000000        0.0000000000000000       -1.3826104552591178E-023   0.0000000000000000        0.0000000000000000        0.0000000000000000     
   164058980000000.56        0.0000000000000000        0.0000000000000000       -320000.00000000000        0.0000000000000000        0.0000000000000000        4.0597783627268745E-009   0.0000000000000000        0.0000000000000000        1562.5000000000000        1.0000000000000000E-010   15625000000000.000        12.496510190949362        187447652864.24042        6.1785745944548378E-005   0.0000000000000000        0.0000000000000000        0.0000000000000000       -8.9256414929428710E-024   0.0000000000000000        0.0000000000000000        0.0000000000000000     
   179683980000000.56        0.0000000000000000        0.0000000000000000       -320000.00000000000        0.0000000000000000        0.0000000000000000        2.9614148147833987E-009   0.0000000000000000        0.0000000000000000        1562.5000000000000        1.0000000000000000E-010   15625000000000.000        12.496504136899750        187447562053.49625        6.1785610471202945E-005   0.0000000000000000        0.0000000000000000        0.0000000000000000       -6.6019294839986256E-024   0.0000000000000000        0.0000000000000000        0.0000000000000000     
   195308980000000.56        0.0000000000000000        0.0000000000000000       -320000.00000000000        0.0000000000000000        0.0000000000000000        1.9156297533404108E-009   0.0000000000000000        0.0000000000000000        1562.5000000000000        1.0000000000000000E-010   15625000000000.000        12.496500898127850        187447513471.91772        6.1785538503272063E-005   0.0000000000000000        0.0000000000000000        0.0000000000000000       -4.3052947309649143E-024   0.0000000000000000        0.0000000000000000        0.0000000000000000     
   210933980000000.56        0.0000000000000000        0.0000000000000000       -320000.00000000000        0.0000000000000000        0.0000000000000000        1.3273057541937887E-009   0.0000000000000000        0.0000000000000000        1562.5000000000000        1.0000000000000000E-010   15625000000000.000        12.496498295673936        187447474435.10904        6.1785479180687445E-005   0.0000000000000000        0.0000000000000000        0.0000000000000000       -3.0213938817944104E-024   0.0000000000000000        0.0000000000000000        0.0000000000000000     
   226558980000000.56        0.0000000000000000        0.0000000000000000       -320000.00000000000        0.0000000000000000        0.0000000000000000        8.5806909710792846E-010   0.0000000000000000        0.0000000000000000        1562.5000000000000        1.0000000000000000E-010   15625000000000.000        12.496496767629926        187447451514.44888        6.1785444364179275E-005   0.0000000000000000        0.0000000000000000        0.0000000000000000       -1.9700769043823219E-024   0.0000000000000000        0.0000000000000000        0.0000000000000000     
   242183980000000.56        0.0000000000000000        0.0000000000000000       -320000.00000000000        0.0000000000000000        0.0000000000000000        5.7294872325557460E-010   0.0000000000000000        0.0000000000000000        1562.5000000000000        1.0000000000000000E-010   15625000000000.000        12.496495668290828        187447435024.36240        6.1785418839425157E-005   0.0000000000000000        0.0000000000000000        0.0000000000000000       -1.3308177923019557E-024   0.0000000000000000        0.0000000000000000        0.0000000000000000     
   257808980000000.56        0.0000000000000000        0.0000000000000000       -320000.00000000000        0.0000000000000000        0.0000000000000000        3.6769149683809183E-010   0.0000000000000000        0.0000000000000000        1562.5000000000000        1.0000000000000002E-010   15624999999999.996        12.496494994614157        187447424919.21231        6.1785403137055794E-005   0.0000000000000000        0.0000000000000000        0.0000000000000000       -8.6168655883944249E-025   0.0000000000000000        0.0000000000000000        0.0000000000000000     
   273433980000000.56        0.0000000000000000        0.0000000000000000       -320000.00000000000        0.0000000000000000        0.0000000000000000        2.3891754020192589E-010   0.0000000000000000        0.0000000000000000        1562.5000000000000        1.0000000000000000E-010   15625000000000.000        12.496494540420771        187447418106.31155        6.1785392395250142E-005   0.0000000000000000        0.0000000000000000        0.0000000000000000       -5.6589155052449290E-025   0.0000000000000000        0.0000000000000000        0.0000000000000000     
   289058980000000.56        0.0000000000000000        0.0000000000000000       -320000.00000000000        0.0000000000000000        0.0000000000000000        1.5166264400258517E-010   0.0000000000000000        0.0000000000000000        1562.5000000000000        1.0000000000000002E-010   15624999999999.996        12.496494258007065        187447413870.10593        6.1785385673469864E-005   0.0000000000000000        0.0000000000000000        0.0000000000000000       -3.6246687252500464E-025   0.0000000000000000        0.0000000000000000        0.0000000000000000     
   304683980000000.56        0.0000000000000000        0.0000000000000000       -320000.00000000000        0.0000000000000000        0.0000000000000000        9.6488461358473354E-011   0.0000000000000000        0.0000000000000000        1562.5000000000000        1.0000000000000000E-010   15625000000000.000        12.496494075024705        187447411125.37057        6.1785381265953005E-005   0.0000000000000000        0.0000000000000000        0.0000000000000000       -2.3289547167962973E-025   0.0000000000000000        0.0000000000000000        0.0000000000000000     
   320308980000000.56        0.0000000000000000        0.0000000000000000       -320000.00000000000        0.0000000000000000        0.0000000000000000        6.0482891750308213E-011   0.0000000000000000        0.0000000000000000        1562.5000000000000        1.0000000000000000E-010   15625000000000.000        12.496493961270959        187447409419.06436        6.1785378504949963E-005   0.0000000000000000        0.0000000000000000        0.0000000000000000       -1.4729683987281528E-025   0.0000000000000000        0.0000000000000000        0.0000000000000000     
   335933980000000.56        0.0000000000000000        0.0000000000000000       -320000.00000000000        0.0000000000000000        0.0000000000000000        3.7802569711831250E-011   0.0000000000000000        0.0000000000000000        1562.5000000000000        1.0000000000000000E-010   15625000000000.000        12.496493889493772        187447408342.40656        6.1785376744647271E-005   0.0000000000000000        0.0000000000000000        0.0000000000000000       -9.2920617525647312E-026   0.0000000000000000        0.0000000000000000        0.0000000000000000     
   351558980000000.56        0.0000000000000000        0.0000000000000000       -320000.00000000000        0.0000000000000000        0.0000000000000000        2.3359930801390474E-011   0.0000000000000000        0.0000000000000000        1562.5000000000000        1.0000000000000000E-010   15625000000000.000        12.496493845226306        187447407678.39456        6.1785375650212250E-005   0.0000000000000000        0.0000000000000000        0.0000000000000000       -5.7916514610798868E-026   0.0000000000000000        0.0000000000000000        0.0000000000000000     
   367183980000000.56        0.0000000000000000        0.0000000000000000       -320000.00000000000        0.0000000000000000        0.0000000000000000        1.4310760840679166E-011   0.0000000000000000        0.0000000000000000        1562.5000000000000        1.0000000000000002E-010   15624999999999.996        12.496493817886508        187447407268.29758        6.1785374968098569E-005   0.0000000000000000        0.0000000000000000        0.0000000000000000       -3.5803709642611787E-026   0.0000000000000000        0.0000000000000000        0.0000000000000000     
   382808980000000.56        0.0000000000000000        0.0000000000000000       -320000.00000000000        0.0000000000000000        0.0000000000000000        8.5971930514786320E-012   0.0000000000000000        0.0000000000000000        1562.5000000000000        1.0000000000000002E-010   15624999999999.996        12.496493801353393        187447407020.30087        6.1785374551744009E-005   0.0000000000000000        0.0000000000000000        0.0000000000000000       -2.1710997727640102E-026   0.0000000000000000        0.0000000000000000        0.0000000000000000     
   398433980000000.56        0.0000000000000000        0.0000000000000000       -320000.00000000000        0.0000000000000000        0.0000000000000000        5.0253017457643552E-012   0.0000000000000000        0.0000000000000000        1562.5000000000000        1.0000000000000000E-010   15625000000000.000        12.496493791573807        187447406873.60706        6.1785374302938557E-005   0.0000000000000000        0.0000000000000000        0.0000000000000000       -1.2777144396044585E-026   0.0000000000000000        0.0000000000000000        0.0000000000000000     
   414058980000000.56        0.0000000000000000        0.0000000000000000       -320000.00000000000        0.0000000000000000        0.0000000000000000        2.6802732628384297E-012   0.0000000000000000        0.0000000000000000        1562.5000000000000        1.0000000000000000E-010   15625000000000.000        12.496493785961352        187447406789.42026        6.1785374160188217E-005   0.0000000000000000        0.0000000000000000        0.0000000000000000       -6.8728240691188576E-027   0.0000000000000000        0.0000000000000000        0.0000000000000000     
   429683980000000.56        0.0000000000000000        0.0000000000000000       -320000.00000000000        0.0000000000000000        0.0000000000000000        9.8735885625761496E-013   0.0000000000000000        0.0000000000000000        1562.5000000000000        1.0000000000000000E-010   15625000000000.000        12.496493783359744        187447406750.39615        6.1785374092227348E-005   0.0000000000000000        0.0000000000000000        0.0000000000000000       -2.5901623510946049E-027   0.0000000000000000        0.0000000000000000        0.0000000000000000     
   445308980000000.56        0.0000000000000000        0.0000000000000000       -320000.00000000000        0.0000000000000000        0.0000000000000000       -3.2236308222584271E-013   0.0000000000000000        0.0000000000000000        1562.5000000000000        1.0000000000000000E-010   15625000000000.000        12.496493782984645        187447406744.76965        6.1785374081547076E-005   0.0000000000000000        0.0000000000000000        0.0000000000000000        8.5717479121616406E-028   0.0000000000000000        0.0000000000000000        0.0000000000000000     
   460933980000000.56        0.0000000000000000        0.0000000000000000       -320000.00000000000        0.0000000000000000        0.0000000000000000       -1.8069295154803939E-012   0.0000000000000000        0.0000000000000000        1562.5000000000000        1.0000000000000000E-010   15625000000000.000        12.496493784315247        187447406764.72870        6.1785374118039085E-005   0.0000000000000000        0.0000000000000000        0.0000000000000000        4.6436153533502271E-027   0.0000000000000000        0.0000000000000000        0.0000000000000000     
   476558980000000.56        0.0000000000000000        0.0000000000000000       -320000.00000000000        0.0000000000000000        0.0000000000000000       -3.8095363075471489E-012   0.0000000000000000        0.0000000000000000        1562.5000000000000        1.0000000000000000E-010   15625000000000.000        12.496493788494837        187447406827.42252        6.1785374223511397E-005   0.0000000000000000        0.0000000000000000        0.0000000000000000        9.6385793227002349E-027   0.0000000000000000        0.0000000000000000        0.0000000000000000     
   492183980000000.56        0.0000000000000000        0.0000000000000000       -320000.00000000000        0.0000000000000000        0.0000000000000000       -6.6428998287570529E-012   0.0000000000000000        0.0000000000000000        1562.5000000000000        1.0000000000000002E-010   15624999999999.996        12.496493796017154        187447406940.25726        6.1785374413939894E-005   0.0000000000000000        0.0000000000000000        0.0000000000000000        1.6763426765054505E-026   0.0000000000000000        0.0000000000000000        0.0000000000000000     
   507808980000000.56        0.0000000000000000        0.0000000000000000       -320000.00000000000        0.0000000000000000        0.0000000000000000       -1.1138260490086448E-011   0.0000000000000000        0.0000000000000000        1562.5000000000000        1.0000000000000002E-010   15624999999999.996        12.496493808821885        187447407132.32822        6.1785374737006229E-005   0.0000000000000000        0.0000000000000000        0.0000000000000000        2.7891088310444396E-026   0.0000000000000000        0.0000000000000000        0.0000000000000000     
   523433980000000.56        0.0000000000000000        0.0000000000000000       -320000.00000000000        0.0000000000000000        0.0000000000000000       -1.8265968147133437E-011   0.0000000000000000        0.0000000000000000        1562.5000000000000        1.0000000000000000E-010   15625000000000.000        12.496493830151271        187447407452.26904        6.1785375269375801E-005   0.0000000000000000        0.0000000000000000        0.0000000000000000        4.5341079415311958E-026   0.0000000000000000        0.0000000000000000        0.0000000000000000     
   539058980000000.56        0.0000000000000000        0.0000000000000000       -320000.00000000000        0.0000000000000000        0.0000000000000000       -2.9565137051603519E-011   0.0000000000000000        0.0000000000000000        1562.5000000000000        9.9999999999999861E-011   15625000000000.021        12.496493864834802        187447407972.52228        6.1785376128310442E-005   0.0000000000000000        0.0000000000000000        0.0000000000000000        7.2778682277777859E-026   0.0000000000000000        0.0000000000000000        0.0000000000000000     
   554683980000000.56        0.0000000000000000        0.0000000000000000       -320000.00000000000        0.0000000000000000        0.0000000000000000       -4.7448956948912977E-011   0.0000000000000000        0.0000000000000000        1562.5000000000000        9.9999999999998724E-011   15625000000000.199        12.496493920853904        187447408812.81094        6.1785377503802542E-005   0.0000000000000000        0.0000000000000000        0.0000000000000000        1.1578104725685587E-025   0.0000000000000000        0.0000000000000000        0.0000000000000000     
   570308980000001.00        0.0000000000000000        0.0000000000000000       -320000.00000000000        0.0000000000000000        0.0000000000000000       -7.5583674930830635E-011   0.0000000000000000        0.0000000000000000        1562.5000000000000        9.9999999999998698E-011   15625000000000.203        12.496494010480225        187447410157.20581        6.1785379684744669E-005   0.0000000000000000        0.0000000000000000        0.0000000000000000        1.8279480692416981E-025   0.0000000000000000        0.0000000000000000        0.0000000000000000     
   585933980000001.00        0.0000000000000000        0.0000000000000000       -320000.00000000000        0.0000000000000000        0.0000000000000000       -1.1942291383477574E-010   0.0000000000000000        0.0000000000000000        1562.5000000000000        9.9999999999999861E-011   15625000000000.021        12.496494153027291        187447412295.40961        6.1785383122926253E-005   0.0000000000000000        0.0000000000000000        0.0000000000000000        2.8618295302261752E-025   0.0000000000000000        0.0000000000000000        0.0000000000000000     
   601558980000001.00        0.0000000000000000        0.0000000000000000       -320000.00000000000        0.0000000000000000        0.0000000000000000       -1.8738475860867439E-010   0.0000000000000000        0.0000000000000000        1562.5000000000000        1.0000000000000000E-010   15625000000000.000        12.496494377457150        187447415661.85724        6.1785388485125937E-005   0.0000000000000000        0.0000000000000000        0.0000000000000000        4.4491939447625688E-025   0.0000000000000000        0.0000000000000000        0.0000000000000000     
   617183980000001.00        0.0000000000000000        0.0000000000000000       -320000.00000000000        0.0000000000000000        0.0000000000000000       -2.9128714466954272E-010   0.0000000000000000        0.0000000000000000        1562.5000000000000        1.0000000000000002E-010   15624999999999.996        12.496494729406910        187447420941.10361        6.1785396818597247E-005   0.0000000000000000        0.0000000000000000        0.0000000000000000        6.8500209060428943E-025   0.0000000000000000        0.0000000000000000        0.0000000000000000     
   632808980000001.00        0.0000000000000000        0.0000000000000000       -320000.00000000000        0.0000000000000000        0.0000000000000000       -4.4981529262711313E-010   0.0000000000000000        0.0000000000000000        1562.5000000000000        1.0000000000000002E-010   15624999999999.996        12.496495273559114        187447429103.38666        6.1785409572807655E-005   0.0000000000000000        0.0000000000000000        0.0000000000000000        1.0477191789206676E-024   0.0000000000000000        0.0000000000000000        0.0000000000000000     
   648433980000001.00        0.0000000000000000        0.0000000000000000       -320000.00000000000        0.0000000000000000        0.0000000000000000       -6.8646202556692462E-010   0.0000000000000000        0.0000000000000000        1562.5000000000000        1.0000000000000000E-010   15625000000000.000        12.496496115190082        187447441727.85123        6.1785429121893055E-005   0.0000000000000000        0.0000000000000000        0.0000000000000000        1.5827491512866951E-024   0.0000000000000000        0.0000000000000000        0.0000000000000000     
   664058980000001.00        0.0000000000000000        0.0000000000000000       -320000.00000000000        0.0000000000000000        0.0000000000000000       -1.0419377588712229E-009   0.0000000000000000        0.0000000000000000        1562.5000000000000        1.0000000000000000E-010   15625000000000.000        12.496497387568029        187447460813.52042        6.1785458346859956E-005   0.0000000000000000        0.0000000000000000        0.0000000000000000        2.3787119602606403E-024   0.0000000000000000        0.0000000000000000        0.0000000000000000     
   679683980000001.00        0.0000000000000000        0.0000000000000000       -320000.00000000000        0.0000000000000000        0.0000000000000000       -1.5560193028349191E-009   0.0000000000000000        0.0000000000000000        1562.5000000000000        1.0000000000000000E-010   15625000000000.000        12.496499331445929        187447489971.68890        6.1785502609005961E-005   0.0000000000000000        0.0000000000000000        0.0000000000000000        3.5140703619554457E-024   0.0000000000000000        0.0000000000000000        0.0000000000000000     
   695308980000001.00        0.0000000000000000        0.0000000000000000       -320000.00000000000        0.0000000000000000        0.0000000000000000       -2.3188130688093405E-009   0.0000000000000000        0.0000000000000000        1562.5000000000000        1.0000000000000000E-010   15625000000000.000        12.496502183369270        187447532750.53900        6.1785566718663688E-005   0.0000000000000000        0.0000000000000000        0.0000000000000000        5.1839468321289435E-024   0.0000000000000000        0.0000000000000000        0.0000000000000000     
   710933980000001.00        0.0000000000000000        0.0000000000000000       -320000.00000000000        0.0000000000000000        0.0000000000000000       -3.3728503588628396E-009   0.0000000000000000        0.0000000000000000        1562.5000000000000        1.0000000000000000E-010   15625000000000.000        12.496506507462231        187447597611.93344        6.1785663180241468E-005   0.0000000000000000        0.0000000000000000        0.0000000000000000        7.4529086693736350E-024   0.0000000000000000        0.0000000000000000        0.0000000000000000     
   726558980000001.00        0.0000000000000000        0.0000000000000000       -320000.00000000000        0.0000000000000000        0.0000000000000000       -4.9318356577468133E-009   0.0000000000000000        0.0000000000000000        1562.5000000000000        1.0000000000000000E-010   15625000000000.000        12.496512582247108        187447688733.70660        6.1785796614566933E-005   0.0000000000000000        0.0000000000000000        0.0000000000000000        1.0786447551951125E-023   0.0000000000000000        0.0000000000000000        0.0000000000000000     
   742183980000001.00        0.0000000000000000        0.0000000000000000       -320000.00000000000        0.0000000000000000        0.0000000000000000       -6.9391202636096179E-009   0.0000000000000000        0.0000000000000000        1562.5000000000000        1.0000000000000000E-010   15625000000000.000        12.496521823624450        187447827354.36673        6.1785998490724529E-005   0.0000000000000000        0.0000000000000000        0.0000000000000000        1.4985281994089301E-023   0.0000000000000000        0.0000000000000000        0.0000000000000000     
   757808980000001.00        0.0000000000000000        0.0000000000000000       -320000.00000000000        0.0000000000000000        0.0000000000000000       -9.9584413410488848E-009   0.0000000000000000        0.0000000000000000        1562.5000000000000        1.0000000000000002E-010   15624999999999.996        12.496533964235924        187448009463.53882        6.1786258531665064E-005   0.0000000000000000        0.0000000000000000        0.0000000000000000        2.1285337742371618E-023   0.0000000000000000        0.0000000000000000        0.0000000000000000     
   773433980000001.00        0.0000000000000000        0.0000000000000000       -320000.00000000000        0.0000000000000000        0.0000000000000000       -1.3418486830199798E-008   0.0000000000000000        0.0000000000000000        1562.5000000000000        1.0000000000000000E-010   15625000000000.000        12.496552902710688        187448293540.66031        6.1786663490007938E-005   0.0000000000000000        0.0000000000000000        0.0000000000000000        2.8286941265496437E-023   0.0000000000000000        0.0000000000000000        0.0000000000000000     
   789058980000001.00        0.0000000000000000        0.0000000000000000       -320000.00000000000        0.0000000000000000        0.0000000000000000       -1.8921898133474912E-008   0.0000000000000000        0.0000000000000000        1562.5000000000000        1.0000000000000002E-010   15624999999999.996        12.496575230274322        187448628454.11478        6.1787128623386230E-005   0.0000000000000000        0.0000000000000000        0.0000000000000000        3.9477537096743378E-023   0.0000000000000000        0.0000000000000000        0.0000000000000000     
   804683980000001.00        0.0000000000000000        0.0000000000000000       -320000.00000000000        0.0000000000000000        0.0000000000000000       -2.4086475392594342E-008   0.0000000000000000        0.0000000000000000        1562.5000000000000        1.0000000000000002E-010   15624999999999.996        12.496612352960794        187449185294.41187        6.1787905176487431E-005   0.0000000000000000        0.0000000000000000        0.0000000000000000        4.9510004949995852E-023   0.0000000000000000        0.0000000000000000        0.0000000000000000     
   820308980000001.00        0.0000000000000000        0.0000000000000000       -320000.00012799748        0.0000000000000000        0.0000000000000000       -3.3392120384972594E-008   0.0000000000000000        0.0000000000000000        1562.5000000000000        1.0000000000000000E-010   15625000000000.000        12.496649022138586        187449735332.07874        6.1788645743281409E-005   0.0000000000000000        0.0000000000000000        0.0000000000000000        6.7903931149809679E-023   0.0000000000000000        0.0000000000000000        0.0000000000000000     
   835933980000001.00        0.0000000000000000        0.0000000000000000       -320000.00028415979        0.0000000000000000        0.0000000000000000       -3.9498625943902763E-008   0.0000000000000000        0.0000000000000000        1562.5000000000000        1.0000000000000000E-010   15625000000000.000        12.496718149323522        187450772239.85281        6.1790058542912396E-005   0.0000000000000000        0.0000000000000000        0.0000000000000000        7.9130248225414639E-023   0.0000000000000000        0.0000000000000000        0.0000000000000000     
   851558980000001.00        0.0000000000000000        0.0000000000000000       -320000.00043528795        0.0000000000000000        0.0000000000000000       -5.3571304126607373E-008   0.0000000000000000        0.0000000000000000        1562.5000000000000        1.0000000000000000E-010   15625000000000.000        12.496769441637268        187451541624.55899        6.1791058933317758E-005   0.0000000000000000        0.0000000000000000        0.0000000000000000        1.0599732581133656E-022   0.0000000000000000        0.0000000000000000        0.0000000000000000     
   867183980000001.00        0.0000000000000000        0.0000000000000000       -320000.00051908538        0.0000000000000000        0.0000000000000000       -5.8079531332296333E-008   0.0000000000000000        0.0000000000000000        1562.5000000000000        1.0000000000000002E-010   15624999999999.996        12.496889351099759        187453340266.49634        6.1793447119208475E-005   0.0000000000000000        0.0000000000000000        0.0000000000000000        1.1341196797804105E-022   0.0000000000000000        0.0000000000000000        0.0000000000000000     
   882808980000001.00        0.0000000000000000        0.0000000000000000       -320000.00059203029        0.0000000000000000        0.0000000000000000       -7.5254300948582202E-008   0.0000000000000000        0.0000000000000000        1562.5000000000000        1.0000000000000002E-010   15624999999999.996        12.496945952629856        187454189289.44778        6.1794508977499875E-005   0.0000000000000000        0.0000000000000000        0.0000000000000000        1.4459306100636385E-022   0.0000000000000000        0.0000000000000000        0.0000000000000000     
   898433980000001.00        0.0000000000000000        0.0000000000000000       -320000.00095207489        0.0000000000000000        0.0000000000000000       -7.4795984253506358E-008   0.0000000000000000        0.0000000000000000        1562.5000000000000        1.0000000000000000E-010   15625000000000.000        12.497131003559335        187456965053.39001        6.1798087589082993E-005   0.0000000000000000        0.0000000000000000        0.0000000000000000        1.4248978346790135E-022   0.0000000000000000        0.0000000000000000        0.0000000000000000     
   914058980000001.00        0.0000000000000000        0.0000000000000000       -320000.00145781809        0.0000000000000000        0.0000000000000000       -8.7444464669001816E-008   0.0000000000000000        0.0000000000000000        1562.5000000000000        1.0000000000000000E-010   15625000000000.000        12.497174771866330        187457621577.99493        6.1798876632449960E-005   0.0000000000000000        0.0000000000000000        0.0000000000000000        1.6075290999385266E-022   0.0000000000000000        0.0000000000000000        0.0000000000000000     
   929683980000001.00        0.0000000000000000        0.0000000000000000       -320000.00168966700        0.0000000000000000        0.0000000000000000       -1.1815335890365549E-007   0.0000000000000000        0.0000000000000000        1562.5000000000000        1.0000000000000028E-010   15624999999999.957        12.497405909936829        187461088649.05191        6.1803204238508082E-005   0.0000000000000000        0.0000000000000000        0.0000000000000000        1.5047483289491291E-022   0.0000000000000000        0.0000000000000000        0.0000000000000000     
   945308980000001.00        0.0000000000000000        0.0000000000000000       -320001.02248945012        0.0000000000000000        0.0000000000000000       -5.2478133636434317E-005   0.0000000000000000        0.0000000000000000        1562.5000000000000        1.0000000000000265E-010   15624999999999.584        12.497429602019769        187461444030.29156        6.1803624824496685E-005   0.0000000000000000        0.0000000000000000        0.0000000000000000        1.2535381934392587E-022   0.0000000000000000        0.0000000000000000        0.0000000000000000     
   960933980000000.00        0.0000000000000000        0.0000000000000000       -320020.38196035428        0.0000000000000000        0.0000000000000000       -1.8525184892021576E-003   0.0000000000000000        0.0000000000000000        1562.5000000000000        9.9999999851199970E-011   15625000023250.004        12.497617211797175        187464258455.90451        6.1807033730951341E-005   0.0000000000000000        0.0000000000000000        0.0000000000000000        1.1706748681635235E-022   0.0000000000000000        0.0000000000000000        0.0000000000000000     
   976558980000001.12        0.0000000000000000        0.0000000000000000       -319993.61351414141        0.0000000000000000        0.0000000000000000        5.8068664797632881E-004   0.0000000000000000        0.0000000000000000        1562.5000000000000        9.9096866506108454E-011   15767400676626.699        12.384777711265654        187464722365.90207        6.1807589390271343E-005   0.0000000000000000        0.0000000000000000        0.0000000000000000        2.4521424858215441E-023   0.0000000000000000        0.0000000000000000        0.0000000000000000     
   992183980558000.00        0.0000000000000000        0.0000000000000000       -319894.81631303119        0.0000000000000000        0.0000000000000000        9.5616621653485719E-003   0.0000000000000000        0.0000000000000000        1562.5000000000000        6.8979862560301995E-011   22651538318651.555        8.6208554564021060        187464612201.83887        6.1807458887953908E-005   0.0000000000000000        0.0000000000000000        0.0000000000000000        1.0190647413054188E-023   0.0000000000000000        0.0000000000000000        0.0000000000000000     
