   46000.000000000000     
  -992172789927012.38        0.0000000000000000        0.0000000000000000        319560.16842229071        0.0000000000000000        0.0000000000000000       -9.5612159848805917E-003   0.0000000000000000        0.0000000000000000        1562.5000000000000        6.8979831915018201E-011   22651548381923.707        8.6204567359030886        187456025114.48538        6.1796662388905298E-005   0.0000000000000000        0.0000000000000000        0.0000000000000000       -1.3653547399307166E-024   0.0000000000000000        0.0000000000000000        0.0000000000000000     
  -976547779999988.88        0.0000000000000000        0.0000000000000000        319973.28972723323        0.0000000000000000        0.0000000000000000       -5.8067538595734931E-004   0.0000000000000000        0.0000000000000000        1562.5000000000000        9.9096835268205314E-011   15767405646922.006        12.384199670041751        187456031817.62485        6.1796670422310565E-005   0.0000000000000000        0.0000000000000000        0.0000000000000000       -2.7715643009578204E-024   0.0000000000000000        0.0000000000000000        0.0000000000000000     
  -960922778467477.62        0.0000000000000000        0.0000000000000000        320085.20175155398        0.0000000000000000        0.0000000000000000        1.8515263675968321E-003   0.0000000000000000        0.0000000000000000        1562.5000000000000        9.9999997352797826E-011   15625000413625.350        12.497065891632060        187455993336.82001        6.1796619694766777E-005   0.0000000000000000        0.0000000000000000        0.0000000000000000       -1.4655838562633879E-023   0.0000000000000000        0.0000000000000000        0.0000000000000000     
  -945297779999988.75        0.0000000000000000        0.0000000000000000        320002.87056796008        0.0000000000000000        0.0000000000000000        5.3158830039362867E-005   0.0000000000000000        0.0000000000000000        1562.5000000000000        1.0000000408669668E-010   15624999361453.674        12.497043652913780        187455647132.96298        6.1796172073805430E-005   0.0000000000000000        0.0000000000000000        0.0000000000000000       -1.5964494265559107E-023   0.0000000000000000        0.0000000000000000        0.0000000000000000     
  -929672779999988.75        0.0000000000000000        0.0000000000000000        320000.00590794126        0.0000000000000000        0.0000000000000000        1.5173471973044923E-007   0.0000000000000000        0.0000000000000000        1562.5000000000000        1.0000000040866971E-010   15624999936145.357        12.497042022754801        187455629575.24762        6.1796149935807642E-005   0.0000000000000000        0.0000000000000000        0.0000000000000000       -2.4475812405645619E-023   0.0000000000000000        0.0000000000000000        0.0000000000000000     
  -914047779999988.75        0.0000000000000000        0.0000000000000000        320000.00247239933        0.0000000000000000        0.0000000000000000        1.6867764632538295E-008   0.0000000000000000        0.0000000000000000        1562.5000000000000        1.0000000000000000E-010   15625000000000.000        12.497002350772991        187455035261.59485        6.1795381326866771E-005   0.0000000000000000        0.0000000000000000        0.0000000000000000       -2.6168267252646248E-023   0.0000000000000000        0.0000000000000000        0.0000000000000000     
  -898422779999988.75        0.0000000000000000        0.0000000000000000        320000.00201892521        0.0000000000000000        0.0000000000000000        1.6414892435181851E-008   0.0000000000000000        0.0000000000000000        1562.5000000000000        1.0000000000000000E-010   15625000000000.000        12.497000628981221        187455009434.71826        6.1795348734430589E-005   0.0000000000000000        0.0000000000000000        0.0000000000000000       -3.1896290897024358E-023   0.0000000000000000        0.0000000000000000        0.0000000000000000     
  -882797779999988.75        0.0000000000000000        0.0000000000000000        320000.00175205496        0.0000000000000000        0.0000000000000000        1.7471778988902801E-008   0.0000000000000000        0.0000000000000000        1562.5000000000000        1.0000000000000000E-010   15625000000000.000        12.496950331180946        187454254967.71417        6.1794370987356217E-005   0.0000000000000000        0.0000000000000000        0.0000000000000000       -3.3915240589493175E-023   0.0000000000000000        0.0000000000000000        0.0000000000000000     
  -867172779999988.75        0.0000000000000000        0.0000000000000000        320000.00168466748        0.0000000000000000        0.0000000000000000        1.8776080028431575E-008   0.0000000000000000        0.0000000000000000        1562.5000000000000        1.0000000000000000E-010   15625000000000.000        12.496946196588210        187454192948.82315        6.1794292221826799E-005   0.0000000000000000        0.0000000000000000        0.0000000000000000       -3.6527537985614427E-023   0.0000000000000000        0.0000000000000000        0.0000000000000000     
  -851547779999988.75        0.0000000000000000        0.0000000000000000        320000.00169079710        0.0000000000000000        0.0000000000000000        1.9833589038698195E-008   0.0000000000000000        0.0000000000000000        1562.5000000000000        1.0000000000000000E-010   15625000000000.000        12.496891608349818        187453374125.24725        6.1793228237683604E-005   0.0000000000000000        0.0000000000000000        0.0000000000000000       -3.8595297018766992E-023   0.0000000000000000        0.0000000000000000        0.0000000000000000     
  -835922779999988.75        0.0000000000000000        0.0000000000000000        320000.00138536352        0.0000000000000000        0.0000000000000000        1.9701170716011724E-008   0.0000000000000000        0.0000000000000000        1562.5000000000000        1.0000000000000000E-010   15625000000000.000        12.496883791206892        187453256868.10336        6.1793078404412109E-005   0.0000000000000000        0.0000000000000000        0.0000000000000000       -3.8412329128290117E-023   0.0000000000000000        0.0000000000000000        0.0000000000000000     
  -820297779999988.75        0.0000000000000000        0.0000000000000000        320000.00127665792        0.0000000000000000        0.0000000000000000        2.0546382765884223E-008   0.0000000000000000        0.0000000000000000        1562.5000000000000        1.0000000000000000E-010   15625000000000.000        12.496830474731480        187452457120.97220        6.1792035925121080E-005   0.0000000000000000        0.0000000000000000        0.0000000000000000       -4.0104895446366360E-023   0.0000000000000000        0.0000000000000000        0.0000000000000000     
  -804672779999988.75        0.0000000000000000        0.0000000000000000        320000.00012138061        0.0000000000000000        0.0000000000000000        1.9383462395618150E-008   0.0000000000000000        0.0000000000000000        1562.5000000000000        1.0000000000000000E-010   15625000000000.000        12.496818789428003        187452281841.42004        6.1791810724028931E-005   0.0000000000000000        0.0000000000000000        0.0000000000000000       -3.7865109441083281E-023   0.0000000000000000        0.0000000000000000        0.0000000000000000     
  -789047779999988.75        0.0000000000000000        0.0000000000000000        320000.00000000000        0.0000000000000000        0.0000000000000000        1.9843469124023896E-008   0.0000000000000000        0.0000000000000000        1562.5000000000000        1.0000000000000000E-010   15625000000000.000        12.496770624803018        187451559372.04526        6.1790865705722999E-005   0.0000000000000000        0.0000000000000000        0.0000000000000000       -3.8818806525640321E-023   0.0000000000000000        0.0000000000000000        0.0000000000000000     
  -773422779999988.75        0.0000000000000000        0.0000000000000000        320000.00000000000        0.0000000000000000        0.0000000000000000        1.8043563509864216E-008   0.0000000000000000        0.0000000000000000        1562.5000000000000        1.0000000000000000E-010   15625000000000.000        12.496755939377930        187451339090.66891        6.1790581182352518E-005   0.0000000000000000        0.0000000000000000        0.0000000000000000       -3.5375672653548419E-023   0.0000000000000000        0.0000000000000000        0.0000000000000000     
  -757797779999988.75        0.0000000000000000        0.0000000000000000        320000.00000000000        0.0000000000000000        0.0000000000000000        1.8046282267901214E-008   0.0000000000000000        0.0000000000000000        1562.5000000000000        1.0000000000000000E-010   15625000000000.000        12.496714963651460        187450724454.77188        6.1789774289438095E-005   0.0000000000000000        0.0000000000000000        0.0000000000000000       -3.5428927383167631E-023   0.0000000000000000        0.0000000000000000        0.0000000000000000     
  -742172779999988.75        0.0000000000000000        0.0000000000000000        320000.00000000000        0.0000000000000000        0.0000000000000000        1.6026875462705143E-008   0.0000000000000000        0.0000000000000000        1562.5000000000000        1.0000000000000000E-010   15625000000000.000        12.496698777273478        187450481659.10214        6.1789459009632889E-005   0.0000000000000000        0.0000000000000000        0.0000000000000000       -3.1524612122027341E-023   0.0000000000000000        0.0000000000000000        0.0000000000000000     
  -726547779999988.75        0.0000000000000000        0.0000000000000000        320000.00000000000        0.0000000000000000        0.0000000000000000        1.5602081090112777E-008   0.0000000000000000        0.0000000000000000        1562.5000000000000        1.0000000000000000E-010   15625000000000.000        12.496665514691092        187449982720.36633        6.1788801585150604E-005   0.0000000000000000        0.0000000000000000        0.0000000000000000       -3.0743963847091004E-023   0.0000000000000000        0.0000000000000000        0.0000000000000000     
  -710922779999988.75        0.0000000000000000        0.0000000000000000        320000.00000000000        0.0000000000000000        0.0000000000000000        1.3629550129019101E-008   0.0000000000000000        0.0000000000000000        1562.5000000000000        1.0000000000000000E-010   15625000000000.000        12.496649425092318        187449741376.38477        6.1788486495681670E-005   0.0000000000000000        0.0000000000000000        0.0000000000000000       -2.6905396773516337E-023   0.0000000000000000        0.0000000000000000        0.0000000000000000     
  -695297779999988.75        0.0000000000000000        0.0000000000000000        320000.00000000000        0.0000000000000000        0.0000000000000000        1.2899325506507000E-008   0.0000000000000000        0.0000000000000000        1562.5000000000000        1.0000000000000000E-010   15625000000000.000        12.496623411265173        187449351168.97757        6.1787970442507626E-005   0.0000000000000000        0.0000000000000000        0.0000000000000000       -2.5518273578599713E-023   0.0000000000000000        0.0000000000000000        0.0000000000000000     
  -679672779999988.75        0.0000000000000000        0.0000000000000000        320000.00000000000        0.0000000000000000        0.0000000000000000        1.1128724501528535E-008   0.0000000000000000        0.0000000000000000        1562.5000000000000        1.0000000000000000E-010   15625000000000.000        12.496608706766024        187449130601.49033        6.1787680912272594E-005   0.0000000000000000        0.0000000000000000        0.0000000000000000       -2.2053828546169930E-023   0.0000000000000000        0.0000000000000000        0.0000000000000000     
  -664047779999988.75        0.0000000000000000        0.0000000000000000        320000.00000000000        0.0000000000000000        0.0000000000000000        1.0242899267067823E-008   0.0000000000000000        0.0000000000000000        1562.5000000000000        1.0000000000000000E-010   15625000000000.000        12.496588976437311        187448834646.55963        6.1787288066649388E-005   0.0000000000000000        0.0000000000000000        0.0000000000000000       -2.0346395307754202E-023   0.0000000000000000        0.0000000000000000        0.0000000000000000     
  -648422779999988.75        0.0000000000000000        0.0000000000000000        320000.00000000000        0.0000000000000000        0.0000000000000000        8.7414550079912031E-009   0.0000000000000000        0.0000000000000000        1562.5000000000000        1.0000000000000000E-010   15625000000000.000        12.496576448958875        187448646734.38312        6.1787040068559239E-005   0.0000000000000000        0.0000000000000000        0.0000000000000000       -1.7393888292656832E-023   0.0000000000000000        0.0000000000000000        0.0000000000000000     
  -632797779999988.75        0.0000000000000000        0.0000000000000000        320000.00000000000        0.0000000000000000        0.0000000000000000        7.8328438010116332E-009   0.0000000000000000        0.0000000000000000        1562.5000000000000        1.0000000000000000E-010   15625000000000.000        12.496561883157423        187448428247.36133        6.1786748981400766E-005   0.0000000000000000        0.0000000000000000        0.0000000000000000       -1.5624493875901658E-023   0.0000000000000000        0.0000000000000000        0.0000000000000000     
  -617172779999988.75        0.0000000000000000        0.0000000000000000        320000.00000000000        0.0000000000000000        0.0000000000000000        6.6105683967243997E-009   0.0000000000000000        0.0000000000000000        1562.5000000000000        1.0000000000000000E-010   15625000000000.000        12.496551837176357        187448277557.64532        6.1786549056649072E-005   0.0000000000000000        0.0000000000000000        0.0000000000000000       -1.3209009051265085E-023   0.0000000000000000        0.0000000000000000        0.0000000000000000     
  -601547779999988.75        0.0000000000000000        0.0000000000000000        320000.00000000000        0.0000000000000000        0.0000000000000000        5.7711831052797951E-009   0.0000000000000000        0.0000000000000000        1562.5000000000000        1.0000000000000000E-010   15625000000000.000        12.496541364573064        187448120468.59592        6.1786339000547598E-005   0.0000000000000000        0.0000000000000000        0.0000000000000000       -1.1560271014759983E-023   0.0000000000000000        0.0000000000000000        0.0000000000000000     
  -585922779999988.75        0.0000000000000000        0.0000000000000000        320000.00000000000        0.0000000000000000        0.0000000000000000        4.8043928798280211E-009   0.0000000000000000        0.0000000000000000        1562.5000000000000        9.9999999999999551E-011   15625000000000.068        12.496533740137853        187448006102.06860        6.1786186498696689E-005   0.0000000000000000        0.0000000000000000        0.0000000000000000       -9.6399075696021795E-024   0.0000000000000000        0.0000000000000000        0.0000000000000000     
  -570297779999988.75        0.0000000000000000        0.0000000000000000        320000.00000000000        0.0000000000000000        0.0000000000000000        4.0814276336128276E-009   0.0000000000000000        0.0000000000000000        1562.5000000000000        9.9999999999995053E-011   15625000000000.771        12.496526435612591        187447896534.19812        6.1786039459294062E-005   0.0000000000000000        0.0000000000000000        0.0000000000000000       -8.2081132619923516E-024   0.0000000000000000        0.0000000000000000        0.0000000000000000     
  -554672779999987.06        0.0000000000000000        0.0000000000000000        320000.00000000000        0.0000000000000000        0.0000000000000000        3.3297061995025035E-009   0.0000000000000000        0.0000000000000000        1562.5000000000000        9.9999999999995053E-011   15625000000000.771        12.496520963257620        187447814448.87354        6.1785929503845833E-005   0.0000000000000000        0.0000000000000000        0.0000000000000000       -6.7063165980767781E-024   0.0000000000000000        0.0000000000000000        0.0000000000000000     
  -539047779999987.06        0.0000000000000000        0.0000000000000000        320000.00000000000        0.0000000000000000        0.0000000000000000        2.7312086626398393E-009   0.0000000000000000        0.0000000000000000        1562.5000000000000        9.9999999999999551E-011   15625000000000.068        12.496516080899012        187447741213.48602        6.1785830906582910E-005   0.0000000000000000        0.0000000000000000        0.0000000000000000       -5.5115246278916984E-024   0.0000000000000000        0.0000000000000000        0.0000000000000000     
  -523422779999987.06        0.0000000000000000        0.0000000000000000        320000.00000000000        0.0000000000000000        0.0000000000000000        2.1449298722184992E-009   0.0000000000000000        0.0000000000000000        1562.5000000000000        1.0000000000000000E-010   15625000000000.000        12.496512424095572        187447686361.43356        6.1785757157083930E-005   0.0000000000000000        0.0000000000000000        0.0000000000000000       -4.3327186062377143E-024   0.0000000000000000        0.0000000000000000        0.0000000000000000     
  -507797779999987.06        0.0000000000000000        0.0000000000000000        320000.00000000000        0.0000000000000000        0.0000000000000000        1.6521924729323225E-009   0.0000000000000000        0.0000000000000000        1562.5000000000000        1.0000000000000000E-010   15625000000000.000        12.496509407592608        187447641113.88910        6.1785696105177629E-005   0.0000000000000000        0.0000000000000000        0.0000000000000000       -3.3411242991027167E-024   0.0000000000000000        0.0000000000000000        0.0000000000000000     
  -492172779999987.06        0.0000000000000000        0.0000000000000000        320000.00000000000        0.0000000000000000        0.0000000000000000        1.1772456963172564E-009   0.0000000000000000        0.0000000000000000        1562.5000000000000        1.0000000000000000E-010   15625000000000.000        12.496507262001520        187447608930.02280        6.1785652748421306E-005   0.0000000000000000        0.0000000000000000        0.0000000000000000       -2.3796324320034493E-024   0.0000000000000000        0.0000000000000000        0.0000000000000000     
  -476547779999987.06        0.0000000000000000        0.0000000000000000        320000.00000000000        0.0000000000000000        0.0000000000000000        7.5422900240769641E-010   0.0000000000000000        0.0000000000000000        1562.5000000000000        1.0000000000000000E-010   15625000000000.000        12.496505745040213        187447586175.60318        6.1785622071596985E-005   0.0000000000000000        0.0000000000000000        0.0000000000000000       -1.5221607513934282E-024   0.0000000000000000        0.0000000000000000        0.0000000000000000     
  -460922779999987.06        0.0000000000000000        0.0000000000000000        320000.00000000000        0.0000000000000000        0.0000000000000000        3.3309669134988861E-010   0.0000000000000000        0.0000000000000000        1562.5000000000000        1.0000000000000000E-010   15625000000000.000        12.496504903203400        187447573548.05099        6.1785605130728369E-005   0.0000000000000000        0.0000000000000000        0.0000000000000000       -6.6451877659377817E-025   0.0000000000000000        0.0000000000000000        0.0000000000000000     
  -445297779999987.06        0.0000000000000000        0.0000000000000000        320000.00000000000        0.0000000000000000        0.0000000000000000       -6.6282561914536444E-011   0.0000000000000000        0.0000000000000000        1562.5000000000000        1.0000000000000000E-010   15625000000000.000        12.496504712176483        187447570682.64722        6.1785601471825232E-005   0.0000000000000000        0.0000000000000000        0.0000000000000000        1.4877607425103217E-025   0.0000000000000000        0.0000000000000000        0.0000000000000000     
  -429672779999987.06        0.0000000000000000        0.0000000000000000        320000.00000000000        0.0000000000000000        0.0000000000000000       -4.9599433729714936E-010   0.0000000000000000        0.0000000000000000        1562.5000000000000        1.0000000000000000E-010   15625000000000.000        12.496505099595934        187447576493.93900        6.1785609551597611E-005   0.0000000000000000        0.0000000000000000        0.0000000000000000        1.0265594386557378E-024   0.0000000000000000        0.0000000000000000        0.0000000000000000     
  -414047779999987.06        0.0000000000000000        0.0000000000000000        320000.00000000000        0.0000000000000000        0.0000000000000000       -9.2322813332920000E-010   0.0000000000000000        0.0000000000000000        1562.5000000000000        1.0000000000000000E-010   15625000000000.000        12.496506266692316        187447594000.38470        6.1785633653932404E-005   0.0000000000000000        0.0000000000000000        0.0000000000000000        1.8968582726677089E-024   0.0000000000000000        0.0000000000000000        0.0000000000000000     
  -398422779999987.06        0.0000000000000000        0.0000000000000000        320000.00000000000        0.0000000000000000        0.0000000000000000       -1.4325411523664261E-009   0.0000000000000000        0.0000000000000000        1562.5000000000000        1.0000000000000000E-010   15625000000000.000        12.496507957704329        187447619365.56494        6.1785668269446147E-005   0.0000000000000000        0.0000000000000000        0.0000000000000000        2.9365265007680097E-024   0.0000000000000000        0.0000000000000000        0.0000000000000000     
  -382797779999987.06        0.0000000000000000        0.0000000000000000        320000.00000000000        0.0000000000000000        0.0000000000000000       -1.9408758085732158E-009   0.0000000000000000        0.0000000000000000        1562.5000000000000        1.0000000000000000E-010   15625000000000.000        12.496510751910455        187447661278.65680        6.1785725615192124E-005   0.0000000000000000        0.0000000000000000        0.0000000000000000        3.9683635526587811E-024   0.0000000000000000        0.0000000000000000        0.0000000000000000     
  -367172779999987.06        0.0000000000000000        0.0000000000000000        320000.00000000000        0.0000000000000000        0.0000000000000000       -2.6155450637514043E-009   0.0000000000000000        0.0000000000000000        1562.5000000000000        1.0000000000000000E-010   15625000000000.000        12.496513967340748        187447709510.11121        6.1785791136438200E-005   0.0000000000000000        0.0000000000000000        0.0000000000000000        5.3412692189453133E-024   0.0000000000000000        0.0000000000000000        0.0000000000000000     
  -351547779999987.06        0.0000000000000000        0.0000000000000000        320000.00000000000        0.0000000000000000        0.0000000000000000       -3.2550393787055406E-009   0.0000000000000000        0.0000000000000000        1562.5000000000000        1.0000000000000000E-010   15625000000000.000        12.496518952674879        187447784290.12317        6.1785893120344125E-005   0.0000000000000000        0.0000000000000000        0.0000000000000000        6.6320574285171413E-024   0.0000000000000000        0.0000000000000000        0.0000000000000000     
  -335922779999987.06        0.0000000000000000        0.0000000000000000        320000.00000000000        0.0000000000000000        0.0000000000000000       -4.2041962814331979E-009   0.0000000000000000        0.0000000000000000        1562.5000000000000        1.0000000000000000E-010   15625000000000.000        12.496524032332335        187447860484.98502        6.1785996193883236E-005   0.0000000000000000        0.0000000000000000        0.0000000000000000        8.5559451857743445E-024   0.0000000000000000        0.0000000000000000        0.0000000000000000     
  -320297779999987.06        0.0000000000000000        0.0000000000000000        320000.00000000000        0.0000000000000000        0.0000000000000000       -5.0131076664432847E-009   0.0000000000000000        0.0000000000000000        1562.5000000000000        1.0000000000000000E-010   15625000000000.000        12.496532165142254        187447982477.13379        6.1786162062277451E-005   0.0000000000000000        0.0000000000000000        0.0000000000000000        1.0178384648428425E-023   0.0000000000000000        0.0000000000000000        0.0000000000000000     
  -304672779999987.06        0.0000000000000000        0.0000000000000000        320000.00000000000        0.0000000000000000        0.0000000000000000       -6.3801894376088161E-009   0.0000000000000000        0.0000000000000000        1562.5000000000000        1.0000000000000011E-010   15624999999999.982        12.496539498958287        187448092484.37408        6.1786310196549607E-005   0.0000000000000000        0.0000000000000000        0.0000000000000000        1.2938528939252049E-023   0.0000000000000000        0.0000000000000000        0.0000000000000000     
  -289047779999987.06        0.0000000000000000        0.0000000000000000        320000.00000000000        0.0000000000000000        0.0000000000000000       -7.3710088513287993E-009   0.0000000000000000        0.0000000000000000        1562.5000000000000        1.0000000000000110E-010   15624999999999.826        12.496552276682353        187448284150.23318        6.1786569987923580E-005   0.0000000000000000        0.0000000000000000        0.0000000000000000        1.4912895520501997E-023   0.0000000000000000        0.0000000000000000        0.0000000000000000     
  -273422779999987.44        0.0000000000000000        0.0000000000000000        320000.00000000000        0.0000000000000000        0.0000000000000000       -9.3456721608543553E-009   0.0000000000000000        0.0000000000000000        1562.5000000000000        1.0000000000000110E-010   15624999999999.826        12.496562172416926        187448432586.25180        6.1786768885774163E-005   0.0000000000000000        0.0000000000000000        0.0000000000000000        1.8884811497935811E-023   0.0000000000000000        0.0000000000000000        0.0000000000000000     
  -257797779999987.44        0.0000000000000000        0.0000000000000000        320000.00000000000        0.0000000000000000        0.0000000000000000       -1.0486314794828339E-008   0.0000000000000000        0.0000000000000000        1562.5000000000000        1.0000000000000012E-010   15624999999999.980        12.496581841516242        187448727622.74338        6.1787167505852081E-005   0.0000000000000000        0.0000000000000000        0.0000000000000000        2.1142460869531542E-023   0.0000000000000000        0.0000000000000000        0.0000000000000000     
  -242172779999987.44        0.0000000000000000        0.0000000000000000        320000.00000000000        0.0000000000000000        0.0000000000000000       -1.3313615686950466E-008   0.0000000000000000        0.0000000000000000        1562.5000000000000        1.0000000000000000E-010   15625000000000.000        12.496594310972300        187448914664.58447        6.1787416821576329E-005   0.0000000000000000        0.0000000000000000        0.0000000000000000        2.6808688986194187E-023   0.0000000000000000        0.0000000000000000        0.0000000000000000     
  -226547779999987.44        0.0000000000000000        0.0000000000000000        320000.00000000000        0.0000000000000000        0.0000000000000000       -1.4508018329907460E-008   0.0000000000000000        0.0000000000000000        1562.5000000000000        1.0000000000000000E-010   15625000000000.000        12.496624125291666        187449361879.37497        6.1788019052727995E-005   0.0000000000000000        0.0000000000000000        0.0000000000000000        2.9155458049957086E-023   0.0000000000000000        0.0000000000000000        0.0000000000000000     
  -210922779999987.44        0.0000000000000000        0.0000000000000000        320000.00000000000        0.0000000000000000        0.0000000000000000       -1.8487645930130452E-008   0.0000000000000000        0.0000000000000000        1562.5000000000000        1.0000000000000000E-010   15625000000000.000        12.496638591898014        187449578878.47018        6.1788306675384847E-005   0.0000000000000000        0.0000000000000000        0.0000000000000000        3.7102299546695415E-023   0.0000000000000000        0.0000000000000000        0.0000000000000000     
  -195297779999987.44        0.0000000000000000        0.0000000000000000        320000.00000000000        0.0000000000000000        0.0000000000000000       -1.9565049839544388E-008   0.0000000000000000        0.0000000000000000        1562.5000000000000        1.0000000000000000E-010   15625000000000.000        12.496683079301793        187450246189.52686        6.1789202264535633E-005   0.0000000000000000        0.0000000000000000        0.0000000000000000        3.9199879319981587E-023   0.0000000000000000        0.0000000000000000        0.0000000000000000     
  -179672779999987.44        0.0000000000000000        0.0000000000000000        320000.00000000000        0.0000000000000000        0.0000000000000000       -2.5030806826633170E-008   0.0000000000000000        0.0000000000000000        1562.5000000000000        1.0000000000000000E-010   15625000000000.000        12.496698052955692        187450470794.33536        6.1789498065829954E-005   0.0000000000000000        0.0000000000000000        0.0000000000000000        5.0074336781911741E-023   0.0000000000000000        0.0000000000000000        0.0000000000000000     
  -164047779999987.44        0.0000000000000000        0.0000000000000000        320000.00000000000        0.0000000000000000        0.0000000000000000       -2.5762013237794567E-008   0.0000000000000000        0.0000000000000000        1562.5000000000000        1.0000000000000002E-010   15625000000000.000        12.496763199183894        187451447987.75836        6.1790805103021919E-005   0.0000000000000000        0.0000000000000000        0.0000000000000000        5.1463630652974451E-023   0.0000000000000000        0.0000000000000000        0.0000000000000000     
  -148422779999987.44        0.0000000000000000        0.0000000000000000        319999.99954288657        0.0000000000000000        0.0000000000000000       -3.3018006647208922E-008   0.0000000000000000        0.0000000000000000        1562.5000000000000        1.0000000000000004E-010   15624999999999.994        12.496776021212224        187451640318.18326        6.1791056166815209E-005   0.0000000000000000        0.0000000000000000        0.0000000000000000        6.5872936424184329E-023   0.0000000000000000        0.0000000000000000        0.0000000000000000     
  -132797779999987.45        0.0000000000000000        0.0000000000000000        319999.99948893546        0.0000000000000000        0.0000000000000000       -3.3149006770389333E-008   0.0000000000000000        0.0000000000000000        1562.5000000000000        1.0000000000000004E-010   15624999999999.994        12.496869233860268        187453038507.90393        6.1792920116177945E-005   0.0000000000000000        0.0000000000000000        0.0000000000000000        6.6058624166927052E-023   0.0000000000000000        0.0000000000000000        0.0000000000000000     
  -117172779999987.45        0.0000000000000000        0.0000000000000000        319999.99871645583        0.0000000000000000        0.0000000000000000       -4.2414745119815683E-008   0.0000000000000000        0.0000000000000000        1562.5000000000000        1.0000000000000003E-010   15624999999999.994        12.496876040345411        187453140605.18109        6.1793050285428758E-005   0.0000000000000000        0.0000000000000000        0.0000000000000000        8.4410495822938012E-023   0.0000000000000000        0.0000000000000000        0.0000000000000000     
  -101547779999987.45        0.0000000000000000        0.0000000000000000        319999.99867653858        0.0000000000000000        0.0000000000000000       -4.1735539219852470E-008   0.0000000000000000        0.0000000000000000        1562.5000000000000        9.9999999999999991E-011   15625000000000.000        12.497005745675827        187455086185.13742        6.1795635900949031E-005   0.0000000000000000        0.0000000000000000        0.0000000000000000        8.3004031352405992E-023   0.0000000000000000        0.0000000000000000        0.0000000000000000     
  -85922779999987.453        0.0000000000000000        0.0000000000000000        319999.99809348769        0.0000000000000000        0.0000000000000000       -5.3003774573876644E-008   0.0000000000000000        0.0000000000000000        1562.5000000000000        9.9999999999999681E-011   15625000000000.049        12.497001789057864        187455026835.86853        6.1795552255037951E-005   0.0000000000000000        0.0000000000000000        0.0000000000000000        1.0531765440465095E-022   0.0000000000000000        0.0000000000000000        0.0000000000000000     
  -70297779999987.336        0.0000000000000000        0.0000000000000000        319999.99807000655        0.0000000000000000        0.0000000000000000       -5.0758142430199222E-008   0.0000000000000000        0.0000000000000000        1562.5000000000000        9.9999999999999681E-011   15625000000000.049        12.497176580600465        187457648709.00757        6.1799026931843158E-005   0.0000000000000000        0.0000000000000000        0.0000000000000000        1.0220147783869586E-022   0.0000000000000000        0.0000000000000000        0.0000000000000000     
  -54672779999987.336        0.0000000000000000        0.0000000000000000        320000.00175143272        0.0000000000000000        0.0000000000000000        1.1163669190653254E-007   0.0000000000000000        0.0000000000000000        1562.5000000000000        1.0000000083793969E-010   15624999869071.924        12.497157069351930        187457354469.49936        6.1798634096889234E-005   0.0000000000000000        0.0000000000000000        0.0000000000000000        1.2795407735767087E-022   0.0000000000000000        0.0000000000000000        0.0000000000000000     
  -39047779999987.336        0.0000000000000000        0.0000000000000000        319999.99475963949        0.0000000000000000        0.0000000000000000       -1.9800985777894666E-007   0.0000000000000000        0.0000000000000000        1562.5000000000000        1.0000001755962221E-010   15624997256309.514        12.497386551510084        187460765355.24905        6.1803143036625720E-005   0.0000000000000000        0.0000000000000000        0.0000000000000000        1.2339500553865897E-022   0.0000000000000000        0.0000000000000000        0.0000000000000000     
  -23422783142260.082        0.0000000000000000        0.0000000000000000        319863.22929674032        0.0000000000000000        0.0000000000000000       -2.9830564590857672E-003   0.0000000000000000        0.0000000000000000        1562.5000000000000        1.0000795910993759E-010   15623756488044.738        12.498349486452685        187460322123.66309        6.1802373985956558E-005   0.0000000000000000        0.0000000000000000        0.0000000000000000        1.5162382483588622E-022   0.0000000000000000        0.0000000000000000        0.0000000000000000     
  -7797814425718.4893        0.0000000000000000        0.0000000000000000        318504.58790347434        0.0000000000000000        0.0000000000000000       -3.2420373099951230E-002   0.0000000000000000        0.0000000000000000        1562.5000000000000        1.0008638542630393E-010   15611513927141.543        12.508519870573336        187465854880.68704        6.1807901157980309E-005   0.0000000000000000        0.0000000000000000        0.0000000000000000        1.4533605067739968E-022   0.0000000000000000        0.0000000000000000        0.0000000000000000     
   7797814425718.4893        0.0000000000000000        0.0000000000000000       -318504.58790347434        0.0000000000000000        0.0000000000000000        3.2420373099951230E-002   0.0000000000000000        0.0000000000000000        1562.5000000000000        1.0008638542630393E-010   15611513927141.543        12.508519870573336        187465854880.68704        6.1807901157980309E-005   0.0000000000000000        0.0000000000000000        0.0000000000000000       -1.4533605067739968E-022   0.0000000000000000        0.0000000000000000        0.0000000000000000     
   23422783142260.082        0.0000000000000000        0.0000000000000000       -319863.22929674032        0.0000000000000000        0.0000000000000000        2.9830564590857664E-003   0.0000000000000000        0.0000000000000000        1562.5000000000000        1.0000795910993759E-010   15623756488044.738        12.498349486452685        187460322123.66309        6.1802373985956558E-005   0.0000000000000000        0.0000000000000000        0.0000000000000000       -1.5162382483588622E-022   0.0000000000000000        0.0000000000000000        0.0000000000000000     
   39047779999987.336        0.0000000000000000        0.0000000000000000       -319999.99475963949        0.0000000000000000        0.0000000000000000        1.9800985777927192E-007   0.0000000000000000        0.0000000000000000        1562.5000000000000        1.0000001755962220E-010   15624997256309.514        12.497386551510084        187460765355.24905        6.1803143036625720E-005   0.0000000000000000        0.0000000000000000        0.0000000000000000       -1.2339500553865897E-022   0.0000000000000000        0.0000000000000000        0.0000000000000000     
   54672779999987.336        0.0000000000000000        0.0000000000000000       -320000.00175143272        0.0000000000000000        0.0000000000000000       -1.1163669190696622E-007   0.0000000000000000        0.0000000000000000        1562.5000000000000        1.0000000083793968E-010   15624999869071.926        12.497157069351930        187457354469.49936        6.1798634096889234E-005   0.0000000000000000        0.0000000000000000        0.0000000000000000       -1.2795407735767092E-022   0.0000000000000000        0.0000000000000000        0.0000000000000000     
   70297779999987.336        0.0000000000000000        0.0000000000000000       -319999.99807000655        0.0000000000000000        0.0000000000000000        5.0758142431066584E-008   0.0000000000000000        0.0000000000000000        1562.5000000000000        9.9999999999999681E-011   15625000000000.049        12.497176580600465        187457648709.00757        6.1799026931843158E-005   0.0000000000000000        0.0000000000000000        0.0000000000000000       -1.0220147783869586E-022   0.0000000000000000        0.0000000000000000        0.0000000000000000     
   85922779999987.453        0.0000000000000000        0.0000000000000000       -319999.99809348769        0.0000000000000000        0.0000000000000000        5.3003774573876644E-008   0.0000000000000000        0.0000000000000000        1562.5000000000000        9.9999999999999681E-011   15625000000000.049        12.497001789057864        187455026835.86853        6.1795552255037951E-005   0.0000000000000000        0.0000000000000000        0.0000000000000000       -1.0531765440465095E-022   0.0000000000000000        0.0000000000000000        0.0000000000000000     
   101547779999987.45        0.0000000000000000        0.0000000000000000       -319999.99867653858        0.0000000000000000        0.0000000000000000        4.1735539219852470E-008   0.0000000000000000        0.0000000000000000        1562.5000000000000        9.9999999999999991E-011   15625000000000.000        12.497005745675827        187455086185.13742        6.1795635900949031E-005   0.0000000000000000        0.0000000000000000        0.0000000000000000       -8.3004031352405992E-023   0.0000000000000000        0.0000000000000000        0.0000000000000000     
   117172779999987.45        0.0000000000000000        0.0000000000000000       -319999.99871645583        0.0000000000000000        0.0000000000000000        4.2414745119815683E-008   0.0000000000000000        0.0000000000000000        1562.5000000000000        1.0000000000000003E-010   15624999999999.994        12.496876040345411        187453140605.18109        6.1793050285428758E-005   0.0000000000000000        0.0000000000000000        0.0000000000000000       -8.4410495822938012E-023   0.0000000000000000        0.0000000000000000        0.0000000000000000     
   132797779999987.45        0.0000000000000000        0.0000000000000000       -319999.99948893546        0.0000000000000000        0.0000000000000000        3.3149006770389333E-008   0.0000000000000000        0.0000000000000000        1562.5000000000000        1.0000000000000004E-010   15624999999999.994        12.496869233860268        187453038507.90393        6.1792920116177945E-005   0.0000000000000000        0.0000000000000000        0.0000000000000000       -6.6058624166927052E-023   0.0000000000000000        0.0000000000000000        0.0000000000000000     
   148422779999987.44        0.0000000000000000        0.0000000000000000       -319999.99954288657        0.0000000000000000        0.0000000000000000        3.3018006647208922E-008   0.0000000000000000        0.0000000000000000        1562.5000000000000        1.0000000000000004E-010   15624999999999.994        12.496776021212224        187451640318.18326        6.1791056166815209E-005   0.0000000000000000        0.0000000000000000        0.0000000000000000       -6.5872936424184329E-023   0.0000000000000000        0.0000000000000000        0.0000000000000000     
   164047779999987.44        0.0000000000000000        0.0000000000000000       -320000.00000000000        0.0000000000000000        0.0000000000000000        2.5762013237794567E-008   0.0000000000000000        0.0000000000000000        1562.5000000000000        1.0000000000000002E-010   15625000000000.000        12.496763199183894        187451447987.75836        6.1790805103021919E-005   0.0000000000000000        0.0000000000000000        0.0000000000000000       -5.1463630652974451E-023   0.0000000000000000        0.0000000000000000        0.0000000000000000     
   179672779999987.44        0.0000000000000000        0.0000000000000000       -320000.00000000000        0.0000000000000000        0.0000000000000000        2.5030806825765808E-008   0.0000000000000000        0.0000000000000000        1562.5000000000000        1.0000000000000000E-010   15625000000000.000        12.496698052955692        187450470794.33536        6.1789498065829954E-005   0.0000000000000000        0.0000000000000000        0.0000000000000000       -5.0074336781911735E-023   0.0000000000000000        0.0000000000000000        0.0000000000000000     
   195297779999987.44        0.0000000000000000        0.0000000000000000       -320000.00000000000        0.0000000000000000        0.0000000000000000        1.9565049839110707E-008   0.0000000000000000        0.0000000000000000        1562.5000000000000        1.0000000000000000E-010   15625000000000.000        12.496683079301793        187450246189.52686        6.1789202264535633E-005   0.0000000000000000        0.0000000000000000        0.0000000000000000       -3.9199879319981592E-023   0.0000000000000000        0.0000000000000000        0.0000000000000000     
   210922779999987.44        0.0000000000000000        0.0000000000000000       -320000.00000000000        0.0000000000000000        0.0000000000000000        1.8487645931727069E-008   0.0000000000000000        0.0000000000000000        1562.5000000000000        1.0000000000000000E-010   15625000000000.000        12.496638591898014        187449578878.47018        6.1788306675384847E-005   0.0000000000000000        0.0000000000000000        0.0000000000000000       -3.7102299546695403E-023   0.0000000000000000        0.0000000000000000        0.0000000000000000     
   226547779999987.44        0.0000000000000000        0.0000000000000000       -320000.00000000000        0.0000000000000000        0.0000000000000000        1.4508018329148519E-008   0.0000000000000000        0.0000000000000000        1562.5000000000000        1.0000000000000000E-010   15625000000000.000        12.496624125291666        187449361879.37497        6.1788019052727995E-005   0.0000000000000000        0.0000000000000000        0.0000000000000000       -2.9155458049957086E-023   0.0000000000000000        0.0000000000000000        0.0000000000000000     
   242172779999987.44        0.0000000000000000        0.0000000000000000       -320000.00000000000        0.0000000000000000        0.0000000000000000        1.3313615684659880E-008   0.0000000000000000        0.0000000000000000        1562.5000000000000        1.0000000000000000E-010   15625000000000.000        12.496594310972300        187448914664.58447        6.1787416821576329E-005   0.0000000000000000        0.0000000000000000        0.0000000000000000       -2.6808688986194175E-023   0.0000000000000000        0.0000000000000000        0.0000000000000000     
   257797779999987.44        0.0000000000000000        0.0000000000000000       -320000.00000000000        0.0000000000000000        0.0000000000000000        1.0486314795488596E-008   0.0000000000000000        0.0000000000000000        1562.5000000000000        1.0000000000000011E-010   15624999999999.982        12.496581841516241        187448727622.74338        6.1787167505852081E-005   0.0000000000000000        0.0000000000000000        0.0000000000000000       -2.1142460869531542E-023   0.0000000000000000        0.0000000000000000        0.0000000000000000     
   273422779999987.44        0.0000000000000000        0.0000000000000000       -320000.00000000000        0.0000000000000000        0.0000000000000000        9.3456721634564405E-009   0.0000000000000000        0.0000000000000000        1562.5000000000000        1.0000000000000110E-010   15624999999999.826        12.496562172416926        187448432586.25180        6.1786768885774163E-005   0.0000000000000000        0.0000000000000000        0.0000000000000000       -1.8884811497935811E-023   0.0000000000000000        0.0000000000000000        0.0000000000000000     
   289047779999987.06        0.0000000000000000        0.0000000000000000       -320000.00000000000        0.0000000000000000        0.0000000000000000        7.3710088511135884E-009   0.0000000000000000        0.0000000000000000        1562.5000000000000        1.0000000000000110E-010   15624999999999.826        12.496552276682353        187448284150.23318        6.1786569987923580E-005   0.0000000000000000        0.0000000000000000        0.0000000000000000       -1.4912895520501994E-023   0.0000000000000000        0.0000000000000000        0.0000000000000000     
   304672779999987.06        0.0000000000000000        0.0000000000000000       -320000.00000000000        0.0000000000000000        0.0000000000000000        6.3801894379340768E-009   0.0000000000000000        0.0000000000000000        1562.5000000000000        1.0000000000000011E-010   15624999999999.982        12.496539498958287        187448092484.37408        6.1786310196549607E-005   0.0000000000000000        0.0000000000000000        0.0000000000000000       -1.2938528939252051E-023   0.0000000000000000        0.0000000000000000        0.0000000000000000     
   320297779999987.06        0.0000000000000000        0.0000000000000000       -320000.00000000000        0.0000000000000000        0.0000000000000000        5.0131076666601251E-009   0.0000000000000000        0.0000000000000000        1562.5000000000000        1.0000000000000000E-010   15625000000000.000        12.496532165142254        187447982477.13379        6.1786162062277451E-005   0.0000000000000000        0.0000000000000000        0.0000000000000000       -1.0178384648428425E-023   0.0000000000000000        0.0000000000000000        0.0000000000000000     
   335922779999987.06        0.0000000000000000        0.0000000000000000       -320000.00000000000        0.0000000000000000        0.0000000000000000        4.2041962814331979E-009   0.0000000000000000        0.0000000000000000        1562.5000000000000        1.0000000000000000E-010   15625000000000.000        12.496524032332335        187447860484.98502        6.1785996193883236E-005   0.0000000000000000        0.0000000000000000        0.0000000000000000       -8.5559451857743445E-024   0.0000000000000000        0.0000000000000000        0.0000000000000000     
   351547779999987.06        0.0000000000000000        0.0000000000000000       -320000.00000000000        0.0000000000000000        0.0000000000000000        3.2550393787055406E-009   0.0000000000000000        0.0000000000000000        1562.5000000000000        1.0000000000000000E-010   15625000000000.000        12.496518952674879        187447784290.12317        6.1785893120344125E-005   0.0000000000000000        0.0000000000000000        0.0000000000000000       -6.6320574285171413E-024   0.0000000000000000        0.0000000000000000        0.0000000000000000     
   367172779999987.06        0.0000000000000000        0.0000000000000000       -320000.00000000000        0.0000000000000000        0.0000000000000000        2.6155450637514043E-009   0.0000000000000000        0.0000000000000000        1562.5000000000000        1.0000000000000000E-010   15625000000000.000        12.496513967340748        187447709510.11121        6.1785791136438200E-005   0.0000000000000000        0.0000000000000000        0.0000000000000000       -5.3412692189453133E-024   0.0000000000000000        0.0000000000000000        0.0000000000000000     
   382797779999987.06        0.0000000000000000        0.0000000000000000       -320000.00000000000        0.0000000000000000        0.0000000000000000        1.9408758085732158E-009   0.0000000000000000        0.0000000000000000        1562.5000000000000        1.0000000000000000E-010   15625000000000.000        12.496510751910455        187447661278.65680        6.1785725615192124E-005   0.0000000000000000        0.0000000000000000        0.0000000000000000       -3.9683635526587811E-024   0.0000000000000000        0.0000000000000000        0.0000000000000000     
   398422779999987.06        0.0000000000000000        0.0000000000000000       -320000.00000000000        0.0000000000000000        0.0000000000000000        1.4325411523664261E-009   0.0000000000000000        0.0000000000000000        1562.5000000000000        1.0000000000000000E-010   15625000000000.000        12.496507957704329        187447619365.56494        6.1785668269446147E-005   0.0000000000000000        0.0000000000000000        0.0000000000000000       -2.9365265007680097E-024   0.0000000000000000        0.0000000000000000        0.0000000000000000     
   414047779999987.06        0.0000000000000000        0.0000000000000000       -320000.00000000000        0.0000000000000000        0.0000000000000000        9.2322813419656174E-010   0.0000000000000000        0.0000000000000000        1562.5000000000000        1.0000000000000000E-010   15625000000000.000        12.496506266692316        187447594000.38470        6.1785633653932404E-005   0.0000000000000000        0.0000000000000000        0.0000000000000000       -1.8968582726677089E-024   0.0000000000000000        0.0000000000000000        0.0000000000000000     
   429672779999987.06        0.0000000000000000        0.0000000000000000       -320000.00000000000        0.0000000000000000        0.0000000000000000        4.9599433729714936E-010   0.0000000000000000        0.0000000000000000        1562.5000000000000        1.0000000000000000E-010   15625000000000.000        12.496505099595934        187447576493.93900        6.1785609551597611E-005   0.0000000000000000        0.0000000000000000        0.0000000000000000       -1.0265594386557378E-024   0.0000000000000000        0.0000000000000000        0.0000000000000000     
   445297779999987.06        0.0000000000000000        0.0000000000000000       -320000.00000000000        0.0000000000000000        0.0000000000000000        6.6282560938754489E-011   0.0000000000000000        0.0000000000000000        1562.5000000000000        1.0000000000000000E-010   15625000000000.000        12.496504712176483        187447570682.64722        6.1785601471825232E-005   0.0000000000000000        0.0000000000000000        0.0000000000000000       -1.4877607425103217E-025   0.0000000000000000        0.0000000000000000        0.0000000000000000     
   460922779999987.06        0.0000000000000000        0.0000000000000000       -320000.00000000000        0.0000000000000000        0.0000000000000000       -3.3309669210883013E-010   0.0000000000000000        0.0000000000000000        1562.5000000000000        1.0000000000000000E-010   15625000000000.000        12.496504903203400        187447573548.05099        6.1785605130728369E-005   0.0000000000000000        0.0000000000000000        0.0000000000000000        6.6451877659377817E-025   0.0000000000000000        0.0000000000000000        0.0000000000000000     
   476547779999987.06        0.0000000000000000        0.0000000000000000       -320000.00000000000        0.0000000000000000        0.0000000000000000       -7.5422900240769641E-010   0.0000000000000000        0.0000000000000000        1562.5000000000000        1.0000000000000000E-010   15625000000000.000        12.496505745040213        187447586175.60318        6.1785622071596985E-005   0.0000000000000000        0.0000000000000000        0.0000000000000000        1.5221607513934282E-024   0.0000000000000000        0.0000000000000000        0.0000000000000000     
   492172779999987.06        0.0000000000000000        0.0000000000000000       -320000.00000000000        0.0000000000000000        0.0000000000000000       -1.1772456963172564E-009   0.0000000000000000        0.0000000000000000        1562.5000000000000        1.0000000000000000E-010   15625000000000.000        12.496507262001520        187447608930.02280        6.1785652748421306E-005   0.0000000000000000        0.0000000000000000        0.0000000000000000        2.3796324320034493E-024   0.0000000000000000        0.0000000000000000        0.0000000000000000     
   507797779999987.06        0.0000000000000000        0.0000000000000000       -320000.00000000000        0.0000000000000000        0.0000000000000000       -1.6521924729323225E-009   0.0000000000000000        0.0000000000000000        1562.5000000000000        1.0000000000000000E-010   15625000000000.000        12.496509407592608        187447641113.88910        6.1785696105177629E-005   0.0000000000000000        0.0000000000000000        0.0000000000000000        3.3411242991027167E-024   0.0000000000000000        0.0000000000000000        0.0000000000000000     
   523422779999987.06        0.0000000000000000        0.0000000000000000       -320000.00000000000        0.0000000000000000        0.0000000000000000       -2.1449298722184992E-009   0.0000000000000000        0.0000000000000000        1562.5000000000000        1.0000000000000000E-010   15625000000000.000        12.496512424095572        187447686361.43356        6.1785757157083930E-005   0.0000000000000000        0.0000000000000000        0.0000000000000000        4.3327186062377143E-024   0.0000000000000000        0.0000000000000000        0.0000000000000000     
   539047779999987.06        0.0000000000000000        0.0000000000000000       -320000.00000000000        0.0000000000000000        0.0000000000000000       -2.7312086626398393E-009   0.0000000000000000        0.0000000000000000        1562.5000000000000        9.9999999999999551E-011   15625000000000.068        12.496516080899012        187447741213.48602        6.1785830906582910E-005   0.0000000000000000        0.0000000000000000        0.0000000000000000        5.5115246278916984E-024   0.0000000000000000        0.0000000000000000        0.0000000000000000     
   554672779999987.06        0.0000000000000000        0.0000000000000000       -320000.00000000000        0.0000000000000000        0.0000000000000000       -3.3297062000446046E-009   0.0000000000000000        0.0000000000000000        1562.5000000000000        9.9999999999995053E-011   15625000000000.771        12.496520963257620        187447814448.87354        6.1785929503845833E-005   0.0000000000000000        0.0000000000000000        0.0000000000000000        6.7063165980767781E-024   0.0000000000000000        0.0000000000000000        0.0000000000000000     
   570297779999988.75        0.0000000000000000        0.0000000000000000       -320000.00000000000        0.0000000000000000        0.0000000000000000       -4.0814276330707265E-009   0.0000000000000000        0.0000000000000000        1562.5000000000000        9.9999999999995053E-011   15625000000000.771        12.496526435612591        187447896534.19812        6.1786039459294062E-005   0.0000000000000000        0.0000000000000000        0.0000000000000000        8.2081132619923531E-024   0.0000000000000000        0.0000000000000000        0.0000000000000000     
   585922779999988.75        0.0000000000000000        0.0000000000000000       -320000.00000000000        0.0000000000000000        0.0000000000000000       -4.8043928798280211E-009   0.0000000000000000        0.0000000000000000        1562.5000000000000        9.9999999999999551E-011   15625000000000.068        12.496533740137853        187448006102.06860        6.1786186498696689E-005   0.0000000000000000        0.0000000000000000        0.0000000000000000        9.6399075696021795E-024   0.0000000000000000        0.0000000000000000        0.0000000000000000     
   601547779999988.75        0.0000000000000000        0.0000000000000000       -320000.00000000000        0.0000000000000000        0.0000000000000000       -5.7711831052797951E-009   0.0000000000000000        0.0000000000000000        1562.5000000000000        1.0000000000000000E-010   15625000000000.000        12.496541364573064        187448120468.59592        6.1786339000547598E-005   0.0000000000000000        0.0000000000000000        0.0000000000000000        1.1560271014759983E-023   0.0000000000000000        0.0000000000000000        0.0000000000000000     
   617172779999988.75        0.0000000000000000        0.0000000000000000       -320000.00000000000        0.0000000000000000        0.0000000000000000       -6.6105683967243997E-009   0.0000000000000000        0.0000000000000000        1562.5000000000000        1.0000000000000000E-010   15625000000000.000        12.496551837176357        187448277557.64532        6.1786549056649072E-005   0.0000000000000000        0.0000000000000000        0.0000000000000000        1.3209009051265085E-023   0.0000000000000000        0.0000000000000000        0.0000000000000000     
   632797779999988.75        0.0000000000000000        0.0000000000000000       -320000.00000000000        0.0000000000000000        0.0000000000000000       -7.8328438010116332E-009   0.0000000000000000        0.0000000000000000        1562.5000000000000        1.0000000000000000E-010   15625000000000.000        12.496561883157423        187448428247.36133        6.1786748981400766E-005   0.0000000000000000        0.0000000000000000        0.0000000000000000        1.5624493875901658E-023   0.0000000000000000        0.0000000000000000        0.0000000000000000     
   648422779999988.75        0.0000000000000000        0.0000000000000000       -320000.00000000000        0.0000000000000000        0.0000000000000000       -8.7414550079912031E-009   0.0000000000000000        0.0000000000000000        1562.5000000000000        1.0000000000000000E-010   15625000000000.000        12.496576448958875        187448646734.38312        6.1787040068559239E-005   0.0000000000000000        0.0000000000000000        0.0000000000000000        1.7393888292656832E-023   0.0000000000000000        0.0000000000000000        0.0000000000000000     
   664047779999988.75        0.0000000000000000        0.0000000000000000       -320000.00000000000        0.0000000000000000        0.0000000000000000       -1.0242899267067823E-008   0.0000000000000000        0.0000000000000000        1562.5000000000000        1.0000000000000000E-010   15625000000000.000        12.496588976437311        187448834646.55963        6.1787288066649388E-005   0.0000000000000000        0.0000000000000000        0.0000000000000000        2.0346395307754202E-023   0.0000000000000000        0.0000000000000000        0.0000000000000000     
   679672779999988.75        0.0000000000000000        0.0000000000000000       -320000.00000000000        0.0000000000000000        0.0000000000000000       -1.1128724501528535E-008   0.0000000000000000        0.0000000000000000        1562.5000000000000        1.0000000000000000E-010   15625000000000.000        12.496608706766024        187449130601.49033        6.1787680912272594E-005   0.0000000000000000        0.0000000000000000        0.0000000000000000        2.2053828546169930E-023   0.0000000000000000        0.0000000000000000        0.0000000000000000     
   695297779999988.75        0.0000000000000000        0.0000000000000000       -320000.00000000000        0.0000000000000000        0.0000000000000000       -1.2899325506615420E-008   0.0000000000000000        0.0000000000000000        1562.5000000000000        1.0000000000000000E-010   15625000000000.000        12.496623411265173        187449351168.97757        6.1787970442507626E-005   0.0000000000000000        0.0000000000000000        0.0000000000000000        2.5518273578599713E-023   0.0000000000000000        0.0000000000000000        0.0000000000000000     
   710922779999988.75        0.0000000000000000        0.0000000000000000       -320000.00000000000        0.0000000000000000        0.0000000000000000       -1.3629550129235942E-008   0.0000000000000000        0.0000000000000000        1562.5000000000000        1.0000000000000000E-010   15625000000000.000        12.496649425092318        187449741376.38477        6.1788486495681670E-005   0.0000000000000000        0.0000000000000000        0.0000000000000000        2.6905396773516343E-023   0.0000000000000000        0.0000000000000000        0.0000000000000000     
   726547779999988.75        0.0000000000000000        0.0000000000000000       -320000.00000000000        0.0000000000000000        0.0000000000000000       -1.5602081090980139E-008   0.0000000000000000        0.0000000000000000        1562.5000000000000        1.0000000000000000E-010   15625000000000.000        12.496665514691092        187449982720.36633        6.1788801585150604E-005   0.0000000000000000        0.0000000000000000        0.0000000000000000        3.0743963847091004E-023   0.0000000000000000        0.0000000000000000        0.0000000000000000     
   742172779999988.75        0.0000000000000000        0.0000000000000000       -320000.00000000000        0.0000000000000000        0.0000000000000000       -1.6026875462267223E-008   0.0000000000000000        0.0000000000000000        1562.5000000000000        1.0000000000000000E-010   15625000000000.000        12.496698777273478        187450481659.10214        6.1789459009632889E-005   0.0000000000000000        0.0000000000000000        0.0000000000000000        3.1524612122027329E-023   0.0000000000000000        0.0000000000000000        0.0000000000000000     
   757797779999988.75        0.0000000000000000        0.0000000000000000       -320000.00000000000        0.0000000000000000        0.0000000000000000       -1.8046282267901214E-008   0.0000000000000000        0.0000000000000000        1562.5000000000000        1.0000000000000000E-010   15625000000000.000        12.496714963651460        187450724454.77188        6.1789774289438095E-005   0.0000000000000000        0.0000000000000000        0.0000000000000000        3.5428927383167631E-023   0.0000000000000000        0.0000000000000000        0.0000000000000000     
   773422779999988.75        0.0000000000000000        0.0000000000000000       -320000.00000000000        0.0000000000000000        0.0000000000000000       -1.8043563508563173E-008   0.0000000000000000        0.0000000000000000        1562.5000000000000        1.0000000000000000E-010   15625000000000.000        12.496755939377930        187451339090.66891        6.1790581182352518E-005   0.0000000000000000        0.0000000000000000        0.0000000000000000        3.5375672653548419E-023   0.0000000000000000        0.0000000000000000        0.0000000000000000     
   789047779999988.75        0.0000000000000000        0.0000000000000000       -320000.00000000000        0.0000000000000000        0.0000000000000000       -1.9843469123480948E-008   0.0000000000000000        0.0000000000000000        1562.5000000000000        1.0000000000000000E-010   15625000000000.000        12.496770624803018        187451559372.04526        6.1790865705722999E-005   0.0000000000000000        0.0000000000000000        0.0000000000000000        3.8818806525640338E-023   0.0000000000000000        0.0000000000000000        0.0000000000000000     
   804672779999988.75        0.0000000000000000        0.0000000000000000       -320000.00012138061        0.0000000000000000        0.0000000000000000       -1.9383462397628669E-008   0.0000000000000000        0.0000000000000000        1562.5000000000000        1.0000000000000000E-010   15625000000000.000        12.496818789428003        187452281841.42004        6.1791810724028931E-005   0.0000000000000000        0.0000000000000000        0.0000000000000000        3.7865109441083292E-023   0.0000000000000000        0.0000000000000000        0.0000000000000000     
   820297779999988.75        0.0000000000000000        0.0000000000000000       -320000.00127665792        0.0000000000000000        0.0000000000000000       -2.0546382766209484E-008   0.0000000000000000        0.0000000000000000        1562.5000000000000        1.0000000000000000E-010   15625000000000.000        12.496830474731480        187452457120.97220        6.1792035925121080E-005   0.0000000000000000        0.0000000000000000        0.0000000000000000        4.0104895446366360E-023   0.0000000000000000        0.0000000000000000        0.0000000000000000     
   835922779999988.75        0.0000000000000000        0.0000000000000000       -320000.00138536352        0.0000000000000000        0.0000000000000000       -1.9701170716445405E-008   0.0000000000000000        0.0000000000000000        1562.5000000000000        1.0000000000000000E-010   15625000000000.000        12.496883791206892        187453256868.10336        6.1793078404412109E-005   0.0000000000000000        0.0000000000000000        0.0000000000000000        3.8412329128290117E-023   0.0000000000000000        0.0000000000000000        0.0000000000000000     
   851547779999988.75        0.0000000000000000        0.0000000000000000       -320000.00169079710        0.0000000000000000        0.0000000000000000       -1.9833589038698195E-008   0.0000000000000000        0.0000000000000000        1562.5000000000000        1.0000000000000000E-010   15625000000000.000        12.496891608349818        187453374125.24725        6.1793228237683604E-005   0.0000000000000000        0.0000000000000000        0.0000000000000000        3.8595297018766992E-023   0.0000000000000000        0.0000000000000000        0.0000000000000000     
   867172779999988.75        0.0000000000000000        0.0000000000000000       -320000.00168466748        0.0000000000000000        0.0000000000000000       -1.8776080027564214E-008   0.0000000000000000        0.0000000000000000        1562.5000000000000        1.0000000000000000E-010   15625000000000.000        12.496946196588210        187454192948.82315        6.1794292221826799E-005   0.0000000000000000        0.0000000000000000        0.0000000000000000        3.6527537985614427E-023   0.0000000000000000        0.0000000000000000        0.0000000000000000     
   882797779999988.75        0.0000000000000000        0.0000000000000000       -320000.00175205496        0.0000000000000000        0.0000000000000000       -1.7471778988902801E-008   0.0000000000000000        0.0000000000000000        1562.5000000000000        1.0000000000000000E-010   15625000000000.000        12.496950331180946        187454254967.71417        6.1794370987356217E-005   0.0000000000000000        0.0000000000000000        0.0000000000000000        3.3915240589493175E-023   0.0000000000000000        0.0000000000000000        0.0000000000000000     
   898422779999988.75        0.0000000000000000        0.0000000000000000       -320000.00201892521        0.0000000000000000        0.0000000000000000       -1.6414892435181851E-008   0.0000000000000000        0.0000000000000000        1562.5000000000000        1.0000000000000000E-010   15625000000000.000        12.497000628981221        187455009434.71826        6.1795348734430589E-005   0.0000000000000000        0.0000000000000000        0.0000000000000000        3.1896290897024358E-023   0.0000000000000000        0.0000000000000000        0.0000000000000000     
   914047779999988.75        0.0000000000000000        0.0000000000000000       -320000.00247239933        0.0000000000000000        0.0000000000000000       -1.6867764632538295E-008   0.0000000000000000        0.0000000000000000        1562.5000000000000        1.0000000000000000E-010   15625000000000.000        12.497002350772991        187455035261.59485        6.1795381326866771E-005   0.0000000000000000        0.0000000000000000        0.0000000000000000        2.6168267252646248E-023   0.0000000000000000        0.0000000000000000        0.0000000000000000     
   929672779999988.75        0.0000000000000000        0.0000000000000000       -320000.00590794126        0.0000000000000000        0.0000000000000000       -1.5173471973044923E-007   0.0000000000000000        0.0000000000000000        1562.5000000000000        1.0000000040866971E-010   15624999936145.357        12.497042022754801        187455629575.24762        6.1796149935807642E-005   0.0000000000000000        0.0000000000000000        0.0000000000000000        2.4475812405645619E-023   0.0000000000000000        0.0000000000000000        0.0000000000000000     
   945297779999988.75        0.0000000000000000        0.0000000000000000       -320002.87056796008        0.0000000000000000        0.0000000000000000       -5.3158830039362867E-005   0.0000000000000000        0.0000000000000000        1562.5000000000000        1.0000000408669668E-010   15624999361453.674        12.497043652913780        187455647132.96298        6.1796172073805430E-005   0.0000000000000000        0.0000000000000000        0.0000000000000000        1.5964494265559107E-023   0.0000000000000000        0.0000000000000000        0.0000000000000000     
   960922778467477.62        0.0000000000000000        0.0000000000000000       -320085.20175155398        0.0000000000000000        0.0000000000000000       -1.8515263675968313E-003   0.0000000000000000        0.0000000000000000        1562.5000000000000        9.9999997352797826E-011   15625000413625.350        12.497065891632060        187455993336.82001        6.1796619694766777E-005   0.0000000000000000        0.0000000000000000        0.0000000000000000        1.4655838562633876E-023   0.0000000000000000        0.0000000000000000        0.0000000000000000     
   976547779999988.88        0.0000000000000000        0.0000000000000000       -319973.28972723323        0.0000000000000000        0.0000000000000000        5.8067538595734975E-004   0.0000000000000000        0.0000000000000000        1562.5000000000000        9.9096835268205314E-011   15767405646922.006        12.384199670041751        187456031817.62485        6.1796670422310565E-005   0.0000000000000000        0.0000000000000000        0.0000000000000000        2.7715643009578204E-024   0.0000000000000000        0.0000000000000000        0.0000000000000000     
   992172789927012.38        0.0000000000000000        0.0000000000000000       -319560.16842229071        0.0000000000000000        0.0000000000000000        9.5612159848805917E-003   0.0000000000000000        0.0000000000000000        1562.5000000000000        6.8979831915018201E-011   22651548381923.707        8.6204567359030886        187456025114.48538        6.1796662388905298E-005   0.0000000000000000        0.0000000000000000        0.0000000000000000        1.3653547399307185E-024   0.0000000000000000        0.0000000000000000        0.0000000000000000     
