   74000.000000000000     
  -992163846085322.62        0.0000000000000000        0.0000000000000000        319292.45598685305        0.0000000000000000        0.0000000000000000       -9.5611110310193093E-003   0.0000000000000000        0.0000000000000000        1562.5000000000000        6.8979778161600659E-011   22651566033446.652        8.6203661891796983        187454202208.02716        6.1794298853215610E-005   0.0000000000000000        0.0000000000000000        0.0000000000000000       -6.6705357730952288E-025   0.0000000000000000        0.0000000000000000        0.0000000000000000     
  -976538819999977.50        0.0000000000000000        0.0000000000000000        319957.03069770563        0.0000000000000000        0.0000000000000000       -5.8067860561955879E-004   0.0000000000000000        0.0000000000000000        1562.5000000000000        9.9096778938163862E-011   15767414609661.486        12.384071849282902        187454203587.34158        6.1794299731643935E-005   0.0000000000000000        0.0000000000000000        0.0000000000000000       -1.1854694767176117E-024   0.0000000000000000        0.0000000000000000        0.0000000000000000     
  -960913814967466.25        0.0000000000000000        0.0000000000000000        320137.03455629345        0.0000000000000000        0.0000000000000000        1.8508192721259900E-003   0.0000000000000000        0.0000000000000000        1562.5000000000000        9.9999993043942089E-011   15625001086884.127        12.496945292477230        187454192426.58060        6.1794283269640707E-005   0.0000000000000000        0.0000000000000000        0.0000000000000000       -6.9961198795931380E-024   0.0000000000000000        0.0000000000000000        0.0000000000000000     
  -945288819999977.38        0.0000000000000000        0.0000000000000000        320004.36727954441        0.0000000000000000        0.0000000000000000        5.3750767276131918E-005   0.0000000000000000        0.0000000000000000        1562.5000000000000        1.0000001342003352E-010   15624997903120.045        12.496936513807409        187454022550.71844        6.1794061470628526E-005   0.0000000000000000        0.0000000000000000        0.0000000000000000       -7.7040797248574884E-024   0.0000000000000000        0.0000000000000000        0.0000000000000000     
  -929663819999977.38        0.0000000000000000        0.0000000000000000        320000.01129858190        0.0000000000000000        0.0000000000000000        2.2782113544464754E-007   0.0000000000000000        0.0000000000000000        1562.5000000000000        1.0000000134200372E-010   15624999790311.926        12.496934797024576        187454019439.72870        6.1794057920289263E-005   0.0000000000000000        0.0000000000000000        0.0000000000000000       -1.2253123456455228E-023   0.0000000000000000        0.0000000000000000        0.0000000000000000     
  -914038819999977.38        0.0000000000000000        0.0000000000000000        320000.00247239933        0.0000000000000000        0.0000000000000000        1.1584426036264782E-008   0.0000000000000000        0.0000000000000000        1562.5000000000000        1.0000000000000000E-010   15625000000000.000        12.496914471366088        187453717070.49130        6.1793664195761754E-005   0.0000000000000000        0.0000000000000000        0.0000000000000000       -1.3058914978207892E-023   0.0000000000000000        0.0000000000000000        0.0000000000000000     
  -898413819999977.38        0.0000000000000000        0.0000000000000000        320000.00201892521        0.0000000000000000        0.0000000000000000        8.4961217693335324E-009   0.0000000000000000        0.0000000000000000        1562.5000000000000        1.0000000000000000E-010   15625000000000.000        12.496914298827473        187453714482.41208        6.1793661096884805E-005   0.0000000000000000        0.0000000000000000        0.0000000000000000       -1.6687176942084142E-023   0.0000000000000000        0.0000000000000000        0.0000000000000000     
  -882788819999977.38        0.0000000000000000        0.0000000000000000        320000.00175205496        0.0000000000000000        0.0000000000000000        9.0342492516711919E-009   0.0000000000000000        0.0000000000000000        1562.5000000000000        1.0000000000000000E-010   15625000000000.000        12.496887265726297        187453308985.89444        6.1793132611556281E-005   0.0000000000000000        0.0000000000000000        0.0000000000000000       -1.7642785795055480E-023   0.0000000000000000        0.0000000000000000        0.0000000000000000     
  -867163819999977.38        0.0000000000000000        0.0000000000000000        320000.00168466748        0.0000000000000000        0.0000000000000000        1.0295466991854263E-008   0.0000000000000000        0.0000000000000000        1562.5000000000000        1.0000000000000000E-010   15625000000000.000        12.496886396423424        187453295946.35135        6.1793116070990719E-005   0.0000000000000000        0.0000000000000000        0.0000000000000000       -2.0128933976766056E-023   0.0000000000000000        0.0000000000000000        0.0000000000000000     
  -851538819999977.38        0.0000000000000000        0.0000000000000000        320000.00169079710        0.0000000000000000        0.0000000000000000        1.0839926234743643E-008   0.0000000000000000        0.0000000000000000        1562.5000000000000        1.0000000000000000E-010   15625000000000.000        12.496854834384061        187452822515.76089        6.1792498410029469E-005   0.0000000000000000        0.0000000000000000        0.0000000000000000       -2.1201196382151195E-023   0.0000000000000000        0.0000000000000000        0.0000000000000000     
  -835913819999977.38        0.0000000000000000        0.0000000000000000        320000.00138536352        0.0000000000000000        0.0000000000000000        1.1491845794410827E-008   0.0000000000000000        0.0000000000000000        1562.5000000000000        1.0000000000000000E-010   15625000000000.000        12.496852567103208        187452788506.54810        6.1792454761911634E-005   0.0000000000000000        0.0000000000000000        0.0000000000000000       -2.2487248306827210E-023   0.0000000000000000        0.0000000000000000        0.0000000000000000     
  -820288819999977.38        0.0000000000000000        0.0000000000000000        320000.00127665792        0.0000000000000000        0.0000000000000000        1.2033046427618671E-008   0.0000000000000000        0.0000000000000000        1562.5000000000000        1.0000000000000000E-010   15625000000000.000        12.496818908846874        187452283632.70309        6.1791795253703823E-005   0.0000000000000000        0.0000000000000000        0.0000000000000000       -2.3574888988411115E-023   0.0000000000000000        0.0000000000000000        0.0000000000000000     
  -804663819999977.38        0.0000000000000000        0.0000000000000000        320000.00012138061        0.0000000000000000        0.0000000000000000        1.2140615133878736E-008   0.0000000000000000        0.0000000000000000        1562.5000000000000        1.0000000000000000E-010   15625000000000.000        12.496814756145566        187452221342.18347        6.1791714916132118E-005   0.0000000000000000        0.0000000000000000        0.0000000000000000       -2.3755383220963075E-023   0.0000000000000000        0.0000000000000000        0.0000000000000000     
  -789038819999977.38        0.0000000000000000        0.0000000000000000        320000.00000000000        0.0000000000000000        0.0000000000000000        1.2621417848595103E-008   0.0000000000000000        0.0000000000000000        1562.5000000000000        1.0000000000000000E-010   15625000000000.000        12.496781190671374        187451717860.07059        6.1791056284453977E-005   0.0000000000000000        0.0000000000000000        0.0000000000000000       -2.4720738726168267E-023   0.0000000000000000        0.0000000000000000        0.0000000000000000     
  -773413819999977.38        0.0000000000000000        0.0000000000000000        320000.00000000000        0.0000000000000000        0.0000000000000000        1.2236446407941302E-008   0.0000000000000000        0.0000000000000000        1562.5000000000000        1.0000000000000000E-010   15625000000000.000        12.496775002753052        187451625041.29578        6.1790936185702233E-005   0.0000000000000000        0.0000000000000000        0.0000000000000000       -2.3996405659479472E-023   0.0000000000000000        0.0000000000000000        0.0000000000000000     
  -757788819999977.38        0.0000000000000000        0.0000000000000000        320000.00000000000        0.0000000000000000        0.0000000000000000        1.2595168815329858E-008   0.0000000000000000        0.0000000000000000        1562.5000000000000        1.0000000000000000E-010   15625000000000.000        12.496743256351808        187451148845.27707        6.1790312280980361E-005   0.0000000000000000        0.0000000000000000        0.0000000000000000       -2.4706100593340008E-023   0.0000000000000000        0.0000000000000000        0.0000000000000000     
  -742163819999977.38        0.0000000000000000        0.0000000000000000        320000.00000000000        0.0000000000000000        0.0000000000000000        1.1880359458366598E-008   0.0000000000000000        0.0000000000000000        1562.5000000000000        1.0000000000000000E-010   15625000000000.000        12.496735241140053        187451028617.10077        6.1790156298745976E-005   0.0000000000000000        0.0000000000000000        0.0000000000000000       -2.3326116672729662E-023   0.0000000000000000        0.0000000000000000        0.0000000000000000     
  -726538819999977.38        0.0000000000000000        0.0000000000000000        320000.00000000000        0.0000000000000000        0.0000000000000000        1.2057964278618991E-008   0.0000000000000000        0.0000000000000000        1562.5000000000000        1.0000000000000000E-010   15625000000000.000        12.496706491059063        187450597365.88593        6.1789590366294046E-005   0.0000000000000000        0.0000000000000000        0.0000000000000000       -2.3684552946374830E-023   0.0000000000000000        0.0000000000000000        0.0000000000000000     
  -710913819999977.38        0.0000000000000000        0.0000000000000000        320000.00000000000        0.0000000000000000        0.0000000000000000        1.1137642959543082E-008   0.0000000000000000        0.0000000000000000        1562.5000000000000        1.0000000000000000E-010   15625000000000.000        12.496697145116494        187450457176.74738        6.1789408038813106E-005   0.0000000000000000        0.0000000000000000        0.0000000000000000       -2.1895555514950950E-023   0.0000000000000000        0.0000000000000000        0.0000000000000000     
  -695288819999977.38        0.0000000000000000        0.0000000000000000        320000.00000000000        0.0000000000000000        0.0000000000000000        1.1114328377399894E-008   0.0000000000000000        0.0000000000000000        1562.5000000000000        1.0000000000000000E-010   15625000000000.000        12.496672045887504        187450080688.31253        6.1788913172954163E-005   0.0000000000000000        0.0000000000000000        0.0000000000000000       -2.1862187518578596E-023   0.0000000000000000        0.0000000000000000        0.0000000000000000     
  -679663819999977.38        0.0000000000000000        0.0000000000000000        320000.00000000000        0.0000000000000000        0.0000000000000000        1.0095556487957411E-008   0.0000000000000000        0.0000000000000000        1562.5000000000000        1.0000000000000000E-010   15625000000000.000        12.496662033981602        187449930509.72400        6.1788717398826703E-005   0.0000000000000000        0.0000000000000000        0.0000000000000000       -1.9872802253224268E-023   0.0000000000000000        0.0000000000000000        0.0000000000000000     
  -664038819999977.38        0.0000000000000000        0.0000000000000000        320000.00000000000        0.0000000000000000        0.0000000000000000        9.8796581777341028E-009   0.0000000000000000        0.0000000000000000        1562.5000000000000        1.0000000000000000E-010   15625000000000.000        12.496640817826647        187449612267.39966        6.1788298445838611E-005   0.0000000000000000        0.0000000000000000        0.0000000000000000       -1.9461289416758337E-023   0.0000000000000000        0.0000000000000000        0.0000000000000000     
  -648413819999977.38        0.0000000000000000        0.0000000000000000        320000.00000000000        0.0000000000000000        0.0000000000000000        8.8407187605266344E-009   0.0000000000000000        0.0000000000000000        1562.5000000000000        1.0000000000000000E-010   15625000000000.000        12.496630844840832        187449462672.61243        6.1788103009123663E-005   0.0000000000000000        0.0000000000000000        0.0000000000000000       -1.7424855047424902E-023   0.0000000000000000        0.0000000000000000        0.0000000000000000     
  -632788819999977.38        0.0000000000000000        0.0000000000000000        320000.00000000000        0.0000000000000000        0.0000000000000000        8.4607230400735885E-009   0.0000000000000000        0.0000000000000000        1562.5000000000000        1.0000000000000000E-010   15625000000000.000        12.496613452546216        187449201788.19321        6.1787759086453278E-005   0.0000000000000000        0.0000000000000000        0.0000000000000000       -1.6688420819878605E-023   0.0000000000000000        0.0000000000000000        0.0000000000000000     
  -617163819999977.38        0.0000000000000000        0.0000000000000000        320000.00000000000        0.0000000000000000        0.0000000000000000        7.4499738303377089E-009   0.0000000000000000        0.0000000000000000        1562.5000000000000        1.0000000000000000E-010   15625000000000.000        12.496604162010533        187449062430.15799        6.1787576672037254E-005   0.0000000000000000        0.0000000000000000        0.0000000000000000       -1.4700240297969041E-023   0.0000000000000000        0.0000000000000000        0.0000000000000000     
  -601538819999977.38        0.0000000000000000        0.0000000000000000        320000.00000000000        0.0000000000000000        0.0000000000000000        6.9435756085626540E-009   0.0000000000000000        0.0000000000000000        1562.5000000000000        1.0000000000000000E-010   15625000000000.000        12.496590371101663        187448855566.52490        6.1787303658895253E-005   0.0000000000000000        0.0000000000000000        0.0000000000000000       -1.3710736751377611E-023   0.0000000000000000        0.0000000000000000        0.0000000000000000     
  -585913819999977.38        0.0000000000000000        0.0000000000000000        320000.00000000000        0.0000000000000000        0.0000000000000000        5.9826499390865039E-009   0.0000000000000000        0.0000000000000000        1562.5000000000000        9.9999999999999551E-011   15625000000000.068        12.496582287104475        187448734306.56796        6.1787144694592174E-005   0.0000000000000000        0.0000000000000000        0.0000000000000000       -1.1813939129123979E-023   0.0000000000000000        0.0000000000000000        0.0000000000000000     
  -570288819999977.38        0.0000000000000000        0.0000000000000000        320000.00000000000        0.0000000000000000        0.0000000000000000        5.3861137452584635E-009   0.0000000000000000        0.0000000000000000        1562.5000000000000        9.9999999999995053E-011   15625000000000.771        12.496571819226821        187448577288.41156        6.1786937334622308E-005   0.0000000000000000        0.0000000000000000        0.0000000000000000       -1.0641392363206235E-023   0.0000000000000000        0.0000000000000000        0.0000000000000000     
  -554663819999975.69        0.0000000000000000        0.0000000000000000        320000.00000000000        0.0000000000000000        0.0000000000000000        4.4747308118072627E-009   0.0000000000000000        0.0000000000000000        1562.5000000000000        9.9999999999995053E-011   15625000000000.771        12.496565332867556        187448479993.02258        6.1786809687593280E-005   0.0000000000000000        0.0000000000000000        0.0000000000000000       -8.8359276798134416E-024   0.0000000000000000        0.0000000000000000        0.0000000000000000     
  -539038819999975.69        0.0000000000000000        0.0000000000000000        320000.00000000000        0.0000000000000000        0.0000000000000000        3.8158524879044748E-009   0.0000000000000000        0.0000000000000000        1562.5000000000000        9.9999999999999551E-011   15625000000000.068        12.496557935569523        187448369033.54367        6.1786663206747991E-005   0.0000000000000000        0.0000000000000000        0.0000000000000000       -7.5343337086468750E-024   0.0000000000000000        0.0000000000000000        0.0000000000000000     
  -523413819999975.69        0.0000000000000000        0.0000000000000000        320000.00000000000        0.0000000000000000        0.0000000000000000        2.9357263754639861E-009   0.0000000000000000        0.0000000000000000        1562.5000000000000        1.0000000000000000E-010   15625000000000.000        12.496553322342558        187448299835.13834        6.1786572500455416E-005   0.0000000000000000        0.0000000000000000        0.0000000000000000       -5.7847417655355657E-024   0.0000000000000000        0.0000000000000000        0.0000000000000000     
  -507788819999975.69        0.0000000000000000        0.0000000000000000        320000.00000000000        0.0000000000000000        0.0000000000000000        2.2288964687719480E-009   0.0000000000000000        0.0000000000000000        1562.5000000000000        1.0000000000000000E-010   15625000000000.000        12.496548830945782        187448232464.18671        6.1786483830860204E-005   0.0000000000000000        0.0000000000000000        0.0000000000000000       -4.3829995503595516E-024   0.0000000000000000        0.0000000000000000        0.0000000000000000     
  -492163819999975.69        0.0000000000000000        0.0000000000000000        320000.00000000000        0.0000000000000000        0.0000000000000000        1.3471242455949807E-009   0.0000000000000000        0.0000000000000000        1562.5000000000000        1.0000000000000000E-010   15625000000000.000        12.496546290097447        187448194351.46167        6.1786434168309073E-005   0.0000000000000000        0.0000000000000000        0.0000000000000000       -2.6245728004470920E-024   0.0000000000000000        0.0000000000000000        0.0000000000000000     
  -476538819999975.69        0.0000000000000000        0.0000000000000000        320000.00000000000        0.0000000000000000        0.0000000000000000        5.9461512507405919E-010   0.0000000000000000        0.0000000000000000        1562.5000000000000        1.0000000000000000E-010   15625000000000.000        12.496544674951682        187448170124.27521        6.1786402903380033E-005   0.0000000000000000        0.0000000000000000        0.0000000000000000       -1.1280321559287961E-024   0.0000000000000000        0.0000000000000000        0.0000000000000000     
  -460913819999975.69        0.0000000000000000        0.0000000000000000        320000.00000000000        0.0000000000000000        0.0000000000000000       -3.3602615669490348E-010   0.0000000000000000        0.0000000000000000        1562.5000000000000        1.0000000000000000E-010   15625000000000.000        12.496544365452491        187448165481.78735        6.1786397560456961E-005   0.0000000000000000        0.0000000000000000        0.0000000000000000        7.3220146767887193E-025   0.0000000000000000        0.0000000000000000        0.0000000000000000     
  -445288819999975.69        0.0000000000000000        0.0000000000000000        320000.00000000000        0.0000000000000000        0.0000000000000000       -1.1414538929314590E-009   0.0000000000000000        0.0000000000000000        1562.5000000000000        1.0000000000000000E-010   15625000000000.000        12.496545779469107        187448186692.03659        6.1786426897322852E-005   0.0000000000000000        0.0000000000000000        0.0000000000000000        2.3362742638553232E-024   0.0000000000000000        0.0000000000000000        0.0000000000000000     
  -429663819999975.69        0.0000000000000000        0.0000000000000000        320000.00000000000        0.0000000000000000        0.0000000000000000       -2.1825774669452322E-009   0.0000000000000000        0.0000000000000000        1562.5000000000000        1.0000000000000000E-010   15625000000000.000        12.496547845812598        187448217687.18896        6.1786468804431264E-005   0.0000000000000000        0.0000000000000000        0.0000000000000000        4.4199351270631770E-024   0.0000000000000000        0.0000000000000000        0.0000000000000000     
  -414038819999975.69        0.0000000000000000        0.0000000000000000        320000.00000000000        0.0000000000000000        0.0000000000000000       -3.0519235700155145E-009   0.0000000000000000        0.0000000000000000        1562.5000000000000        1.0000000000000000E-010   15625000000000.000        12.496552675579519        187448290133.69275        6.1786566566485955E-005   0.0000000000000000        0.0000000000000000        0.0000000000000000        6.1513019146679914E-024   0.0000000000000000        0.0000000000000000        0.0000000000000000     
  -398413819999975.69        0.0000000000000000        0.0000000000000000        320000.00000000000        0.0000000000000000        0.0000000000000000       -4.2813293103919614E-009   0.0000000000000000        0.0000000000000000        1562.5000000000000        1.0000000000000000E-010   15625000000000.000        12.496557250450916        187448358756.76370        6.1786658344498580E-005   0.0000000000000000        0.0000000000000000        0.0000000000000000        8.6120383995793778E-024   0.0000000000000000        0.0000000000000000        0.0000000000000000     
  -382788819999975.69        0.0000000000000000        0.0000000000000000        320000.00000000000        0.0000000000000000        0.0000000000000000       -5.2219409586760821E-009   0.0000000000000000        0.0000000000000000        1562.5000000000000        1.0000000000000000E-010   15625000000000.000        12.496566179450879        187448492691.76315        6.1786838234867688E-005   0.0000000000000000        0.0000000000000000        0.0000000000000000        1.0482991309033731E-023   0.0000000000000000        0.0000000000000000        0.0000000000000000     
  -367163819999975.69        0.0000000000000000        0.0000000000000000        320000.00000000000        0.0000000000000000        0.0000000000000000       -6.7359313655307217E-009   0.0000000000000000        0.0000000000000000        1562.5000000000000        1.0000000000000000E-010   15625000000000.000        12.496573355871638        187448600338.07455        6.1786981635013775E-005   0.0000000000000000        0.0000000000000000        0.0000000000000000        1.3510930382950804E-023   0.0000000000000000        0.0000000000000000        0.0000000000000000     
  -351538819999975.69        0.0000000000000000        0.0000000000000000        320000.00000000000        0.0000000000000000        0.0000000000000000       -7.7432031068818321E-009   0.0000000000000000        0.0000000000000000        1562.5000000000000        1.0000000000000000E-010   15625000000000.000        12.496587442847909        187448811642.71863        6.1787264783074898E-005   0.0000000000000000        0.0000000000000000        0.0000000000000000        1.5510069520855625E-023   0.0000000000000000        0.0000000000000000        0.0000000000000000     
  -335913819999975.69        0.0000000000000000        0.0000000000000000        320000.00000000000        0.0000000000000000        0.0000000000000000       -9.6586910148474054E-009   0.0000000000000000        0.0000000000000000        1562.5000000000000        1.0000000000000000E-010   15625000000000.000        12.496597212217880        187448958183.26816        6.1787459461320088E-005   0.0000000000000000        0.0000000000000000        0.0000000000000000        1.9335766456857423E-023   0.0000000000000000        0.0000000000000000        0.0000000000000000     
  -320288819999975.69        0.0000000000000000        0.0000000000000000        320000.00000000000        0.0000000000000000        0.0000000000000000       -1.0707841739906543E-008   0.0000000000000000        0.0000000000000000        1562.5000000000000        1.0000000000000000E-010   15625000000000.000        12.496617984166146        187449269762.49219        6.1787876247874874E-005   0.0000000000000000        0.0000000000000000        0.0000000000000000        2.1412068831752963E-023   0.0000000000000000        0.0000000000000000        0.0000000000000000     
  -304663819999975.69        0.0000000000000000        0.0000000000000000        320000.00000000000        0.0000000000000000        0.0000000000000000       -1.3163014931176560E-008   0.0000000000000000        0.0000000000000000        1562.5000000000000        1.0000000000000018E-010   15624999999999.973        12.496630141185651        187449452117.78439        6.1788117899435330E-005   0.0000000000000000        0.0000000000000000        0.0000000000000000        2.6307467964548260E-023   0.0000000000000000        0.0000000000000000        0.0000000000000000     
  -289038819999975.69        0.0000000000000000        0.0000000000000000        320000.00000000000        0.0000000000000000        0.0000000000000000       -1.4202671533747749E-008   0.0000000000000000        0.0000000000000000        1562.5000000000000        1.0000000000000202E-010   15624999999999.684        12.496659694562409        187449895418.43234        6.1788709927734382E-005   0.0000000000000000        0.0000000000000000        0.0000000000000000        2.8358014143765334E-023   0.0000000000000000        0.0000000000000000        0.0000000000000000     
  -273413819999976.38        0.0000000000000000        0.0000000000000000        320000.00000000000        0.0000000000000000        0.0000000000000000       -1.7354190045712567E-008   0.0000000000000000        0.0000000000000000        1562.5000000000000        1.0000000000000203E-010   15624999999999.684        12.496673718024875        187450105770.36929        6.1788987963211714E-005   0.0000000000000000        0.0000000000000000        0.0000000000000000        3.4630610296324785E-023   0.0000000000000000        0.0000000000000000        0.0000000000000000     
  -257788819999976.38        0.0000000000000000        0.0000000000000000        320000.00000000000        0.0000000000000000        0.0000000000000000       -1.8303901524264562E-008   0.0000000000000000        0.0000000000000000        1562.5000000000000        1.0000000000000021E-010   15624999999999.967        12.496714812397666        187450722185.96460        6.1789809865414952E-005   0.0000000000000000        0.0000000000000000        0.0000000000000000        3.6496130358645055E-023   0.0000000000000000        0.0000000000000000        0.0000000000000000     
  -242163819999976.38        0.0000000000000000        0.0000000000000000        320000.00000000000        0.0000000000000000        0.0000000000000000       -2.2318796620305935E-008   0.0000000000000000        0.0000000000000000        1562.5000000000000        1.0000000000000000E-010   15625000000000.000        12.496729740645003        187450946109.67502        6.1790105001490754E-005   0.0000000000000000        0.0000000000000000        0.0000000000000000        4.4472666177290683E-023   0.0000000000000000        0.0000000000000000        0.0000000000000000     
  -226538819999976.38        0.0000000000000000        0.0000000000000000        320000.00000000000        0.0000000000000000        0.0000000000000000       -2.3072755749486915E-008   0.0000000000000000        0.0000000000000000        1562.5000000000000        1.0000000000000000E-010   15625000000000.000        12.496785860108210        187451787901.62314        6.1791225593828467E-005   0.0000000000000000        0.0000000000000000        0.0000000000000000        4.5945275597510735E-023   0.0000000000000000        0.0000000000000000        0.0000000000000000     
  -210913819999976.38        0.0000000000000000        0.0000000000000000        320000.00000000000        0.0000000000000000        0.0000000000000000       -2.8114430772974939E-008   0.0000000000000000        0.0000000000000000        1562.5000000000000        1.0000000000000000E-010   15625000000000.000        12.496800190230127        187452002853.45187        6.1791507928893042E-005   0.0000000000000000        0.0000000000000000        0.0000000000000000        5.5941626205031173E-023   0.0000000000000000        0.0000000000000000        0.0000000000000000     
  -195288819999976.38        0.0000000000000000        0.0000000000000000        320000.00000000000        0.0000000000000000        0.0000000000000000       -2.8566014338244254E-008   0.0000000000000000        0.0000000000000000        1562.5000000000000        1.0000000000000000E-010   15625000000000.000        12.496875539143543        187453133087.15314        6.1793010069741139E-005   0.0000000000000000        0.0000000000000000        0.0000000000000000        5.6787940321835994E-023   0.0000000000000000        0.0000000000000000        0.0000000000000000     
  -179663819999976.38        0.0000000000000000        0.0000000000000000        319999.99894679058        0.0000000000000000        0.0000000000000000       -3.4740454957029054E-008   0.0000000000000000        0.0000000000000000        1562.5000000000000        1.0000000000000000E-010   15625000000000.000        12.496887186386777        187453307795.80164        6.1793238352190926E-005   0.0000000000000000        0.0000000000000000        0.0000000000000000        6.9065022607562333E-023   0.0000000000000000        0.0000000000000000        0.0000000000000000     
  -164038819999976.38        0.0000000000000000        0.0000000000000000        319999.99887704279        0.0000000000000000        0.0000000000000000       -3.4773134341166401E-008   0.0000000000000000        0.0000000000000000        1562.5000000000000        1.0000000000000004E-010   15624999999999.992        12.496986585069326        187454798776.03979        6.1795216838470316E-005   0.0000000000000000        0.0000000000000000        0.0000000000000000        6.9064752574109376E-023   0.0000000000000000        0.0000000000000000        0.0000000000000000     
  -148413819999976.38        0.0000000000000000        0.0000000000000000        319999.99791307206        0.0000000000000000        0.0000000000000000       -4.2191057104322443E-008   0.0000000000000000        0.0000000000000000        1562.5000000000000        1.0000000000000048E-010   15624999999999.924        12.496992939120974        187454894086.81366        6.1795339625079105E-005   0.0000000000000000        0.0000000000000000        0.0000000000000000        8.3773958976811237E-023   0.0000000000000000        0.0000000000000000        0.0000000000000000     
  -132788819999976.53        0.0000000000000000        0.0000000000000000        319999.99785912095        0.0000000000000000        0.0000000000000000       -4.1709371816762560E-008   0.0000000000000000        0.0000000000000000        1562.5000000000000        1.0000000000000047E-010   15624999999999.926        12.497121592393247        187456823885.89783        6.1797896623074647E-005   0.0000000000000000        0.0000000000000000        0.0000000000000000        8.2768063156649660E-023   0.0000000000000000        0.0000000000000000        0.0000000000000000     
  -117163819999976.53        0.0000000000000000        0.0000000000000000        319999.99708664132        0.0000000000000000        0.0000000000000000       -5.0366378321580589E-008   0.0000000000000000        0.0000000000000000        1562.5000000000000        1.0000000000000007E-010   15624999999999.988        12.497119692089038        187456795381.33542        6.1797855740763926E-005   0.0000000000000000        0.0000000000000000        0.0000000000000000        9.9896476508664220E-023   0.0000000000000000        0.0000000000000000        0.0000000000000000     
  -101538819999976.53        0.0000000000000000        0.0000000000000000        319999.99704672408        0.0000000000000000        0.0000000000000000       -4.9342272471433776E-008   0.0000000000000000        0.0000000000000000        1562.5000000000000        9.9999999999999913E-011   15625000000000.014        12.497282827944208        187459242419.16327        6.1801093705305844E-005   0.0000000000000000        0.0000000000000000        0.0000000000000000        9.7835666735399975E-023   0.0000000000000000        0.0000000000000000        0.0000000000000000     
  -85913819999976.531        0.0000000000000000        0.0000000000000000        319999.99646367319        0.0000000000000000        0.0000000000000000       -5.9032890929369984E-008   0.0000000000000000        0.0000000000000000        1562.5000000000000        9.9999999999999047E-011   15625000000000.150        12.497269653924628        187459044808.87115        6.1800829981457881E-005   0.0000000000000000        0.0000000000000000        0.0000000000000000        1.1716366915501242E-022   0.0000000000000000        0.0000000000000000        0.0000000000000000     
  -70288819999976.203        0.0000000000000000        0.0000000000000000        319999.99644019204        0.0000000000000000        0.0000000000000000       -5.5748576534895439E-008   0.0000000000000000        0.0000000000000000        1562.5000000000000        9.9999999999999060E-011   15625000000000.146        12.497472058542424        187462080878.13809        6.1804842591160872E-005   0.0000000000000000        0.0000000000000000        0.0000000000000000        1.1414291225551103E-022   0.0000000000000000        0.0000000000000000        0.0000000000000000     
  -54663819999976.203        0.0000000000000000        0.0000000000000000        320000.00631975743        0.0000000000000000        0.0000000000000000        2.1747587915297435E-007   0.0000000000000000        0.0000000000000000        1562.5000000000000        1.0000000217127569E-010   15624999660738.182        12.497445187643676        187461673744.34540        6.1804303258146777E-005   0.0000000000000000        0.0000000000000000        0.0000000000000000        1.3522943672077600E-022   0.0000000000000000        0.0000000000000000        0.0000000000000000     
  -39038819999976.203        0.0000000000000000        0.0000000000000000        319999.98772201227        0.0000000000000000        0.0000000000000000       -3.0290230837013476E-007   0.0000000000000000        0.0000000000000000        1562.5000000000000        1.0000004544415821E-010   15624992899353.506        12.497696115350923        187465356538.21063        6.1809164530512699E-005   0.0000000000000000        0.0000000000000000        0.0000000000000000        1.3149214049067182E-022   0.0000000000000000        0.0000000000000000        0.0000000000000000     
  -23413828142252.883        0.0000000000000000        0.0000000000000000        319779.53694216680        0.0000000000000000        0.0000000000000000       -2.9949717878336723E-003   0.0000000000000000        0.0000000000000000        1562.5000000000000        1.0001290963695770E-010   15622983129596.006        12.499270604619651        187464858036.69894        6.1808321625891340E-005   0.0000000000000000        0.0000000000000000        0.0000000000000000        1.5392546033020441E-022   0.0000000000000000        0.0000000000000000        0.0000000000000000     
  -7788908991969.3643        0.0000000000000000        0.0000000000000000        317598.32377292385        0.0000000000000000        0.0000000000000000       -3.2312833901622720E-002   0.0000000000000000        0.0000000000000000        1562.5000000000000        1.0013899510264409E-010   15603312160246.988        12.515403677601565        187470480377.39554        6.1813968443211041E-005   0.0000000000000000        0.0000000000000000        0.0000000000000000        1.4832854251819863E-022   0.0000000000000000        0.0000000000000000        0.0000000000000000     
   7788908991969.3643        0.0000000000000000        0.0000000000000000       -317598.32377292385        0.0000000000000000        0.0000000000000000        3.2312833901622720E-002   0.0000000000000000        0.0000000000000000        1562.5000000000000        1.0013899510264409E-010   15603312160246.988        12.515403677601565        187470480377.39554        6.1813968443211041E-005   0.0000000000000000        0.0000000000000000        0.0000000000000000       -1.4832854251819863E-022   0.0000000000000000        0.0000000000000000        0.0000000000000000     
   23413828142252.883        0.0000000000000000        0.0000000000000000       -319779.53694216680        0.0000000000000000        0.0000000000000000        2.9949717878336723E-003   0.0000000000000000        0.0000000000000000        1562.5000000000000        1.0001290963695770E-010   15622983129596.006        12.499270604619651        187464858036.69894        6.1808321625891340E-005   0.0000000000000000        0.0000000000000000        0.0000000000000000       -1.5392546033020441E-022   0.0000000000000000        0.0000000000000000        0.0000000000000000     
   39038819999976.203        0.0000000000000000        0.0000000000000000       -319999.98772201227        0.0000000000000000        0.0000000000000000        3.0290230836991792E-007   0.0000000000000000        0.0000000000000000        1562.5000000000000        1.0000004544415821E-010   15624992899353.506        12.497696115350923        187465356538.21063        6.1809164530512699E-005   0.0000000000000000        0.0000000000000000        0.0000000000000000       -1.3149214049067189E-022   0.0000000000000000        0.0000000000000000        0.0000000000000000     
   54663819999976.203        0.0000000000000000        0.0000000000000000       -320000.00631975743        0.0000000000000000        0.0000000000000000       -2.1747587915286593E-007   0.0000000000000000        0.0000000000000000        1562.5000000000000        1.0000000217127569E-010   15624999660738.182        12.497445187643676        187461673744.34540        6.1804303258146777E-005   0.0000000000000000        0.0000000000000000        0.0000000000000000       -1.3522943672077600E-022   0.0000000000000000        0.0000000000000000        0.0000000000000000     
   70288819999976.203        0.0000000000000000        0.0000000000000000       -319999.99644019204        0.0000000000000000        0.0000000000000000        5.5748576534895439E-008   0.0000000000000000        0.0000000000000000        1562.5000000000000        9.9999999999999060E-011   15625000000000.146        12.497472058542424        187462080878.13809        6.1804842591160872E-005   0.0000000000000000        0.0000000000000000        0.0000000000000000       -1.1414291225551103E-022   0.0000000000000000        0.0000000000000000        0.0000000000000000     
   85913819999976.531        0.0000000000000000        0.0000000000000000       -319999.99646367319        0.0000000000000000        0.0000000000000000        5.9032890930237346E-008   0.0000000000000000        0.0000000000000000        1562.5000000000000        9.9999999999999047E-011   15625000000000.150        12.497269653924628        187459044808.87115        6.1800829981457881E-005   0.0000000000000000        0.0000000000000000        0.0000000000000000       -1.1716366915501242E-022   0.0000000000000000        0.0000000000000000        0.0000000000000000     
   101538819999976.53        0.0000000000000000        0.0000000000000000       -319999.99704672408        0.0000000000000000        0.0000000000000000        4.9342272471433776E-008   0.0000000000000000        0.0000000000000000        1562.5000000000000        9.9999999999999913E-011   15625000000000.014        12.497282827944208        187459242419.16327        6.1801093705305844E-005   0.0000000000000000        0.0000000000000000        0.0000000000000000       -9.7835666735399975E-023   0.0000000000000000        0.0000000000000000        0.0000000000000000     
   117163819999976.53        0.0000000000000000        0.0000000000000000       -319999.99708664132        0.0000000000000000        0.0000000000000000        5.0366378321580589E-008   0.0000000000000000        0.0000000000000000        1562.5000000000000        1.0000000000000007E-010   15624999999999.988        12.497119692089038        187456795381.33542        6.1797855740763926E-005   0.0000000000000000        0.0000000000000000        0.0000000000000000       -9.9896476508664220E-023   0.0000000000000000        0.0000000000000000        0.0000000000000000     
   132788819999976.53        0.0000000000000000        0.0000000000000000       -319999.99785912095        0.0000000000000000        0.0000000000000000        4.1709371816762560E-008   0.0000000000000000        0.0000000000000000        1562.5000000000000        1.0000000000000047E-010   15624999999999.926        12.497121592393247        187456823885.89783        6.1797896623074647E-005   0.0000000000000000        0.0000000000000000        0.0000000000000000       -8.2768063156649660E-023   0.0000000000000000        0.0000000000000000        0.0000000000000000     
   148413819999976.38        0.0000000000000000        0.0000000000000000       -319999.99791307206        0.0000000000000000        0.0000000000000000        4.2191057103455081E-008   0.0000000000000000        0.0000000000000000        1562.5000000000000        1.0000000000000048E-010   15624999999999.924        12.496992939120974        187454894086.81366        6.1795339625079105E-005   0.0000000000000000        0.0000000000000000        0.0000000000000000       -8.3773958976811237E-023   0.0000000000000000        0.0000000000000000        0.0000000000000000     
   164038819999976.38        0.0000000000000000        0.0000000000000000       -319999.99887704279        0.0000000000000000        0.0000000000000000        3.4773134340299040E-008   0.0000000000000000        0.0000000000000000        1562.5000000000000        1.0000000000000004E-010   15624999999999.992        12.496986585069326        187454798776.03979        6.1795216838470316E-005   0.0000000000000000        0.0000000000000000        0.0000000000000000       -6.9064752574109376E-023   0.0000000000000000        0.0000000000000000        0.0000000000000000     
   179663819999976.38        0.0000000000000000        0.0000000000000000       -319999.99894679058        0.0000000000000000        0.0000000000000000        3.4740454957462735E-008   0.0000000000000000        0.0000000000000000        1562.5000000000000        1.0000000000000000E-010   15625000000000.000        12.496887186386777        187453307795.80164        6.1793238352190926E-005   0.0000000000000000        0.0000000000000000        0.0000000000000000       -6.9065022607562333E-023   0.0000000000000000        0.0000000000000000        0.0000000000000000     
   195288819999976.38        0.0000000000000000        0.0000000000000000       -320000.00000000000        0.0000000000000000        0.0000000000000000        2.8566014337702153E-008   0.0000000000000000        0.0000000000000000        1562.5000000000000        1.0000000000000000E-010   15625000000000.000        12.496875539143543        187453133087.15314        6.1793010069741139E-005   0.0000000000000000        0.0000000000000000        0.0000000000000000       -5.6787940321835994E-023   0.0000000000000000        0.0000000000000000        0.0000000000000000     
   210913819999976.38        0.0000000000000000        0.0000000000000000       -320000.00000000000        0.0000000000000000        0.0000000000000000        2.8114430772493989E-008   0.0000000000000000        0.0000000000000000        1562.5000000000000        1.0000000000000000E-010   15625000000000.000        12.496800190230127        187452002853.45187        6.1791507928893042E-005   0.0000000000000000        0.0000000000000000        0.0000000000000000       -5.5941626205031150E-023   0.0000000000000000        0.0000000000000000        0.0000000000000000     
   226538819999976.38        0.0000000000000000        0.0000000000000000       -320000.00000000000        0.0000000000000000        0.0000000000000000        2.3072755749270074E-008   0.0000000000000000        0.0000000000000000        1562.5000000000000        1.0000000000000000E-010   15625000000000.000        12.496785860108210        187451787901.62314        6.1791225593828467E-005   0.0000000000000000        0.0000000000000000        0.0000000000000000       -4.5945275597510735E-023   0.0000000000000000        0.0000000000000000        0.0000000000000000     
   242163819999976.38        0.0000000000000000        0.0000000000000000       -320000.00000000000        0.0000000000000000        0.0000000000000000        2.2318796620642733E-008   0.0000000000000000        0.0000000000000000        1562.5000000000000        1.0000000000000000E-010   15625000000000.000        12.496729740645003        187450946109.67502        6.1790105001490754E-005   0.0000000000000000        0.0000000000000000        0.0000000000000000       -4.4472666177290671E-023   0.0000000000000000        0.0000000000000000        0.0000000000000000     
   257788819999976.38        0.0000000000000000        0.0000000000000000       -320000.00000000000        0.0000000000000000        0.0000000000000000        1.8303901526069745E-008   0.0000000000000000        0.0000000000000000        1562.5000000000000        1.0000000000000020E-010   15624999999999.973        12.496714812397666        187450722185.96460        6.1789809865414952E-005   0.0000000000000000        0.0000000000000000        0.0000000000000000       -3.6496130358645067E-023   0.0000000000000000        0.0000000000000000        0.0000000000000000     
   273413819999976.38        0.0000000000000000        0.0000000000000000       -320000.00000000000        0.0000000000000000        0.0000000000000000        1.7354190044845205E-008   0.0000000000000000        0.0000000000000000        1562.5000000000000        1.0000000000000203E-010   15624999999999.684        12.496673718024875        187450105770.36929        6.1788987963211714E-005   0.0000000000000000        0.0000000000000000        0.0000000000000000       -3.4630610296324785E-023   0.0000000000000000        0.0000000000000000        0.0000000000000000     
   289038819999975.69        0.0000000000000000        0.0000000000000000       -320000.00000000000        0.0000000000000000        0.0000000000000000        1.4202671533980764E-008   0.0000000000000000        0.0000000000000000        1562.5000000000000        1.0000000000000203E-010   15624999999999.684        12.496659694562412        187449895418.43234        6.1788709927734382E-005   0.0000000000000000        0.0000000000000000        0.0000000000000000       -2.8358014143765340E-023   0.0000000000000000        0.0000000000000000        0.0000000000000000     
   304663819999975.69        0.0000000000000000        0.0000000000000000       -320000.00000000000        0.0000000000000000        0.0000000000000000        1.3163014931827081E-008   0.0000000000000000        0.0000000000000000        1562.5000000000000        1.0000000000000021E-010   15624999999999.967        12.496630141185653        187449452117.78439        6.1788117899435330E-005   0.0000000000000000        0.0000000000000000        0.0000000000000000       -2.6307467964548248E-023   0.0000000000000000        0.0000000000000000        0.0000000000000000     
   320288819999975.69        0.0000000000000000        0.0000000000000000       -320000.00000000000        0.0000000000000000        0.0000000000000000        1.0707841740448644E-008   0.0000000000000000        0.0000000000000000        1562.5000000000000        1.0000000000000000E-010   15625000000000.000        12.496617984166146        187449269762.49219        6.1787876247874874E-005   0.0000000000000000        0.0000000000000000        0.0000000000000000       -2.1412068831752963E-023   0.0000000000000000        0.0000000000000000        0.0000000000000000     
   335913819999975.69        0.0000000000000000        0.0000000000000000       -320000.00000000000        0.0000000000000000        0.0000000000000000        9.6586910139800436E-009   0.0000000000000000        0.0000000000000000        1562.5000000000000        1.0000000000000000E-010   15625000000000.000        12.496597212217880        187448958183.26816        6.1787459461320088E-005   0.0000000000000000        0.0000000000000000        0.0000000000000000       -1.9335766456857423E-023   0.0000000000000000        0.0000000000000000        0.0000000000000000     
   351538819999975.69        0.0000000000000000        0.0000000000000000       -320000.00000000000        0.0000000000000000        0.0000000000000000        7.7432031060144704E-009   0.0000000000000000        0.0000000000000000        1562.5000000000000        1.0000000000000000E-010   15625000000000.000        12.496587442847909        187448811642.71863        6.1787264783074898E-005   0.0000000000000000        0.0000000000000000        0.0000000000000000       -1.5510069520855625E-023   0.0000000000000000        0.0000000000000000        0.0000000000000000     
   367163819999975.69        0.0000000000000000        0.0000000000000000       -320000.00000000000        0.0000000000000000        0.0000000000000000        6.7359313655307217E-009   0.0000000000000000        0.0000000000000000        1562.5000000000000        1.0000000000000000E-010   15625000000000.000        12.496573355871638        187448600338.07455        6.1786981635013775E-005   0.0000000000000000        0.0000000000000000        0.0000000000000000       -1.3510930382950804E-023   0.0000000000000000        0.0000000000000000        0.0000000000000000     
   382788819999975.69        0.0000000000000000        0.0000000000000000       -320000.00000000000        0.0000000000000000        0.0000000000000000        5.2219409586760821E-009   0.0000000000000000        0.0000000000000000        1562.5000000000000        1.0000000000000000E-010   15625000000000.000        12.496566179450879        187448492691.76315        6.1786838234867688E-005   0.0000000000000000        0.0000000000000000        0.0000000000000000       -1.0482991309033731E-023   0.0000000000000000        0.0000000000000000        0.0000000000000000     
   398413819999975.69        0.0000000000000000        0.0000000000000000       -320000.00000000000        0.0000000000000000        0.0000000000000000        4.2813293103919614E-009   0.0000000000000000        0.0000000000000000        1562.5000000000000        1.0000000000000000E-010   15625000000000.000        12.496557250450916        187448358756.76370        6.1786658344498580E-005   0.0000000000000000        0.0000000000000000        0.0000000000000000       -8.6120383995793778E-024   0.0000000000000000        0.0000000000000000        0.0000000000000000     
   414038819999975.69        0.0000000000000000        0.0000000000000000       -320000.00000000000        0.0000000000000000        0.0000000000000000        3.0519235700155145E-009   0.0000000000000000        0.0000000000000000        1562.5000000000000        1.0000000000000000E-010   15625000000000.000        12.496552675579519        187448290133.69275        6.1786566566485955E-005   0.0000000000000000        0.0000000000000000        0.0000000000000000       -6.1513019146679914E-024   0.0000000000000000        0.0000000000000000        0.0000000000000000     
   429663819999975.69        0.0000000000000000        0.0000000000000000       -320000.00000000000        0.0000000000000000        0.0000000000000000        2.1825774669452322E-009   0.0000000000000000        0.0000000000000000        1562.5000000000000        1.0000000000000000E-010   15625000000000.000        12.496547845812598        187448217687.18896        6.1786468804431264E-005   0.0000000000000000        0.0000000000000000        0.0000000000000000       -4.4199351270631770E-024   0.0000000000000000        0.0000000000000000        0.0000000000000000     
   445288819999975.69        0.0000000000000000        0.0000000000000000       -320000.00000000000        0.0000000000000000        0.0000000000000000        1.1414538928230388E-009   0.0000000000000000        0.0000000000000000        1562.5000000000000        1.0000000000000000E-010   15625000000000.000        12.496545779469107        187448186692.03659        6.1786426897322852E-005   0.0000000000000000        0.0000000000000000        0.0000000000000000       -2.3362742638553236E-024   0.0000000000000000        0.0000000000000000        0.0000000000000000     
   460913819999975.69        0.0000000000000000        0.0000000000000000       -320000.00000000000        0.0000000000000000        0.0000000000000000        3.3602615658648326E-010   0.0000000000000000        0.0000000000000000        1562.5000000000000        1.0000000000000000E-010   15625000000000.000        12.496544365452491        187448165481.78735        6.1786397560456961E-005   0.0000000000000000        0.0000000000000000        0.0000000000000000       -7.3220146767887193E-025   0.0000000000000000        0.0000000000000000        0.0000000000000000     
   476538819999975.69        0.0000000000000000        0.0000000000000000       -320000.00000000000        0.0000000000000000        0.0000000000000000       -5.9461512420669746E-010   0.0000000000000000        0.0000000000000000        1562.5000000000000        1.0000000000000000E-010   15625000000000.000        12.496544674951682        187448170124.27521        6.1786402903380033E-005   0.0000000000000000        0.0000000000000000        0.0000000000000000        1.1280321559287961E-024   0.0000000000000000        0.0000000000000000        0.0000000000000000     
   492163819999975.69        0.0000000000000000        0.0000000000000000       -320000.00000000000        0.0000000000000000        0.0000000000000000       -1.3471242455949807E-009   0.0000000000000000        0.0000000000000000        1562.5000000000000        1.0000000000000000E-010   15625000000000.000        12.496546290097447        187448194351.46167        6.1786434168309073E-005   0.0000000000000000        0.0000000000000000        0.0000000000000000        2.6245728004470920E-024   0.0000000000000000        0.0000000000000000        0.0000000000000000     
   507788819999975.69        0.0000000000000000        0.0000000000000000       -320000.00000000000        0.0000000000000000        0.0000000000000000       -2.2288964687719480E-009   0.0000000000000000        0.0000000000000000        1562.5000000000000        1.0000000000000000E-010   15625000000000.000        12.496548830945782        187448232464.18671        6.1786483830860204E-005   0.0000000000000000        0.0000000000000000        0.0000000000000000        4.3829995503595516E-024   0.0000000000000000        0.0000000000000000        0.0000000000000000     
   523413819999975.69        0.0000000000000000        0.0000000000000000       -320000.00000000000        0.0000000000000000        0.0000000000000000       -2.9357263745966244E-009   0.0000000000000000        0.0000000000000000        1562.5000000000000        1.0000000000000000E-010   15625000000000.000        12.496553322342558        187448299835.13834        6.1786572500455416E-005   0.0000000000000000        0.0000000000000000        0.0000000000000000        5.7847417655355657E-024   0.0000000000000000        0.0000000000000000        0.0000000000000000     
   539038819999975.69        0.0000000000000000        0.0000000000000000       -320000.00000000000        0.0000000000000000        0.0000000000000000       -3.8158524887718365E-009   0.0000000000000000        0.0000000000000000        1562.5000000000000        9.9999999999999551E-011   15625000000000.068        12.496557935569523        187448369033.54367        6.1786663206747991E-005   0.0000000000000000        0.0000000000000000        0.0000000000000000        7.5343337086468750E-024   0.0000000000000000        0.0000000000000000        0.0000000000000000     
   554663819999975.69        0.0000000000000000        0.0000000000000000       -320000.00000000000        0.0000000000000000        0.0000000000000000       -4.4747308112651616E-009   0.0000000000000000        0.0000000000000000        1562.5000000000000        9.9999999999995053E-011   15625000000000.771        12.496565332867556        187448479993.02258        6.1786809687593280E-005   0.0000000000000000        0.0000000000000000        0.0000000000000000        8.8359276798134416E-024   0.0000000000000000        0.0000000000000000        0.0000000000000000     
   570288819999977.38        0.0000000000000000        0.0000000000000000       -320000.00000000000        0.0000000000000000        0.0000000000000000       -5.3861137444995220E-009   0.0000000000000000        0.0000000000000000        1562.5000000000000        9.9999999999995053E-011   15625000000000.771        12.496571819226821        187448577288.41156        6.1786937334622308E-005   0.0000000000000000        0.0000000000000000        0.0000000000000000        1.0641392363206236E-023   0.0000000000000000        0.0000000000000000        0.0000000000000000     
   585913819999977.38        0.0000000000000000        0.0000000000000000       -320000.00000000000        0.0000000000000000        0.0000000000000000       -5.9826499390865039E-009   0.0000000000000000        0.0000000000000000        1562.5000000000000        9.9999999999999551E-011   15625000000000.068        12.496582287104475        187448734306.56796        6.1787144694592174E-005   0.0000000000000000        0.0000000000000000        0.0000000000000000        1.1813939129123979E-023   0.0000000000000000        0.0000000000000000        0.0000000000000000     
   601538819999977.38        0.0000000000000000        0.0000000000000000       -320000.00000000000        0.0000000000000000        0.0000000000000000       -6.9435756094300157E-009   0.0000000000000000        0.0000000000000000        1562.5000000000000        1.0000000000000000E-010   15625000000000.000        12.496590371101663        187448855566.52490        6.1787303658895253E-005   0.0000000000000000        0.0000000000000000        0.0000000000000000        1.3710736751377611E-023   0.0000000000000000        0.0000000000000000        0.0000000000000000     
   617163819999977.38        0.0000000000000000        0.0000000000000000       -320000.00000000000        0.0000000000000000        0.0000000000000000       -7.4499738303377089E-009   0.0000000000000000        0.0000000000000000        1562.5000000000000        1.0000000000000000E-010   15625000000000.000        12.496604162010533        187449062430.15799        6.1787576672037254E-005   0.0000000000000000        0.0000000000000000        0.0000000000000000        1.4700240297969041E-023   0.0000000000000000        0.0000000000000000        0.0000000000000000     
   632788819999977.38        0.0000000000000000        0.0000000000000000       -320000.00000000000        0.0000000000000000        0.0000000000000000       -8.4607230400735885E-009   0.0000000000000000        0.0000000000000000        1562.5000000000000        1.0000000000000000E-010   15625000000000.000        12.496613452546216        187449201788.19321        6.1787759086453278E-005   0.0000000000000000        0.0000000000000000        0.0000000000000000        1.6688420819878605E-023   0.0000000000000000        0.0000000000000000        0.0000000000000000     
   648413819999977.38        0.0000000000000000        0.0000000000000000       -320000.00000000000        0.0000000000000000        0.0000000000000000       -8.8407187605266344E-009   0.0000000000000000        0.0000000000000000        1562.5000000000000        1.0000000000000000E-010   15625000000000.000        12.496630844840832        187449462672.61243        6.1788103009123663E-005   0.0000000000000000        0.0000000000000000        0.0000000000000000        1.7424855047424902E-023   0.0000000000000000        0.0000000000000000        0.0000000000000000     
   664038819999977.38        0.0000000000000000        0.0000000000000000       -320000.00000000000        0.0000000000000000        0.0000000000000000       -9.8796581768667411E-009   0.0000000000000000        0.0000000000000000        1562.5000000000000        1.0000000000000000E-010   15625000000000.000        12.496640817826647        187449612267.39966        6.1788298445838611E-005   0.0000000000000000        0.0000000000000000        0.0000000000000000        1.9461289416758337E-023   0.0000000000000000        0.0000000000000000        0.0000000000000000     
   679663819999977.38        0.0000000000000000        0.0000000000000000       -320000.00000000000        0.0000000000000000        0.0000000000000000       -1.0095556487957411E-008   0.0000000000000000        0.0000000000000000        1562.5000000000000        1.0000000000000000E-010   15625000000000.000        12.496662033981602        187449930509.72400        6.1788717398826703E-005   0.0000000000000000        0.0000000000000000        0.0000000000000000        1.9872802253224268E-023   0.0000000000000000        0.0000000000000000        0.0000000000000000     
   695288819999977.38        0.0000000000000000        0.0000000000000000       -320000.00000000000        0.0000000000000000        0.0000000000000000       -1.1114328377399894E-008   0.0000000000000000        0.0000000000000000        1562.5000000000000        1.0000000000000000E-010   15625000000000.000        12.496672045887504        187450080688.31253        6.1788913172954163E-005   0.0000000000000000        0.0000000000000000        0.0000000000000000        2.1862187518578593E-023   0.0000000000000000        0.0000000000000000        0.0000000000000000     
   710913819999977.38        0.0000000000000000        0.0000000000000000       -320000.00000000000        0.0000000000000000        0.0000000000000000       -1.1137642958892560E-008   0.0000000000000000        0.0000000000000000        1562.5000000000000        1.0000000000000000E-010   15625000000000.000        12.496697145116494        187450457176.74738        6.1789408038813106E-005   0.0000000000000000        0.0000000000000000        0.0000000000000000        2.1895555514950950E-023   0.0000000000000000        0.0000000000000000        0.0000000000000000     
   726538819999977.38        0.0000000000000000        0.0000000000000000       -320000.00000000000        0.0000000000000000        0.0000000000000000       -1.2057964278618991E-008   0.0000000000000000        0.0000000000000000        1562.5000000000000        1.0000000000000000E-010   15625000000000.000        12.496706491059063        187450597365.88593        6.1789590366294046E-005   0.0000000000000000        0.0000000000000000        0.0000000000000000        2.3684552946374830E-023   0.0000000000000000        0.0000000000000000        0.0000000000000000     
   742163819999977.38        0.0000000000000000        0.0000000000000000       -320000.00000000000        0.0000000000000000        0.0000000000000000       -1.1880359459004687E-008   0.0000000000000000        0.0000000000000000        1562.5000000000000        1.0000000000000000E-010   15625000000000.000        12.496735241140053        187451028617.10077        6.1790156298745976E-005   0.0000000000000000        0.0000000000000000        0.0000000000000000        2.3326116672729653E-023   0.0000000000000000        0.0000000000000000        0.0000000000000000     
   757788819999977.38        0.0000000000000000        0.0000000000000000       -320000.00000000000        0.0000000000000000        0.0000000000000000       -1.2595168815329858E-008   0.0000000000000000        0.0000000000000000        1562.5000000000000        1.0000000000000000E-010   15625000000000.000        12.496743256351808        187451148845.27707        6.1790312280980361E-005   0.0000000000000000        0.0000000000000000        0.0000000000000000        2.4706100593340008E-023   0.0000000000000000        0.0000000000000000        0.0000000000000000     
   773413819999977.38        0.0000000000000000        0.0000000000000000       -320000.00000000000        0.0000000000000000        0.0000000000000000       -1.2236446407832882E-008   0.0000000000000000        0.0000000000000000        1562.5000000000000        1.0000000000000000E-010   15625000000000.000        12.496775002753052        187451625041.29578        6.1790936185702233E-005   0.0000000000000000        0.0000000000000000        0.0000000000000000        2.3996405659479472E-023   0.0000000000000000        0.0000000000000000        0.0000000000000000     
   789038819999977.38        0.0000000000000000        0.0000000000000000       -320000.00000000000        0.0000000000000000        0.0000000000000000       -1.2621417848393277E-008   0.0000000000000000        0.0000000000000000        1562.5000000000000        1.0000000000000000E-010   15625000000000.000        12.496781190671374        187451717860.07059        6.1791056284453977E-005   0.0000000000000000        0.0000000000000000        0.0000000000000000        2.4720738726168272E-023   0.0000000000000000        0.0000000000000000        0.0000000000000000     
   804663819999977.38        0.0000000000000000        0.0000000000000000       -320000.00012138061        0.0000000000000000        0.0000000000000000       -1.2140615132219916E-008   0.0000000000000000        0.0000000000000000        1562.5000000000000        1.0000000000000000E-010   15625000000000.000        12.496814756145566        187452221342.18347        6.1791714916132118E-005   0.0000000000000000        0.0000000000000000        0.0000000000000000        2.3755383220963087E-023   0.0000000000000000        0.0000000000000000        0.0000000000000000     
   820288819999977.38        0.0000000000000000        0.0000000000000000       -320000.00127665792        0.0000000000000000        0.0000000000000000       -1.2033046428919714E-008   0.0000000000000000        0.0000000000000000        1562.5000000000000        1.0000000000000000E-010   15625000000000.000        12.496818908846874        187452283632.70309        6.1791795253703823E-005   0.0000000000000000        0.0000000000000000        0.0000000000000000        2.3574888988411113E-023   0.0000000000000000        0.0000000000000000        0.0000000000000000     
   835913819999977.38        0.0000000000000000        0.0000000000000000       -320000.00138536352        0.0000000000000000        0.0000000000000000       -1.1491845793868726E-008   0.0000000000000000        0.0000000000000000        1562.5000000000000        1.0000000000000000E-010   15625000000000.000        12.496852567103208        187452788506.54810        6.1792454761911634E-005   0.0000000000000000        0.0000000000000000        0.0000000000000000        2.2487248306827207E-023   0.0000000000000000        0.0000000000000000        0.0000000000000000     
   851538819999977.38        0.0000000000000000        0.0000000000000000       -320000.00169079710        0.0000000000000000        0.0000000000000000       -1.0839926233876281E-008   0.0000000000000000        0.0000000000000000        1562.5000000000000        1.0000000000000000E-010   15625000000000.000        12.496854834384061        187452822515.76089        6.1792498410029469E-005   0.0000000000000000        0.0000000000000000        0.0000000000000000        2.1201196382151195E-023   0.0000000000000000        0.0000000000000000        0.0000000000000000     
   867163819999977.38        0.0000000000000000        0.0000000000000000       -320000.00168466748        0.0000000000000000        0.0000000000000000       -1.0295466991854263E-008   0.0000000000000000        0.0000000000000000        1562.5000000000000        1.0000000000000000E-010   15625000000000.000        12.496886396423424        187453295946.35135        6.1793116070990719E-005   0.0000000000000000        0.0000000000000000        0.0000000000000000        2.0128933976766056E-023   0.0000000000000000        0.0000000000000000        0.0000000000000000     
   882788819999977.38        0.0000000000000000        0.0000000000000000       -320000.00175205496        0.0000000000000000        0.0000000000000000       -9.0342492516711919E-009   0.0000000000000000        0.0000000000000000        1562.5000000000000        1.0000000000000000E-010   15625000000000.000        12.496887265726297        187453308985.89444        6.1793132611556281E-005   0.0000000000000000        0.0000000000000000        0.0000000000000000        1.7642785795055480E-023   0.0000000000000000        0.0000000000000000        0.0000000000000000     
   898413819999977.38        0.0000000000000000        0.0000000000000000       -320000.00201892521        0.0000000000000000        0.0000000000000000       -8.4961217693335324E-009   0.0000000000000000        0.0000000000000000        1562.5000000000000        1.0000000000000000E-010   15625000000000.000        12.496914298827473        187453714482.41208        6.1793661096884805E-005   0.0000000000000000        0.0000000000000000        0.0000000000000000        1.6687176942084142E-023   0.0000000000000000        0.0000000000000000        0.0000000000000000     
   914038819999977.38        0.0000000000000000        0.0000000000000000       -320000.00247239933        0.0000000000000000        0.0000000000000000       -1.1584426036264782E-008   0.0000000000000000        0.0000000000000000        1562.5000000000000        1.0000000000000000E-010   15625000000000.000        12.496914471366088        187453717070.49130        6.1793664195761754E-005   0.0000000000000000        0.0000000000000000        0.0000000000000000        1.3058914978207892E-023   0.0000000000000000        0.0000000000000000        0.0000000000000000     
   929663819999977.38        0.0000000000000000        0.0000000000000000       -320000.01129858190        0.0000000000000000        0.0000000000000000       -2.2782113544464754E-007   0.0000000000000000        0.0000000000000000        1562.5000000000000        1.0000000134200372E-010   15624999790311.926        12.496934797024576        187454019439.72870        6.1794057920289263E-005   0.0000000000000000        0.0000000000000000        0.0000000000000000        1.2253123456455228E-023   0.0000000000000000        0.0000000000000000        0.0000000000000000     
   945288819999977.38        0.0000000000000000        0.0000000000000000       -320004.36727954441        0.0000000000000000        0.0000000000000000       -5.3750767276131918E-005   0.0000000000000000        0.0000000000000000        1562.5000000000000        1.0000001342003352E-010   15624997903120.045        12.496936513807409        187454022550.71844        6.1794061470628526E-005   0.0000000000000000        0.0000000000000000        0.0000000000000000        7.7040797248574884E-024   0.0000000000000000        0.0000000000000000        0.0000000000000000     
   960913814967466.25        0.0000000000000000        0.0000000000000000       -320137.03455629345        0.0000000000000000        0.0000000000000000       -1.8508192721259891E-003   0.0000000000000000        0.0000000000000000        1562.5000000000000        9.9999993043942089E-011   15625001086884.127        12.496945292477230        187454192426.58060        6.1794283269640707E-005   0.0000000000000000        0.0000000000000000        0.0000000000000000        6.9961198795931380E-024   0.0000000000000000        0.0000000000000000        0.0000000000000000     
   976538819999977.50        0.0000000000000000        0.0000000000000000       -319957.03069770563        0.0000000000000000        0.0000000000000000        5.8067860561955553E-004   0.0000000000000000        0.0000000000000000        1562.5000000000000        9.9096778938163862E-011   15767414609661.486        12.384071849282902        187454203587.34158        6.1794299731643935E-005   0.0000000000000000        0.0000000000000000        0.0000000000000000        1.1854694767176117E-024   0.0000000000000000        0.0000000000000000        0.0000000000000000     
   992163846085322.62        0.0000000000000000        0.0000000000000000       -319292.45598685305        0.0000000000000000        0.0000000000000000        9.5611110310193093E-003   0.0000000000000000        0.0000000000000000        1562.5000000000000        6.8979778161600659E-011   22651566033446.656        8.6203661891796983        187454202208.02716        6.1794298853215610E-005   0.0000000000000000        0.0000000000000000        0.0000000000000000        6.6705357730952187E-025   0.0000000000000000        0.0000000000000000        0.0000000000000000     
