   70000.000000000000     
  -992165123323267.38        0.0000000000000000        0.0000000000000000        319330.70051540207        0.0000000000000000        0.0000000000000000       -9.5611228821576993E-003   0.0000000000000000        0.0000000000000000        1562.5000000000000        6.8979787246696475E-011   22651563050085.074        8.6203761927277114        187454395051.22314        6.1794549679967733E-005   0.0000000000000000        0.0000000000000000        0.0000000000000000       -7.2667785043710529E-025   0.0000000000000000        0.0000000000000000        0.0000000000000000     
  -976540099999972.50        0.0000000000000000        0.0000000000000000        319959.35341619788        0.0000000000000000        0.0000000000000000       -5.8067771865276320E-004   0.0000000000000000        0.0000000000000000        1562.5000000000000        9.9096788285415885E-011   15767413122408.465        12.384085788900178        187454396905.85938        6.1794551220166650E-005   0.0000000000000000        0.0000000000000000        0.0000000000000000       -1.3237513450952322E-024   0.0000000000000000        0.0000000000000000        0.0000000000000000     
  -960915095467461.25        0.0000000000000000        0.0000000000000000        320129.63109028758        0.0000000000000000        0.0000000000000000        1.8509194997445673E-003   0.0000000000000000        0.0000000000000000        1562.5000000000000        9.9999993780482008E-011   15625000971799.748        12.496958108097335        187454383280.21909        6.1794531684868236E-005   0.0000000000000000        0.0000000000000000        0.0000000000000000       -7.6504653625597651E-024   0.0000000000000000        0.0000000000000000        0.0000000000000000     
  -945290099999972.38        0.0000000000000000        0.0000000000000000        320004.15246103506        0.0000000000000000        0.0000000000000000        5.3665903049800095E-005   0.0000000000000000        0.0000000000000000        1562.5000000000000        1.0000001208669946E-010   15624998111453.439        12.496948079162065        187454198530.40536        6.1794290732989941E-005   0.0000000000000000        0.0000000000000000        0.0000000000000000       -8.4066201440406999E-024   0.0000000000000000        0.0000000000000000        0.0000000000000000     
  -929665099999972.38        0.0000000000000000        0.0000000000000000        320000.01036725932        0.0000000000000000        0.0000000000000000        2.1657799724702759E-007   0.0000000000000000        0.0000000000000000        1562.5000000000000        1.0000000120867025E-010   15624999811145.273        12.496946433125762        187454194231.18335        6.1794285629048040E-005   0.0000000000000000        0.0000000000000000        0.0000000000000000       -1.3311848933595957E-023   0.0000000000000000        0.0000000000000000        0.0000000000000000     
  -914040099999972.38        0.0000000000000000        0.0000000000000000        320000.00247239933        0.0000000000000000        0.0000000000000000        1.1947123238761919E-008   0.0000000000000000        0.0000000000000000        1562.5000000000000        1.0000000000000000E-010   15625000000000.000        12.496924440652288        187453866609.78427        6.1793859296305060E-005   0.0000000000000000        0.0000000000000000        0.0000000000000000       -1.4189826768999137E-023   0.0000000000000000        0.0000000000000000        0.0000000000000000     
  -898415099999972.38        0.0000000000000000        0.0000000000000000        320000.00201892521        0.0000000000000000        0.0000000000000000        9.2015854854158203E-009   0.0000000000000000        0.0000000000000000        1562.5000000000000        1.0000000000000000E-010   15625000000000.000        12.496924159662894        187453862394.94339        6.1793854108243532E-005   0.0000000000000000        0.0000000000000000        0.0000000000000000       -1.8045873315267998E-023   0.0000000000000000        0.0000000000000000        0.0000000000000000     
  -882790099999972.38        0.0000000000000000        0.0000000000000000        320000.00175205496        0.0000000000000000        0.0000000000000000        9.7814742986227284E-009   0.0000000000000000        0.0000000000000000        1562.5000000000000        1.0000000000000002E-010   15624999999999.996        12.496895019648189        187453425294.72278        6.1793284755996651E-005   0.0000000000000000        0.0000000000000000        0.0000000000000000       -1.9091201817194911E-023   0.0000000000000000        0.0000000000000000        0.0000000000000000     
  -867165099999972.38        0.0000000000000000        0.0000000000000000        320000.00168466748        0.0000000000000000        0.0000000000000000        1.1082863854021950E-008   0.0000000000000000        0.0000000000000000        1562.5000000000000        1.0000000000000002E-010   15624999999999.996        12.496893922218836        187453408833.28250        6.1793263829638904E-005   0.0000000000000000        0.0000000000000000        0.0000000000000000       -2.1657648463542276E-023   0.0000000000000000        0.0000000000000000        0.0000000000000000     
  -851540099999972.38        0.0000000000000000        0.0000000000000000        320000.00169079710        0.0000000000000000        0.0000000000000000        1.1676405281865911E-008   0.0000000000000000        0.0000000000000000        1562.5000000000000        1.0000000000000000E-010   15625000000000.000        12.496860133312053        187452901999.68079        6.1792602881669887E-005   0.0000000000000000        0.0000000000000000        0.0000000000000000       -2.2825203081307891E-023   0.0000000000000000        0.0000000000000000        0.0000000000000000     
  -835915099999972.38        0.0000000000000000        0.0000000000000000        320000.00138536352        0.0000000000000000        0.0000000000000000        1.2298326049066968E-008   0.0000000000000000        0.0000000000000000        1562.5000000000000        1.0000000000000000E-010   15625000000000.000        12.496857450686514        187452861760.29767        6.1792551233337344E-005   0.0000000000000000        0.0000000000000000        0.0000000000000000       -2.4055970434864378E-023   0.0000000000000000        0.0000000000000000        0.0000000000000000     
  -820290099999972.38        0.0000000000000000        0.0000000000000000        320000.00127665792        0.0000000000000000        0.0000000000000000        1.2880577135295799E-008   0.0000000000000000        0.0000000000000000        1562.5000000000000        1.0000000000000000E-010   15625000000000.000        12.496821717128622        187452325756.92929        6.1791851267856761E-005   0.0000000000000000        0.0000000000000000        0.0000000000000000       -2.5223904493827779E-023   0.0000000000000000        0.0000000000000000        0.0000000000000000     
  -804665099999972.38        0.0000000000000000        0.0000000000000000        320000.00012138061        0.0000000000000000        0.0000000000000000        1.2906124319434153E-008   0.0000000000000000        0.0000000000000000        1562.5000000000000        1.0000000000000000E-010   15625000000000.000        12.496816945589952        187452254183.84927        6.1791758978857090E-005   0.0000000000000000        0.0000000000000000        0.0000000000000000       -2.5248082982140827E-023   0.0000000000000000        0.0000000000000000        0.0000000000000000     
  -789040099999972.38        0.0000000000000000        0.0000000000000000        320000.00000000000        0.0000000000000000        0.0000000000000000        1.3408883654050971E-008   0.0000000000000000        0.0000000000000000        1562.5000000000000        1.0000000000000000E-010   15625000000000.000        12.496781648793121        187451724731.89679        6.1791066462287244E-005   0.0000000000000000        0.0000000000000000        0.0000000000000000       -2.6257546591053397E-023   0.0000000000000000        0.0000000000000000        0.0000000000000000     
  -773415099999972.38        0.0000000000000000        0.0000000000000000        320000.00000000000        0.0000000000000000        0.0000000000000000        1.2913469376028265E-008   0.0000000000000000        0.0000000000000000        1562.5000000000000        1.0000000000000000E-010   15625000000000.000        12.496774681528445        187451620222.92664        6.1790931257914210E-005   0.0000000000000000        0.0000000000000000        0.0000000000000000       -2.5320939492787357E-023   0.0000000000000000        0.0000000000000000        0.0000000000000000     
  -757790099999972.38        0.0000000000000000        0.0000000000000000        320000.00000000000        0.0000000000000000        0.0000000000000000        1.3268788608914128E-008   0.0000000000000000        0.0000000000000000        1562.5000000000000        1.0000000000000002E-010   15624999999999.996        12.496741641547965        187451124623.21942        6.1790281897313912E-005   0.0000000000000000        0.0000000000000000        0.0000000000000000       -2.6026159356955173E-023   0.0000000000000000        0.0000000000000000        0.0000000000000000     
  -742165099999972.38        0.0000000000000000        0.0000000000000000        320000.00000000000        0.0000000000000000        0.0000000000000000        1.2437137601248656E-008   0.0000000000000000        0.0000000000000000        1562.5000000000000        1.0000000000000002E-010   15624999999999.996        12.496732771644465        187450991574.66693        6.1790109276280614E-005   0.0000000000000000        0.0000000000000000        0.0000000000000000       -2.4420452296404140E-023   0.0000000000000000        0.0000000000000000        0.0000000000000000     
  -726540099999972.38        0.0000000000000000        0.0000000000000000        320000.00000000000        0.0000000000000000        0.0000000000000000        1.2586329725497446E-008   0.0000000000000000        0.0000000000000000        1562.5000000000000        1.0000000000000000E-010   15625000000000.000        12.496703171313282        187450547569.69919        6.1789526468864354E-005   0.0000000000000000        0.0000000000000000        0.0000000000000000       -2.4726105356702323E-023   0.0000000000000000        0.0000000000000000        0.0000000000000000     
  -710915099999972.38        0.0000000000000000        0.0000000000000000        320000.00000000000        0.0000000000000000        0.0000000000000000        1.1559504858129702E-008   0.0000000000000000        0.0000000000000000        1562.5000000000000        1.0000000000000000E-010   15625000000000.000        12.496692994267898        187450394914.01843        6.1789327872798641E-005   0.0000000000000000        0.0000000000000000        0.0000000000000000       -2.2730484427959002E-023   0.0000000000000000        0.0000000000000000        0.0000000000000000     
  -695290099999972.38        0.0000000000000000        0.0000000000000000        320000.00000000000        0.0000000000000000        0.0000000000000000        1.1489262826907769E-008   0.0000000000000000        0.0000000000000000        1562.5000000000000        1.0000000000000000E-010   15625000000000.000        12.496667431039741        187450011465.59610        6.1788823642624873E-005   0.0000000000000000        0.0000000000000000        0.0000000000000000       -2.2608150537617734E-023   0.0000000000000000        0.0000000000000000        0.0000000000000000     
  -679665099999972.38        0.0000000000000000        0.0000000000000000        320000.00000000000        0.0000000000000000        0.0000000000000000        1.0384491588366765E-008   0.0000000000000000        0.0000000000000000        1562.5000000000000        1.0000000000000000E-010   15625000000000.000        12.496656695789003        187449850436.83502        6.1788613607014942E-005   0.0000000000000000        0.0000000000000000        0.0000000000000000       -2.0451267226086777E-023   0.0000000000000000        0.0000000000000000        0.0000000000000000     
  -664040099999972.38        0.0000000000000000        0.0000000000000000        320000.00000000000        0.0000000000000000        0.0000000000000000        1.0113378000457099E-008   0.0000000000000000        0.0000000000000000        1562.5000000000000        1.0000000000000000E-010   15625000000000.000        12.496635311572195        187449529673.58289        6.1788191070249736E-005   0.0000000000000000        0.0000000000000000        0.0000000000000000       -1.9934079158829758E-023   0.0000000000000000        0.0000000000000000        0.0000000000000000     
  -648415099999972.38        0.0000000000000000        0.0000000000000000        320000.00000000000        0.0000000000000000        0.0000000000000000        9.0133940256785243E-009   0.0000000000000000        0.0000000000000000        1562.5000000000000        1.0000000000000000E-010   15625000000000.000        12.496624773065253        187449371595.97876        6.1787984371340228E-005   0.0000000000000000        0.0000000000000000        0.0000000000000000       -1.7778276974529370E-023   0.0000000000000000        0.0000000000000000        0.0000000000000000     
  -632790099999972.38        0.0000000000000000        0.0000000000000000        320000.00000000000        0.0000000000000000        0.0000000000000000        8.5807702154623635E-009   0.0000000000000000        0.0000000000000000        1562.5000000000000        1.0000000000000002E-010   15624999999999.996        12.496607409093992        187449111136.40982        6.1787640719687453E-005   0.0000000000000000        0.0000000000000000        0.0000000000000000       -1.6940417264206412E-023   0.0000000000000000        0.0000000000000000        0.0000000000000000     
  -617165099999972.38        0.0000000000000000        0.0000000000000000        320000.00000000000        0.0000000000000000        0.0000000000000000        7.5344803072819513E-009   0.0000000000000000        0.0000000000000000        1562.5000000000000        1.0000000000000002E-010   15624999999999.996        12.496597720517297        187448965807.75940        6.1787450258772320E-005   0.0000000000000000        0.0000000000000000        0.0000000000000000       -1.4882403013472622E-023   0.0000000000000000        0.0000000000000000        0.0000000000000000     
  -601540099999972.38        0.0000000000000000        0.0000000000000000        320000.00000000000        0.0000000000000000        0.0000000000000000        6.9870267829310605E-009   0.0000000000000000        0.0000000000000000        1562.5000000000000        1.0000000000000000E-010   15625000000000.000        12.496584060286141        187448760904.29208        6.1787179539454738E-005   0.0000000000000000        0.0000000000000000        0.0000000000000000       -1.3813253163367545E-023   0.0000000000000000        0.0000000000000000        0.0000000000000000     
  -585915099999972.38        0.0000000000000000        0.0000000000000000        320000.00000000000        0.0000000000000000        0.0000000000000000        6.0145944015633798E-009   0.0000000000000000        0.0000000000000000        1562.5000000000000        9.9999999999999551E-011   15625000000000.068        12.496575719991814        187448635799.87802        6.1787015272537327E-005   0.0000000000000000        0.0000000000000000        0.0000000000000000       -1.1893516877413922E-023   0.0000000000000000        0.0000000000000000        0.0000000000000000     
  -570290099999972.38        0.0000000000000000        0.0000000000000000        320000.00000000000        0.0000000000000000        0.0000000000000000        5.3943409251552272E-009   0.0000000000000000        0.0000000000000000        1562.5000000000000        9.9999999999995053E-011   15625000000000.771        12.496565402562725        187448481038.45013        6.1786810612101119E-005   0.0000000000000000        0.0000000000000000        0.0000000000000000       -1.0674489050091845E-023   0.0000000000000000        0.0000000000000000        0.0000000000000000     
  -554665099999970.69        0.0000000000000000        0.0000000000000000        320000.00000000000        0.0000000000000000        0.0000000000000000        4.4931912631926819E-009   0.0000000000000000        0.0000000000000000        1562.5000000000000        9.9999999999995053E-011   15625000000000.771        12.496558751952675        187448381279.29938        6.1786679463479480E-005   0.0000000000000000        0.0000000000000000        0.0000000000000000       -8.8887475150884281E-024   0.0000000000000000        0.0000000000000000        0.0000000000000000     
  -539040099999970.69        0.0000000000000000        0.0000000000000000        320000.00000000000        0.0000000000000000        0.0000000000000000        3.8299854339216402E-009   0.0000000000000000        0.0000000000000000        1562.5000000000000        9.9999999999999551E-011   15625000000000.068        12.496551454261084        187448271813.91708        6.1786534696639430E-005   0.0000000000000000        0.0000000000000000        0.0000000000000000       -7.5781369264634160E-024   0.0000000000000000        0.0000000000000000        0.0000000000000000     
  -523415099999970.69        0.0000000000000000        0.0000000000000000        320000.00000000000        0.0000000000000000        0.0000000000000000        2.9798346647912821E-009   0.0000000000000000        0.0000000000000000        1562.5000000000000        1.0000000000000000E-010   15625000000000.000        12.496546709413009        187448200641.19510        6.1786441146836056E-005   0.0000000000000000        0.0000000000000000        0.0000000000000000       -5.8870401564671192E-024   0.0000000000000000        0.0000000000000000        0.0000000000000000     
  -507790099999970.69        0.0000000000000000        0.0000000000000000        320000.00000000000        0.0000000000000000        0.0000000000000000        2.2872055446283481E-009   0.0000000000000000        0.0000000000000000        1562.5000000000000        1.0000000000000002E-010   15624999999999.996        12.496542204448279        187448133066.72412        6.1786351977187936E-005   0.0000000000000000        0.0000000000000000        0.0000000000000000       -4.5121843462135587E-024   0.0000000000000000        0.0000000000000000        0.0000000000000000     
  -492165099999970.69        0.0000000000000000        0.0000000000000000        320000.00000000000        0.0000000000000000        0.0000000000000000        1.4532514232863648E-009   0.0000000000000000        0.0000000000000000        1562.5000000000000        1.0000000000000002E-010   15624999999999.996        12.496539507025130        187448092605.37689        6.1786299017935745E-005   0.0000000000000000        0.0000000000000000        0.0000000000000000       -2.8474758462946353E-024   0.0000000000000000        0.0000000000000000        0.0000000000000000     
  -476540099999970.69        0.0000000000000000        0.0000000000000000        320000.00000000000        0.0000000000000000        0.0000000000000000        7.2996492056302062E-010   0.0000000000000000        0.0000000000000000        1562.5000000000000        1.0000000000000000E-010   15625000000000.000        12.496537708496636        187448065627.44952        6.1786263916512702E-005   0.0000000000000000        0.0000000000000000        0.0000000000000000       -1.4070396967772598E-024   0.0000000000000000        0.0000000000000000        0.0000000000000000     
  -460915099999970.69        0.0000000000000000        0.0000000000000000        320000.00000000000        0.0000000000000000        0.0000000000000000       -1.3616127373678981E-010   0.0000000000000000        0.0000000000000000        1562.5000000000000        1.0000000000000000E-010   15625000000000.000        12.496537172357082        187448057585.35620        6.1786253950146035E-005   0.0000000000000000        0.0000000000000000        0.0000000000000000        3.2653690135945460E-025   0.0000000000000000        0.0000000000000000        0.0000000000000000     
  -445290099999970.69        0.0000000000000000        0.0000000000000000        320000.00000000000        0.0000000000000000        0.0000000000000000       -9.0257883581513850E-010   0.0000000000000000        0.0000000000000000        1562.5000000000000        1.0000000000000000E-010   15625000000000.000        12.496538177620220        187448072664.30328        6.1786275015198746E-005   0.0000000000000000        0.0000000000000000        0.0000000000000000        1.8555173015482108E-024   0.0000000000000000        0.0000000000000000        0.0000000000000000     
  -429665099999970.69        0.0000000000000000        0.0000000000000000        320000.00000000000        0.0000000000000000        0.0000000000000000       -1.8633328674377991E-009   0.0000000000000000        0.0000000000000000        1562.5000000000000        1.0000000000000000E-010   15625000000000.000        12.496539921796193        187448098826.94287        6.1786310482413320E-005   0.0000000000000000        0.0000000000000000        0.0000000000000000        3.7812282412163013E-024   0.0000000000000000        0.0000000000000000        0.0000000000000000     
  -414040099999970.69        0.0000000000000000        0.0000000000000000        320000.00000000000        0.0000000000000000        0.0000000000000000       -2.6904213187228612E-009   0.0000000000000000        0.0000000000000000        1562.5000000000000        1.0000000000000000E-010   15625000000000.000        12.496544060579911        187448160908.69864        6.1786394412827940E-005   0.0000000000000000        0.0000000000000000        0.0000000000000000        5.4313475562041984E-024   0.0000000000000000        0.0000000000000000        0.0000000000000000     
  -398415099999970.69        0.0000000000000000        0.0000000000000000        320000.00000000000        0.0000000000000000        0.0000000000000000       -3.8241734132550944E-009   0.0000000000000000        0.0000000000000000        1562.5000000000000        1.0000000000000000E-010   15625000000000.000        12.496548217270041        187448223259.05057        6.1786477934444551E-005   0.0000000000000000        0.0000000000000000        0.0000000000000000        7.7040648182033370E-024   0.0000000000000000        0.0000000000000000        0.0000000000000000     
  -382790099999970.69        0.0000000000000000        0.0000000000000000        320000.00000000000        0.0000000000000000        0.0000000000000000       -4.7266944311477359E-009   0.0000000000000000        0.0000000000000000        1562.5000000000000        1.0000000000000002E-010   15624999999999.996        12.496556113002280        187448341695.03412        6.1786637250220008E-005   0.0000000000000000        0.0000000000000000        0.0000000000000000        9.5021572128356923E-024   0.0000000000000000        0.0000000000000000        0.0000000000000000     
  -367165099999970.69        0.0000000000000000        0.0000000000000000        320000.00000000000        0.0000000000000000        0.0000000000000000       -6.1306116070558323E-009   0.0000000000000000        0.0000000000000000        1562.5000000000000        1.0000000000000002E-010   15624999999999.996        12.496562803112420        187448442046.68625        6.1786771132799469E-005   0.0000000000000000        0.0000000000000000        0.0000000000000000        1.2313864354436600E-023   0.0000000000000000        0.0000000000000000        0.0000000000000000     
  -351540099999970.69        0.0000000000000000        0.0000000000000000        320000.00000000000        0.0000000000000000        0.0000000000000000       -7.1116205981322701E-009   0.0000000000000000        0.0000000000000000        1562.5000000000000        1.0000000000000000E-010   15625000000000.000        12.496575452009456        187448631780.14182        6.1787025738233576E-005   0.0000000000000000        0.0000000000000000        0.0000000000000000        1.4263492597319307E-023   0.0000000000000000        0.0000000000000000        0.0000000000000000     
  -335915099999970.69        0.0000000000000000        0.0000000000000000        320000.00000000000        0.0000000000000000        0.0000000000000000       -8.9045881819493875E-009   0.0000000000000000        0.0000000000000000        1562.5000000000000        1.0000000000000000E-010   15625000000000.000        12.496584723594301        187448770853.91452        6.1787210753441781E-005   0.0000000000000000        0.0000000000000000        0.0000000000000000        1.7848822582802215E-023   0.0000000000000000        0.0000000000000000        0.0000000000000000     
  -320290099999970.69        0.0000000000000000        0.0000000000000000        320000.00000000000        0.0000000000000000        0.0000000000000000       -9.9462580815965265E-009   0.0000000000000000        0.0000000000000000        1562.5000000000000        1.0000000000000000E-010   15625000000000.000        12.496603592173058        187449053882.59586        6.1787589853520882E-005   0.0000000000000000        0.0000000000000000        0.0000000000000000        1.9912430278514030E-023   0.0000000000000000        0.0000000000000000        0.0000000000000000     
  -304665099999970.69        0.0000000000000000        0.0000000000000000        320000.00000000000        0.0000000000000000        0.0000000000000000       -1.2270591677751080E-008   0.0000000000000000        0.0000000000000000        1562.5000000000000        1.0000000000000022E-010   15624999999999.965        12.496615321302480        187449229819.53674        6.1787823288394960E-005   0.0000000000000000        0.0000000000000000        0.0000000000000000        2.4551695964319770E-023   0.0000000000000000        0.0000000000000000        0.0000000000000000     
  -289040099999970.69        0.0000000000000000        0.0000000000000000        320000.00000000000        0.0000000000000000        0.0000000000000000       -1.3326399930737547E-008   0.0000000000000000        0.0000000000000000        1562.5000000000000        1.0000000000000239E-010   15624999999999.629        12.496642457120727        187449636856.80640        6.1788367550056226E-005   0.0000000000000000        0.0000000000000000        0.0000000000000000        2.6635592535646306E-023   0.0000000000000000        0.0000000000000000        0.0000000000000000     
  -273415099999971.50        0.0000000000000000        0.0000000000000000        320000.00000000000        0.0000000000000000        0.0000000000000000       -1.6346392305383755E-008   0.0000000000000000        0.0000000000000000        1562.5000000000000        1.0000000000000239E-010   15624999999999.629        12.496656218234353        187449843273.51077        6.1788640674074961E-005   0.0000000000000000        0.0000000000000000        0.0000000000000000        3.2651467439092955E-023   0.0000000000000000        0.0000000000000000        0.0000000000000000     
  -257790099999971.50        0.0000000000000000        0.0000000000000000        320000.00000000000        0.0000000000000000        0.0000000000000000       -1.7336975081073630E-008   0.0000000000000000        0.0000000000000000        1562.5000000000000        1.0000000000000022E-010   15624999999999.965        12.496694359505906        187450415392.58813        6.1789404343921736E-005   0.0000000000000000        0.0000000000000000        0.0000000000000000        3.4598185290537831E-023   0.0000000000000000        0.0000000000000000        0.0000000000000000     
  -242165099999971.50        0.0000000000000000        0.0000000000000000        320000.00000000000        0.0000000000000000        0.0000000000000000       -2.1231687193190498E-008   0.0000000000000000        0.0000000000000000        1562.5000000000000        1.0000000000000002E-010   15624999999999.996        12.496709283097152        187450639246.45724        6.1789699650029523E-005   0.0000000000000000        0.0000000000000000        0.0000000000000000        4.2341113595750124E-023   0.0000000000000000        0.0000000000000000        0.0000000000000000     
  -226540099999971.50        0.0000000000000000        0.0000000000000000        320000.00000000000        0.0000000000000000        0.0000000000000000       -2.2047152692350392E-008   0.0000000000000000        0.0000000000000000        1562.5000000000000        1.0000000000000000E-010   15625000000000.000        12.496761940735599        187451429111.03397        6.1790752109994567E-005   0.0000000000000000        0.0000000000000000        0.0000000000000000        4.3934505627457827E-023   0.0000000000000000        0.0000000000000000        0.0000000000000000     
  -210915099999971.50        0.0000000000000000        0.0000000000000000        320000.00000000000        0.0000000000000000        0.0000000000000000       -2.6996269352340112E-008   0.0000000000000000        0.0000000000000000        1562.5000000000000        1.0000000000000002E-010   15624999999999.996        12.496776588910501        187451648833.65747        6.1791040930945053E-005   0.0000000000000000        0.0000000000000000        0.0000000000000000        5.3752717265690774E-023   0.0000000000000000        0.0000000000000000        0.0000000000000000     
  -195290099999971.50        0.0000000000000000        0.0000000000000000        320000.00000000000        0.0000000000000000        0.0000000000000000       -2.7517510853668879E-008   0.0000000000000000        0.0000000000000000        1562.5000000000000        1.0000000000000000E-010   15625000000000.000        12.496848064106201        187452720961.59299        6.1792466974376723E-005   0.0000000000000000        0.0000000000000000        0.0000000000000000        5.4740364012303680E-023   0.0000000000000000        0.0000000000000000        0.0000000000000000     
  -179665099999971.50        0.0000000000000000        0.0000000000000000        319999.99917962123        0.0000000000000000        0.0000000000000000       -3.3653499679939413E-008   0.0000000000000000        0.0000000000000000        1562.5000000000000        1.0000000000000000E-010   15625000000000.000        12.496860365332564        187452905479.98843        6.1792708275182598E-005   0.0000000000000000        0.0000000000000000        0.0000000000000000        6.6932934065278406E-023   0.0000000000000000        0.0000000000000000        0.0000000000000000     
  -164040099999971.50        0.0000000000000000        0.0000000000000000        319999.99910987343        0.0000000000000000        0.0000000000000000       -3.3752549995684903E-008   0.0000000000000000        0.0000000000000000        1562.5000000000000        1.0000000000000003E-010   15624999999999.996        12.496955661303170        187454334919.54745        6.1794606304123740E-005   0.0000000000000000        0.0000000000000000        0.0000000000000000        6.7066833582945716E-023   0.0000000000000000        0.0000000000000000        0.0000000000000000     
  -148415099999971.50        0.0000000000000000        0.0000000000000000        319999.99814590270        0.0000000000000000        0.0000000000000000       -4.1192477242241469E-008   0.0000000000000000        0.0000000000000000        1562.5000000000000        1.0000000000000029E-010   15624999999999.955        12.496962947647500        187454444214.71194        6.1794747483749361E-005   0.0000000000000000        0.0000000000000000        0.0000000000000000        8.1822535525415137E-023   0.0000000000000000        0.0000000000000000        0.0000000000000000     
  -132790099999971.59        0.0000000000000000        0.0000000000000000        319999.99809195159        0.0000000000000000        0.0000000000000000       -4.0761168177801266E-008   0.0000000000000000        0.0000000000000000        1562.5000000000000        1.0000000000000028E-010   15624999999999.957        12.497087539259967        187456313088.89896        6.1797224951302694E-005   0.0000000000000000        0.0000000000000000        0.0000000000000000        8.0913573700408565E-023   0.0000000000000000        0.0000000000000000        0.0000000000000000     
  -117165099999971.59        0.0000000000000000        0.0000000000000000        319999.99731947196        0.0000000000000000        0.0000000000000000       -4.9521910167501953E-008   0.0000000000000000        0.0000000000000000        1562.5000000000000        1.0000000000000003E-010   15624999999999.996        12.497086718206196        187456300773.09290        6.1797205254215091E-005   0.0000000000000000        0.0000000000000000        0.0000000000000000        9.8247112363293840E-023   0.0000000000000000        0.0000000000000000        0.0000000000000000     
  -101540099999971.59        0.0000000000000000        0.0000000000000000        319999.99727955472        0.0000000000000000        0.0000000000000000       -4.8516551687407871E-008   0.0000000000000000        0.0000000000000000        1562.5000000000000        9.9999999999999900E-011   15625000000000.020        12.497246170866180        187458692562.99289        6.1800371189604089E-005   0.0000000000000000        0.0000000000000000        0.0000000000000000        9.6221487469236861E-023   0.0000000000000000        0.0000000000000000        0.0000000000000000     
  -85915099999971.594        0.0000000000000000        0.0000000000000000        319999.99669650383        0.0000000000000000        0.0000000000000000       -5.8406655177257169E-008   0.0000000000000000        0.0000000000000000        1562.5000000000000        9.9999999999999138E-011   15625000000000.135        12.497234034548431        187458510518.22806        6.1800127767871639E-005   0.0000000000000000        0.0000000000000000        0.0000000000000000        1.1592131153115447E-022   0.0000000000000000        0.0000000000000000        0.0000000000000000     
  -70290099999971.297        0.0000000000000000        0.0000000000000000        319999.99667302269        0.0000000000000000        0.0000000000000000       -5.5289154696197405E-008   0.0000000000000000        0.0000000000000000        1562.5000000000000        9.9999999999999138E-011   15625000000000.135        12.497433496015452        187461502440.23337        6.1804082872538184E-005   0.0000000000000000        0.0000000000000000        0.0000000000000000        1.1286349894284047E-022   0.0000000000000000        0.0000000000000000        0.0000000000000000     
  -54665099999971.297        0.0000000000000000        0.0000000000000000        320000.00541295717        0.0000000000000000        0.0000000000000000        2.0211159315139378E-007   0.0000000000000000        0.0000000000000000        1562.5000000000000        1.0000000194253908E-010   15624999696478.279        12.497407384346838        187461107123.69730        6.1803558916698328E-005   0.0000000000000000        0.0000000000000000        0.0000000000000000        1.3447018052167828E-022   0.0000000000000000        0.0000000000000000        0.0000000000000000     
  -39040099999971.297        0.0000000000000000        0.0000000000000000        319999.98888616549        0.0000000000000000        0.0000000000000000       -2.8709531717380955E-007   0.0000000000000000        0.0000000000000000        1562.5000000000000        1.0000004066390933E-010   15624993646266.752        12.497655862110481        187464761701.15646        6.1808383513440760E-005   0.0000000000000000        0.0000000000000000        0.0000000000000000        1.3063220756157293E-022   0.0000000000000000        0.0000000000000000        0.0000000000000000     
  -23415107284487.223        0.0000000000000000        0.0000000000000000        319791.51342236111        0.0000000000000000        0.0000000000000000       -2.9932684923147344E-003   0.0000000000000000        0.0000000000000000        1562.5000000000000        1.0001219752923064E-010   15623094368497.676        12.499142292837247        187464268383.62561        6.1807547675822282E-005   0.0000000000000000        0.0000000000000000        0.0000000000000000        1.5367570210647793E-022   0.0000000000000000        0.0000000000000000        0.0000000000000000     
  -7790179643804.6240        0.0000000000000000        0.0000000000000000        317727.60579064727        0.0000000000000000        0.0000000000000000       -3.2328176340305180E-002   0.0000000000000000        0.0000000000000000        1562.5000000000000        1.0013147818394300E-010   15604483508469.381        12.514424250937072        187469881768.06732        6.1813182338071602E-005   0.0000000000000000        0.0000000000000000        0.0000000000000000        1.4802339437734492E-022   0.0000000000000000        0.0000000000000000        0.0000000000000000     
   7790179643804.6240        0.0000000000000000        0.0000000000000000       -317727.60579064727        0.0000000000000000        0.0000000000000000        3.2328176340305180E-002   0.0000000000000000        0.0000000000000000        1562.5000000000000        1.0013147818394300E-010   15604483508469.381        12.514424250937072        187469881768.06732        6.1813182338071602E-005   0.0000000000000000        0.0000000000000000        0.0000000000000000       -1.4802339437734492E-022   0.0000000000000000        0.0000000000000000        0.0000000000000000     
   23415107284487.223        0.0000000000000000        0.0000000000000000       -319791.51342236111        0.0000000000000000        0.0000000000000000        2.9932684923147344E-003   0.0000000000000000        0.0000000000000000        1562.5000000000000        1.0001219752923064E-010   15623094368497.676        12.499142292837247        187464268383.62561        6.1807547675822282E-005   0.0000000000000000        0.0000000000000000        0.0000000000000000       -1.5367570210647793E-022   0.0000000000000000        0.0000000000000000        0.0000000000000000     
   39040099999971.297        0.0000000000000000        0.0000000000000000       -319999.98888616549        0.0000000000000000        0.0000000000000000        2.8709531717359271E-007   0.0000000000000000        0.0000000000000000        1562.5000000000000        1.0000004066390933E-010   15624993646266.752        12.497655862110481        187464761701.15646        6.1808383513440760E-005   0.0000000000000000        0.0000000000000000        0.0000000000000000       -1.3063220756157293E-022   0.0000000000000000        0.0000000000000000        0.0000000000000000     
   54665099999971.297        0.0000000000000000        0.0000000000000000       -320000.00541295717        0.0000000000000000        0.0000000000000000       -2.0211159315171904E-007   0.0000000000000000        0.0000000000000000        1562.5000000000000        1.0000000194253908E-010   15624999696478.279        12.497407384346838        187461107123.69730        6.1803558916698328E-005   0.0000000000000000        0.0000000000000000        0.0000000000000000       -1.3447018052167828E-022   0.0000000000000000        0.0000000000000000        0.0000000000000000     
   70290099999971.297        0.0000000000000000        0.0000000000000000       -319999.99667302269        0.0000000000000000        0.0000000000000000        5.5289154697064767E-008   0.0000000000000000        0.0000000000000000        1562.5000000000000        9.9999999999999138E-011   15625000000000.135        12.497433496015452        187461502440.23337        6.1804082872538184E-005   0.0000000000000000        0.0000000000000000        0.0000000000000000       -1.1286349894284047E-022   0.0000000000000000        0.0000000000000000        0.0000000000000000     
   85915099999971.594        0.0000000000000000        0.0000000000000000       -319999.99669650383        0.0000000000000000        0.0000000000000000        5.8406655177257169E-008   0.0000000000000000        0.0000000000000000        1562.5000000000000        9.9999999999999138E-011   15625000000000.135        12.497234034548431        187458510518.22806        6.1800127767871639E-005   0.0000000000000000        0.0000000000000000        0.0000000000000000       -1.1592131153115447E-022   0.0000000000000000        0.0000000000000000        0.0000000000000000     
   101540099999971.59        0.0000000000000000        0.0000000000000000       -319999.99727955472        0.0000000000000000        0.0000000000000000        4.8516551687407871E-008   0.0000000000000000        0.0000000000000000        1562.5000000000000        9.9999999999999900E-011   15625000000000.020        12.497246170866180        187458692562.99289        6.1800371189604089E-005   0.0000000000000000        0.0000000000000000        0.0000000000000000       -9.6221487469236861E-023   0.0000000000000000        0.0000000000000000        0.0000000000000000     
   117165099999971.59        0.0000000000000000        0.0000000000000000       -319999.99731947196        0.0000000000000000        0.0000000000000000        4.9521910167501953E-008   0.0000000000000000        0.0000000000000000        1562.5000000000000        1.0000000000000003E-010   15624999999999.996        12.497086718206196        187456300773.09290        6.1797205254215091E-005   0.0000000000000000        0.0000000000000000        0.0000000000000000       -9.8247112363293840E-023   0.0000000000000000        0.0000000000000000        0.0000000000000000     
   132790099999971.59        0.0000000000000000        0.0000000000000000       -319999.99809195159        0.0000000000000000        0.0000000000000000        4.0761168177801266E-008   0.0000000000000000        0.0000000000000000        1562.5000000000000        1.0000000000000028E-010   15624999999999.957        12.497087539259967        187456313088.89896        6.1797224951302694E-005   0.0000000000000000        0.0000000000000000        0.0000000000000000       -8.0913573700408565E-023   0.0000000000000000        0.0000000000000000        0.0000000000000000     
   148415099999971.50        0.0000000000000000        0.0000000000000000       -319999.99814590270        0.0000000000000000        0.0000000000000000        4.1192477242241469E-008   0.0000000000000000        0.0000000000000000        1562.5000000000000        1.0000000000000029E-010   15624999999999.955        12.496962947647500        187454444214.71194        6.1794747483749361E-005   0.0000000000000000        0.0000000000000000        0.0000000000000000       -8.1822535525415137E-023   0.0000000000000000        0.0000000000000000        0.0000000000000000     
   164040099999971.50        0.0000000000000000        0.0000000000000000       -319999.99910987343        0.0000000000000000        0.0000000000000000        3.3752549995684903E-008   0.0000000000000000        0.0000000000000000        1562.5000000000000        1.0000000000000003E-010   15624999999999.996        12.496955661303170        187454334919.54745        6.1794606304123740E-005   0.0000000000000000        0.0000000000000000        0.0000000000000000       -6.7066833582945716E-023   0.0000000000000000        0.0000000000000000        0.0000000000000000     
   179665099999971.50        0.0000000000000000        0.0000000000000000       -319999.99917962123        0.0000000000000000        0.0000000000000000        3.3653499679830993E-008   0.0000000000000000        0.0000000000000000        1562.5000000000000        1.0000000000000000E-010   15625000000000.000        12.496860365332564        187452905479.98843        6.1792708275182598E-005   0.0000000000000000        0.0000000000000000        0.0000000000000000       -6.6932934065278406E-023   0.0000000000000000        0.0000000000000000        0.0000000000000000     
   195290099999971.50        0.0000000000000000        0.0000000000000000       -320000.00000000000        0.0000000000000000        0.0000000000000000        2.7517510855945704E-008   0.0000000000000000        0.0000000000000000        1562.5000000000000        1.0000000000000000E-010   15625000000000.000        12.496848064106201        187452720961.59299        6.1792466974376723E-005   0.0000000000000000        0.0000000000000000        0.0000000000000000       -5.4740364012303680E-023   0.0000000000000000        0.0000000000000000        0.0000000000000000     
   210915099999971.50        0.0000000000000000        0.0000000000000000       -320000.00000000000        0.0000000000000000        0.0000000000000000        2.6996269352371680E-008   0.0000000000000000        0.0000000000000000        1562.5000000000000        1.0000000000000000E-010   15625000000000.000        12.496776588910501        187451648833.65747        6.1791040930945053E-005   0.0000000000000000        0.0000000000000000        0.0000000000000000       -5.3752717265690786E-023   0.0000000000000000        0.0000000000000000        0.0000000000000000     
   226540099999971.50        0.0000000000000000        0.0000000000000000       -320000.00000000000        0.0000000000000000        0.0000000000000000        2.2047152693217754E-008   0.0000000000000000        0.0000000000000000        1562.5000000000000        1.0000000000000000E-010   15625000000000.000        12.496761940735599        187451429111.03397        6.1790752109994567E-005   0.0000000000000000        0.0000000000000000        0.0000000000000000       -4.3934505627457827E-023   0.0000000000000000        0.0000000000000000        0.0000000000000000     
   242165099999971.50        0.0000000000000000        0.0000000000000000       -320000.00000000000        0.0000000000000000        0.0000000000000000        2.1231687194475043E-008   0.0000000000000000        0.0000000000000000        1562.5000000000000        1.0000000000000000E-010   15625000000000.000        12.496709283097150        187450639246.45724        6.1789699650029523E-005   0.0000000000000000        0.0000000000000000        0.0000000000000000       -4.2341113595750124E-023   0.0000000000000000        0.0000000000000000        0.0000000000000000     
   257790099999971.50        0.0000000000000000        0.0000000000000000       -320000.00000000000        0.0000000000000000        0.0000000000000000        1.7336975078138902E-008   0.0000000000000000        0.0000000000000000        1562.5000000000000        1.0000000000000022E-010   15624999999999.965        12.496694359505906        187450415392.58813        6.1789404343921736E-005   0.0000000000000000        0.0000000000000000        0.0000000000000000       -3.4598185290537831E-023   0.0000000000000000        0.0000000000000000        0.0000000000000000     
   273415099999971.50        0.0000000000000000        0.0000000000000000       -320000.00000000000        0.0000000000000000        0.0000000000000000        1.6346392308311101E-008   0.0000000000000000        0.0000000000000000        1562.5000000000000        1.0000000000000239E-010   15624999999999.629        12.496656218234353        187449843273.51077        6.1788640674074961E-005   0.0000000000000000        0.0000000000000000        0.0000000000000000       -3.2651467439092955E-023   0.0000000000000000        0.0000000000000000        0.0000000000000000     
   289040099999970.69        0.0000000000000000        0.0000000000000000       -320000.00000000000        0.0000000000000000        0.0000000000000000        1.3326399928483150E-008   0.0000000000000000        0.0000000000000000        1562.5000000000000        1.0000000000000239E-010   15624999999999.627        12.496642457120727        187449636856.80640        6.1788367550056226E-005   0.0000000000000000        0.0000000000000000        0.0000000000000000       -2.6635592535646306E-023   0.0000000000000000        0.0000000000000000        0.0000000000000000     
   304665099999970.69        0.0000000000000000        0.0000000000000000       -320000.00000000000        0.0000000000000000        0.0000000000000000        1.2270591677317399E-008   0.0000000000000000        0.0000000000000000        1562.5000000000000        1.0000000000000022E-010   15624999999999.965        12.496615321302480        187449229819.53674        6.1787823288394960E-005   0.0000000000000000        0.0000000000000000        0.0000000000000000       -2.4551695964319770E-023   0.0000000000000000        0.0000000000000000        0.0000000000000000     
   320290099999970.69        0.0000000000000000        0.0000000000000000       -320000.00000000000        0.0000000000000000        0.0000000000000000        9.9462580815965265E-009   0.0000000000000000        0.0000000000000000        1562.5000000000000        1.0000000000000000E-010   15625000000000.000        12.496603592173058        187449053882.59586        6.1787589853520882E-005   0.0000000000000000        0.0000000000000000        0.0000000000000000       -1.9912430278514030E-023   0.0000000000000000        0.0000000000000000        0.0000000000000000     
   335915099999970.69        0.0000000000000000        0.0000000000000000       -320000.00000000000        0.0000000000000000        0.0000000000000000        8.9045881819493875E-009   0.0000000000000000        0.0000000000000000        1562.5000000000000        1.0000000000000000E-010   15625000000000.000        12.496584723594301        187448770853.91452        6.1787210753441781E-005   0.0000000000000000        0.0000000000000000        0.0000000000000000       -1.7848822582802215E-023   0.0000000000000000        0.0000000000000000        0.0000000000000000     
   351540099999970.69        0.0000000000000000        0.0000000000000000       -320000.00000000000        0.0000000000000000        0.0000000000000000        7.1116205981322701E-009   0.0000000000000000        0.0000000000000000        1562.5000000000000        1.0000000000000000E-010   15625000000000.000        12.496575452009456        187448631780.14182        6.1787025738233576E-005   0.0000000000000000        0.0000000000000000        0.0000000000000000       -1.4263492597319307E-023   0.0000000000000000        0.0000000000000000        0.0000000000000000     
   367165099999970.69        0.0000000000000000        0.0000000000000000       -320000.00000000000        0.0000000000000000        0.0000000000000000        6.1306116070558323E-009   0.0000000000000000        0.0000000000000000        1562.5000000000000        1.0000000000000002E-010   15624999999999.996        12.496562803112420        187448442046.68625        6.1786771132799469E-005   0.0000000000000000        0.0000000000000000        0.0000000000000000       -1.2313864354436600E-023   0.0000000000000000        0.0000000000000000        0.0000000000000000     
   382790099999970.69        0.0000000000000000        0.0000000000000000       -320000.00000000000        0.0000000000000000        0.0000000000000000        4.7266944311477359E-009   0.0000000000000000        0.0000000000000000        1562.5000000000000        1.0000000000000002E-010   15624999999999.996        12.496556113002280        187448341695.03412        6.1786637250220008E-005   0.0000000000000000        0.0000000000000000        0.0000000000000000       -9.5021572128356923E-024   0.0000000000000000        0.0000000000000000        0.0000000000000000     
   398415099999970.69        0.0000000000000000        0.0000000000000000       -320000.00000000000        0.0000000000000000        0.0000000000000000        3.8241734132550944E-009   0.0000000000000000        0.0000000000000000        1562.5000000000000        1.0000000000000000E-010   15625000000000.000        12.496548217270041        187448223259.05057        6.1786477934444551E-005   0.0000000000000000        0.0000000000000000        0.0000000000000000       -7.7040648182033370E-024   0.0000000000000000        0.0000000000000000        0.0000000000000000     
   414040099999970.69        0.0000000000000000        0.0000000000000000       -320000.00000000000        0.0000000000000000        0.0000000000000000        2.6904213187228612E-009   0.0000000000000000        0.0000000000000000        1562.5000000000000        1.0000000000000000E-010   15625000000000.000        12.496544060579911        187448160908.69864        6.1786394412827940E-005   0.0000000000000000        0.0000000000000000        0.0000000000000000       -5.4313475562041984E-024   0.0000000000000000        0.0000000000000000        0.0000000000000000     
   429665099999970.69        0.0000000000000000        0.0000000000000000       -320000.00000000000        0.0000000000000000        0.0000000000000000        1.8633328674377991E-009   0.0000000000000000        0.0000000000000000        1562.5000000000000        1.0000000000000000E-010   15625000000000.000        12.496539921796193        187448098826.94287        6.1786310482413320E-005   0.0000000000000000        0.0000000000000000        0.0000000000000000       -3.7812282412163013E-024   0.0000000000000000        0.0000000000000000        0.0000000000000000     
   445290099999970.69        0.0000000000000000        0.0000000000000000       -320000.00000000000        0.0000000000000000        0.0000000000000000        9.0257883592355871E-010   0.0000000000000000        0.0000000000000000        1562.5000000000000        1.0000000000000000E-010   15625000000000.000        12.496538177620220        187448072664.30328        6.1786275015198746E-005   0.0000000000000000        0.0000000000000000        0.0000000000000000       -1.8555173015482108E-024   0.0000000000000000        0.0000000000000000        0.0000000000000000     
   460915099999970.69        0.0000000000000000        0.0000000000000000       -320000.00000000000        0.0000000000000000        0.0000000000000000        1.3616127373678981E-010   0.0000000000000000        0.0000000000000000        1562.5000000000000        1.0000000000000000E-010   15625000000000.000        12.496537172357082        187448057585.35620        6.1786253950146035E-005   0.0000000000000000        0.0000000000000000        0.0000000000000000       -3.2653690135945460E-025   0.0000000000000000        0.0000000000000000        0.0000000000000000     
   476540099999970.69        0.0000000000000000        0.0000000000000000       -320000.00000000000        0.0000000000000000        0.0000000000000000       -7.2996492056302062E-010   0.0000000000000000        0.0000000000000000        1562.5000000000000        1.0000000000000000E-010   15625000000000.000        12.496537708496636        187448065627.44952        6.1786263916512702E-005   0.0000000000000000        0.0000000000000000        0.0000000000000000        1.4070396967772598E-024   0.0000000000000000        0.0000000000000000        0.0000000000000000     
   492165099999970.69        0.0000000000000000        0.0000000000000000       -320000.00000000000        0.0000000000000000        0.0000000000000000       -1.4532514232863648E-009   0.0000000000000000        0.0000000000000000        1562.5000000000000        1.0000000000000002E-010   15624999999999.996        12.496539507025130        187448092605.37689        6.1786299017935745E-005   0.0000000000000000        0.0000000000000000        0.0000000000000000        2.8474758462946353E-024   0.0000000000000000        0.0000000000000000        0.0000000000000000     
   507790099999970.69        0.0000000000000000        0.0000000000000000       -320000.00000000000        0.0000000000000000        0.0000000000000000       -2.2872055446283481E-009   0.0000000000000000        0.0000000000000000        1562.5000000000000        1.0000000000000002E-010   15624999999999.996        12.496542204448279        187448133066.72412        6.1786351977187936E-005   0.0000000000000000        0.0000000000000000        0.0000000000000000        4.5121843462135587E-024   0.0000000000000000        0.0000000000000000        0.0000000000000000     
   523415099999970.69        0.0000000000000000        0.0000000000000000       -320000.00000000000        0.0000000000000000        0.0000000000000000       -2.9798346647912821E-009   0.0000000000000000        0.0000000000000000        1562.5000000000000        1.0000000000000000E-010   15625000000000.000        12.496546709413009        187448200641.19510        6.1786441146836056E-005   0.0000000000000000        0.0000000000000000        0.0000000000000000        5.8870401564671192E-024   0.0000000000000000        0.0000000000000000        0.0000000000000000     
   539040099999970.69        0.0000000000000000        0.0000000000000000       -320000.00000000000        0.0000000000000000        0.0000000000000000       -3.8299854339216402E-009   0.0000000000000000        0.0000000000000000        1562.5000000000000        9.9999999999999551E-011   15625000000000.068        12.496551454261084        187448271813.91708        6.1786534696639430E-005   0.0000000000000000        0.0000000000000000        0.0000000000000000        7.5781369264634160E-024   0.0000000000000000        0.0000000000000000        0.0000000000000000     
   554665099999970.69        0.0000000000000000        0.0000000000000000       -320000.00000000000        0.0000000000000000        0.0000000000000000       -4.4931912629758415E-009   0.0000000000000000        0.0000000000000000        1562.5000000000000        9.9999999999995053E-011   15625000000000.771        12.496558751952675        187448381279.29938        6.1786679463479480E-005   0.0000000000000000        0.0000000000000000        0.0000000000000000        8.8887475150884281E-024   0.0000000000000000        0.0000000000000000        0.0000000000000000     
   570290099999972.38        0.0000000000000000        0.0000000000000000       -320000.00000000000        0.0000000000000000        0.0000000000000000       -5.3943409250468069E-009   0.0000000000000000        0.0000000000000000        1562.5000000000000        9.9999999999995053E-011   15625000000000.771        12.496565402562725        187448481038.45013        6.1786810612101119E-005   0.0000000000000000        0.0000000000000000        0.0000000000000000        1.0674489050091843E-023   0.0000000000000000        0.0000000000000000        0.0000000000000000     
   585915099999972.38        0.0000000000000000        0.0000000000000000       -320000.00000000000        0.0000000000000000        0.0000000000000000       -6.0145944015633798E-009   0.0000000000000000        0.0000000000000000        1562.5000000000000        9.9999999999999551E-011   15625000000000.068        12.496575719991814        187448635799.87802        6.1787015272537327E-005   0.0000000000000000        0.0000000000000000        0.0000000000000000        1.1893516877413922E-023   0.0000000000000000        0.0000000000000000        0.0000000000000000     
   601540099999972.38        0.0000000000000000        0.0000000000000000       -320000.00000000000        0.0000000000000000        0.0000000000000000       -6.9870267829310605E-009   0.0000000000000000        0.0000000000000000        1562.5000000000000        1.0000000000000000E-010   15625000000000.000        12.496584060286141        187448760904.29208        6.1787179539454738E-005   0.0000000000000000        0.0000000000000000        0.0000000000000000        1.3813253163367545E-023   0.0000000000000000        0.0000000000000000        0.0000000000000000     
   617165099999972.38        0.0000000000000000        0.0000000000000000       -320000.00000000000        0.0000000000000000        0.0000000000000000       -7.5344803072819513E-009   0.0000000000000000        0.0000000000000000        1562.5000000000000        1.0000000000000002E-010   15624999999999.996        12.496597720517297        187448965807.75940        6.1787450258772320E-005   0.0000000000000000        0.0000000000000000        0.0000000000000000        1.4882403013472622E-023   0.0000000000000000        0.0000000000000000        0.0000000000000000     
   632790099999972.38        0.0000000000000000        0.0000000000000000       -320000.00000000000        0.0000000000000000        0.0000000000000000       -8.5807702154623635E-009   0.0000000000000000        0.0000000000000000        1562.5000000000000        1.0000000000000002E-010   15624999999999.996        12.496607409093992        187449111136.40982        6.1787640719687453E-005   0.0000000000000000        0.0000000000000000        0.0000000000000000        1.6940417264206412E-023   0.0000000000000000        0.0000000000000000        0.0000000000000000     
   648415099999972.38        0.0000000000000000        0.0000000000000000       -320000.00000000000        0.0000000000000000        0.0000000000000000       -9.0133940256785243E-009   0.0000000000000000        0.0000000000000000        1562.5000000000000        1.0000000000000000E-010   15625000000000.000        12.496624773065253        187449371595.97876        6.1787984371340228E-005   0.0000000000000000        0.0000000000000000        0.0000000000000000        1.7778276974529370E-023   0.0000000000000000        0.0000000000000000        0.0000000000000000     
   664040099999972.38        0.0000000000000000        0.0000000000000000       -320000.00000000000        0.0000000000000000        0.0000000000000000       -1.0113378000457099E-008   0.0000000000000000        0.0000000000000000        1562.5000000000000        1.0000000000000000E-010   15625000000000.000        12.496635311572195        187449529673.58289        6.1788191070249736E-005   0.0000000000000000        0.0000000000000000        0.0000000000000000        1.9934079158829758E-023   0.0000000000000000        0.0000000000000000        0.0000000000000000     
   679665099999972.38        0.0000000000000000        0.0000000000000000       -320000.00000000000        0.0000000000000000        0.0000000000000000       -1.0384491588366765E-008   0.0000000000000000        0.0000000000000000        1562.5000000000000        1.0000000000000000E-010   15625000000000.000        12.496656695789003        187449850436.83502        6.1788613607014942E-005   0.0000000000000000        0.0000000000000000        0.0000000000000000        2.0451267226086777E-023   0.0000000000000000        0.0000000000000000        0.0000000000000000     
   695290099999972.38        0.0000000000000000        0.0000000000000000       -320000.00000000000        0.0000000000000000        0.0000000000000000       -1.1489262826799349E-008   0.0000000000000000        0.0000000000000000        1562.5000000000000        1.0000000000000000E-010   15625000000000.000        12.496667431039741        187450011465.59610        6.1788823642624873E-005   0.0000000000000000        0.0000000000000000        0.0000000000000000        2.2608150537617734E-023   0.0000000000000000        0.0000000000000000        0.0000000000000000     
   710915099999972.38        0.0000000000000000        0.0000000000000000       -320000.00000000000        0.0000000000000000        0.0000000000000000       -1.1559504858129702E-008   0.0000000000000000        0.0000000000000000        1562.5000000000000        1.0000000000000000E-010   15625000000000.000        12.496692994267898        187450394914.01843        6.1789327872798641E-005   0.0000000000000000        0.0000000000000000        0.0000000000000000        2.2730484427958999E-023   0.0000000000000000        0.0000000000000000        0.0000000000000000     
   726540099999972.38        0.0000000000000000        0.0000000000000000       -320000.00000000000        0.0000000000000000        0.0000000000000000       -1.2586329723762722E-008   0.0000000000000000        0.0000000000000000        1562.5000000000000        1.0000000000000000E-010   15625000000000.000        12.496703171313282        187450547569.69919        6.1789526468864354E-005   0.0000000000000000        0.0000000000000000        0.0000000000000000        2.4726105356702323E-023   0.0000000000000000        0.0000000000000000        0.0000000000000000     
   742165099999972.38        0.0000000000000000        0.0000000000000000       -320000.00000000000        0.0000000000000000        0.0000000000000000       -1.2437137601475007E-008   0.0000000000000000        0.0000000000000000        1562.5000000000000        1.0000000000000000E-010   15625000000000.000        12.496732771644464        187450991574.66693        6.1790109276280614E-005   0.0000000000000000        0.0000000000000000        0.0000000000000000        2.4420452296404143E-023   0.0000000000000000        0.0000000000000000        0.0000000000000000     
   757790099999972.38        0.0000000000000000        0.0000000000000000       -320000.00000000000        0.0000000000000000        0.0000000000000000       -1.3268788611516214E-008   0.0000000000000000        0.0000000000000000        1562.5000000000000        1.0000000000000002E-010   15624999999999.996        12.496741641547965        187451124623.21942        6.1790281897313912E-005   0.0000000000000000        0.0000000000000000        0.0000000000000000        2.6026159356955173E-023   0.0000000000000000        0.0000000000000000        0.0000000000000000     
   773415099999972.38        0.0000000000000000        0.0000000000000000       -320000.00000000000        0.0000000000000000        0.0000000000000000       -1.2913469377654568E-008   0.0000000000000000        0.0000000000000000        1562.5000000000000        1.0000000000000000E-010   15625000000000.000        12.496774681528445        187451620222.92664        6.1790931257914210E-005   0.0000000000000000        0.0000000000000000        0.0000000000000000        2.5320939492787354E-023   0.0000000000000000        0.0000000000000000        0.0000000000000000     
   789040099999972.38        0.0000000000000000        0.0000000000000000       -320000.00000000000        0.0000000000000000        0.0000000000000000       -1.3408883657107400E-008   0.0000000000000000        0.0000000000000000        1562.5000000000000        1.0000000000000002E-010   15624999999999.996        12.496781648793123        187451724731.89679        6.1791066462287244E-005   0.0000000000000000        0.0000000000000000        0.0000000000000000        2.6257546591053391E-023   0.0000000000000000        0.0000000000000000        0.0000000000000000     
   804665099999972.38        0.0000000000000000        0.0000000000000000       -320000.00012138061        0.0000000000000000        0.0000000000000000       -1.2906124316869179E-008   0.0000000000000000        0.0000000000000000        1562.5000000000000        1.0000000000000002E-010   15624999999999.996        12.496816945589954        187452254183.84927        6.1791758978857090E-005   0.0000000000000000        0.0000000000000000        0.0000000000000000        2.5248082982140824E-023   0.0000000000000000        0.0000000000000000        0.0000000000000000     
   820290099999972.38        0.0000000000000000        0.0000000000000000       -320000.00127665792        0.0000000000000000        0.0000000000000000       -1.2880577132693714E-008   0.0000000000000000        0.0000000000000000        1562.5000000000000        1.0000000000000000E-010   15625000000000.000        12.496821717128622        187452325756.92929        6.1791851267856761E-005   0.0000000000000000        0.0000000000000000        0.0000000000000000        2.5223904493827779E-023   0.0000000000000000        0.0000000000000000        0.0000000000000000     
   835915099999972.38        0.0000000000000000        0.0000000000000000       -320000.00138536352        0.0000000000000000        0.0000000000000000       -1.2298326049500648E-008   0.0000000000000000        0.0000000000000000        1562.5000000000000        1.0000000000000000E-010   15625000000000.000        12.496857450686514        187452861760.29767        6.1792551233337344E-005   0.0000000000000000        0.0000000000000000        0.0000000000000000        2.4055970434864378E-023   0.0000000000000000        0.0000000000000000        0.0000000000000000     
   851540099999972.38        0.0000000000000000        0.0000000000000000       -320000.00169079710        0.0000000000000000        0.0000000000000000       -1.1676405281865911E-008   0.0000000000000000        0.0000000000000000        1562.5000000000000        1.0000000000000000E-010   15625000000000.000        12.496860133312053        187452901999.68079        6.1792602881669887E-005   0.0000000000000000        0.0000000000000000        0.0000000000000000        2.2825203081307891E-023   0.0000000000000000        0.0000000000000000        0.0000000000000000     
   867165099999972.38        0.0000000000000000        0.0000000000000000       -320000.00168466748        0.0000000000000000        0.0000000000000000       -1.1082863854021950E-008   0.0000000000000000        0.0000000000000000        1562.5000000000000        1.0000000000000002E-010   15624999999999.996        12.496893922218836        187453408833.28250        6.1793263829638904E-005   0.0000000000000000        0.0000000000000000        0.0000000000000000        2.1657648463542276E-023   0.0000000000000000        0.0000000000000000        0.0000000000000000     
   882790099999972.38        0.0000000000000000        0.0000000000000000       -320000.00175205496        0.0000000000000000        0.0000000000000000       -9.7814742986227284E-009   0.0000000000000000        0.0000000000000000        1562.5000000000000        1.0000000000000002E-010   15624999999999.996        12.496895019648189        187453425294.72278        6.1793284755996651E-005   0.0000000000000000        0.0000000000000000        0.0000000000000000        1.9091201817194911E-023   0.0000000000000000        0.0000000000000000        0.0000000000000000     
   898415099999972.38        0.0000000000000000        0.0000000000000000       -320000.00201892521        0.0000000000000000        0.0000000000000000       -9.2015854854158203E-009   0.0000000000000000        0.0000000000000000        1562.5000000000000        1.0000000000000000E-010   15625000000000.000        12.496924159662894        187453862394.94339        6.1793854108243532E-005   0.0000000000000000        0.0000000000000000        0.0000000000000000        1.8045873315267998E-023   0.0000000000000000        0.0000000000000000        0.0000000000000000     
   914040099999972.38        0.0000000000000000        0.0000000000000000       -320000.00247239933        0.0000000000000000        0.0000000000000000       -1.1947123238761919E-008   0.0000000000000000        0.0000000000000000        1562.5000000000000        1.0000000000000000E-010   15625000000000.000        12.496924440652288        187453866609.78427        6.1793859296305060E-005   0.0000000000000000        0.0000000000000000        0.0000000000000000        1.4189826768999137E-023   0.0000000000000000        0.0000000000000000        0.0000000000000000     
   929665099999972.38        0.0000000000000000        0.0000000000000000       -320000.01036725932        0.0000000000000000        0.0000000000000000       -2.1657799724529286E-007   0.0000000000000000        0.0000000000000000        1562.5000000000000        1.0000000120867025E-010   15624999811145.273        12.496946433125762        187454194231.18335        6.1794285629048040E-005   0.0000000000000000        0.0000000000000000        0.0000000000000000        1.3311848933595957E-023   0.0000000000000000        0.0000000000000000        0.0000000000000000     
   945290099999972.38        0.0000000000000000        0.0000000000000000       -320004.15246103506        0.0000000000000000        0.0000000000000000       -5.3665903049801829E-005   0.0000000000000000        0.0000000000000000        1562.5000000000000        1.0000001208669946E-010   15624998111453.439        12.496948079162065        187454198530.40536        6.1794290732989941E-005   0.0000000000000000        0.0000000000000000        0.0000000000000000        8.4066201440406999E-024   0.0000000000000000        0.0000000000000000        0.0000000000000000     
   960915095467461.25        0.0000000000000000        0.0000000000000000       -320129.63109028758        0.0000000000000000        0.0000000000000000       -1.8509194997445655E-003   0.0000000000000000        0.0000000000000000        1562.5000000000000        9.9999993780482021E-011   15625000971799.744        12.496958108097335        187454383280.21909        6.1794531684868236E-005   0.0000000000000000        0.0000000000000000        0.0000000000000000        7.6504653625597651E-024   0.0000000000000000        0.0000000000000000        0.0000000000000000     
   976540099999972.50        0.0000000000000000        0.0000000000000000       -319959.35341619788        0.0000000000000000        0.0000000000000000        5.8067771865276375E-004   0.0000000000000000        0.0000000000000000        1562.5000000000000        9.9096788285415885E-011   15767413122408.463        12.384085788900178        187454396905.85938        6.1794551220166650E-005   0.0000000000000000        0.0000000000000000        0.0000000000000000        1.3237513450952342E-024   0.0000000000000000        0.0000000000000000        0.0000000000000000     
   992165123323267.38        0.0000000000000000        0.0000000000000000       -319330.70051540207        0.0000000000000000        0.0000000000000000        9.5611228821576976E-003   0.0000000000000000        0.0000000000000000        1562.5000000000000        6.8979787246696475E-011   22651563050085.074        8.6203761927277114        187454395051.22314        6.1794549679967733E-005   0.0000000000000000        0.0000000000000000        0.0000000000000000        7.2667785043710557E-025   0.0000000000000000        0.0000000000000000        0.0000000000000000     
