   73000.000000000000     
  -992164165335321.50        0.0000000000000000        0.0000000000000000        319302.01711899030        0.0000000000000000        0.0000000000000000       -9.5611139599108518E-003   0.0000000000000000        0.0000000000000000        1562.5000000000000        6.8979780617221332E-011   22651565227070.457        8.6203686462181910        187454248964.35626        6.1794359683407487E-005   0.0000000000000000        0.0000000000000000        0.0000000000000000       -6.8122422134149588E-025   0.0000000000000000        0.0000000000000000        0.0000000000000000     
  -976539139999976.25        0.0000000000000000        0.0000000000000000        319957.61137732869        0.0000000000000000        0.0000000000000000       -5.8067834626534111E-004   0.0000000000000000        0.0000000000000000        1562.5000000000000        9.9096781445434649E-011   15767414210726.449        12.384075259098768        187454250457.93903        6.1794360721374318E-005   0.0000000000000000        0.0000000000000000        0.0000000000000000       -1.2184596394277276E-024   0.0000000000000000        0.0000000000000000        0.0000000000000000     
  -960914135092465.00        0.0000000000000000        0.0000000000000000        320135.18372730649        0.0000000000000000        0.0000000000000000        1.8508443265147583E-003   0.0000000000000000        0.0000000000000000        1562.5000000000000        9.9999993243940170E-011   15625001055634.420        12.496948402752471        187454238705.80759        6.1794343522720820E-005   0.0000000000000000        0.0000000000000000        0.0000000000000000       -7.1517340063253104E-024   0.0000000000000000        0.0000000000000000        0.0000000000000000     
  -945289139999976.12        0.0000000000000000        0.0000000000000000        320004.31355387357        0.0000000000000000        0.0000000000000000        5.3729539669083198E-005   0.0000000000000000        0.0000000000000000        1562.5000000000000        1.0000001308670000E-010   15624997955203.395        12.496939322002190        187454065298.48169        6.1794117174600804E-005   0.0000000000000000        0.0000000000000000        0.0000000000000000       -7.8710752897457696E-024   0.0000000000000000        0.0000000000000000        0.0000000000000000     
  -929664139999976.12        0.0000000000000000        0.0000000000000000        320000.01106575126        0.0000000000000000        0.0000000000000000        2.2500276946570295E-007   0.0000000000000000        0.0000000000000000        1562.5000000000000        1.0000000130867034E-010   15624999795520.262        12.496937623794343        187454061903.75943        6.1794113252750736E-005   0.0000000000000000        0.0000000000000000        0.0000000000000000       -1.2505084931322397E-023   0.0000000000000000        0.0000000000000000        0.0000000000000000     
  -914039139999976.12        0.0000000000000000        0.0000000000000000        320000.00247239933        0.0000000000000000        0.0000000000000000        1.1667940694134614E-008   0.0000000000000000        0.0000000000000000        1562.5000000000000        1.0000000000000000E-010   15625000000000.000        12.496916901856881        187453753527.85318        6.1793711768339549E-005   0.0000000000000000        0.0000000000000000        0.0000000000000000       -1.3327957594120796E-023   0.0000000000000000        0.0000000000000000        0.0000000000000000     
  -898414139999976.12        0.0000000000000000        0.0000000000000000        320000.00201892521        0.0000000000000000        0.0000000000000000        8.6643754604985437E-009   0.0000000000000000        0.0000000000000000        1562.5000000000000        1.0000000000000000E-010   15625000000000.000        12.496916703855666        187453750557.83496        6.1793708178357613E-005   0.0000000000000000        0.0000000000000000        0.0000000000000000       -1.7011264077973543E-023   0.0000000000000000        0.0000000000000000        0.0000000000000000     
  -882789139999976.12        0.0000000000000000        0.0000000000000000        320000.00175205496        0.0000000000000000        0.0000000000000000        9.2123396415336112E-009   0.0000000000000000        0.0000000000000000        1562.5000000000000        1.0000000000000002E-010   15624999999999.996        12.496889167837123        187453337517.55679        6.1793169934434237E-005   0.0000000000000000        0.0000000000000000        0.0000000000000000       -1.7988148160714336E-023   0.0000000000000000        0.0000000000000000        0.0000000000000000     
  -867164139999976.12        0.0000000000000000        0.0000000000000000        320000.00168466748        0.0000000000000000        0.0000000000000000        1.0483834617969395E-008   0.0000000000000000        0.0000000000000000        1562.5000000000000        1.0000000000000002E-010   15624999999999.996        12.496888245212471        187453323678.18701        6.1793152367774616E-005   0.0000000000000000        0.0000000000000000        0.0000000000000000       -2.0494787284014547E-023   0.0000000000000000        0.0000000000000000        0.0000000000000000     
  -851539139999976.12        0.0000000000000000        0.0000000000000000        320000.00169079710        0.0000000000000000        0.0000000000000000        1.1040033171725151E-008   0.0000000000000000        0.0000000000000000        1562.5000000000000        1.0000000000000000E-010   15625000000000.000        12.496856148919779        187452842233.79666        6.1792524318609248E-005   0.0000000000000000        0.0000000000000000        0.0000000000000000       -2.1589843114316306E-023   0.0000000000000000        0.0000000000000000        0.0000000000000000     
  -835914139999976.12        0.0000000000000000        0.0000000000000000        320000.00138536352        0.0000000000000000        0.0000000000000000        1.1685666042761195E-008   0.0000000000000000        0.0000000000000000        1562.5000000000000        1.0000000000000000E-010   15625000000000.000        12.496853784142363        187452806762.13544        6.1792478791375993E-005   0.0000000000000000        0.0000000000000000        0.0000000000000000       -2.2864364540033618E-023   0.0000000000000000        0.0000000000000000        0.0000000000000000     
  -820289139999976.12        0.0000000000000000        0.0000000000000000        320000.00127665792        0.0000000000000000        0.0000000000000000        1.2236864599206054E-008   0.0000000000000000        0.0000000000000000        1562.5000000000000        1.0000000000000000E-010   15625000000000.000        12.496819624495158        187452294367.42737        6.1791809507252604E-005   0.0000000000000000        0.0000000000000000        0.0000000000000000       -2.3971561026292786E-023   0.0000000000000000        0.0000000000000000        0.0000000000000000     
  -804664139999976.12        0.0000000000000000        0.0000000000000000        320000.00012138061        0.0000000000000000        0.0000000000000000        1.2325660066452360E-008   0.0000000000000000        0.0000000000000000        1562.5000000000000        1.0000000000000000E-010   15625000000000.000        12.496815325596783        187452229883.95172        6.1791726344638547E-005   0.0000000000000000        0.0000000000000000        0.0000000000000000       -2.4116285816857400E-023   0.0000000000000000        0.0000000000000000        0.0000000000000000     
  -789039139999976.12        0.0000000000000000        0.0000000000000000        320000.00000000000        0.0000000000000000        0.0000000000000000        1.2812155107260888E-008   0.0000000000000000        0.0000000000000000        1562.5000000000000        1.0000000000000000E-010   15625000000000.000        12.496781337954598        187451720069.31894        6.1791059450598841E-005   0.0000000000000000        0.0000000000000000        0.0000000000000000       -2.5093028261269528E-023   0.0000000000000000        0.0000000000000000        0.0000000000000000     
  -773414139999976.12        0.0000000000000000        0.0000000000000000        320000.00000000000        0.0000000000000000        0.0000000000000000        1.2401391470051036E-008   0.0000000000000000        0.0000000000000000        1562.5000000000000        1.0000000000000000E-010   15625000000000.000        12.496774964302888        187451624464.54330        6.1790935750732302E-005   0.0000000000000000        0.0000000000000000        0.0000000000000000       -2.4319125257124770E-023   0.0000000000000000        0.0000000000000000        0.0000000000000000     
  -757789139999976.12        0.0000000000000000        0.0000000000000000        320000.00000000000        0.0000000000000000        0.0000000000000000        1.2759918271031104E-008   0.0000000000000000        0.0000000000000000        1562.5000000000000        1.0000000000000002E-010   15624999999999.996        12.496742898413343        187451143476.20010        6.1790305560717086E-005   0.0000000000000000        0.0000000000000000        0.0000000000000000       -2.5028939287558175E-023   0.0000000000000000        0.0000000000000000        0.0000000000000000     
  -742164139999976.12        0.0000000000000000        0.0000000000000000        320000.00000000000        0.0000000000000000        0.0000000000000000        1.2017495056638307E-008   0.0000000000000000        0.0000000000000000        1562.5000000000000        1.0000000000000002E-010   15624999999999.996        12.496734677408563        187451020161.12839        6.1790145571484679E-005   0.0000000000000000        0.0000000000000000        0.0000000000000000       -2.3595611344280843E-023   0.0000000000000000        0.0000000000000000        0.0000000000000000     
  -726539139999976.12        0.0000000000000000        0.0000000000000000        320000.00000000000        0.0000000000000000        0.0000000000000000        1.2189006207450023E-008   0.0000000000000000        0.0000000000000000        1562.5000000000000        1.0000000000000000E-010   15625000000000.000        12.496705713091229        187450585696.36844        6.1789575390842232E-005   0.0000000000000000        0.0000000000000000        0.0000000000000000       -2.3942772189093223E-023   0.0000000000000000        0.0000000000000000        0.0000000000000000     
  -710914139999976.12        0.0000000000000000        0.0000000000000000        320000.00000000000        0.0000000000000000        0.0000000000000000        1.1243255158707063E-008   0.0000000000000000        0.0000000000000000        1562.5000000000000        1.0000000000000000E-010   15625000000000.000        12.496696164408890        187450442466.13333        6.1789389095226729E-005   0.0000000000000000        0.0000000000000000        0.0000000000000000       -2.2104451683037255E-023   0.0000000000000000        0.0000000000000000        0.0000000000000000     
  -695289139999976.12        0.0000000000000000        0.0000000000000000        320000.00000000000        0.0000000000000000        0.0000000000000000        1.1209342513618569E-008   0.0000000000000000        0.0000000000000000        1562.5000000000000        1.0000000000000000E-010   15625000000000.000        12.496670943670212        187450064155.05313        6.1788891783725680E-005   0.0000000000000000        0.0000000000000000        0.0000000000000000       -2.2051023629931418E-023   0.0000000000000000        0.0000000000000000        0.0000000000000000     
  -679664139999976.12        0.0000000000000000        0.0000000000000000        320000.00000000000        0.0000000000000000        0.0000000000000000        1.0169844901627666E-008   0.0000000000000000        0.0000000000000000        1562.5000000000000        1.0000000000000000E-010   15625000000000.000        12.496660752313387        187449911284.70081        6.1788692473269059E-005   0.0000000000000000        0.0000000000000000        0.0000000000000000       -2.0021289881847965E-023   0.0000000000000000        0.0000000000000000        0.0000000000000000     
  -664039139999976.12        0.0000000000000000        0.0000000000000000        320000.00000000000        0.0000000000000000        0.0000000000000000        9.9411932995005185E-009   0.0000000000000000        0.0000000000000000        1562.5000000000000        1.0000000000000000E-010   15625000000000.000        12.496639486458365        187449592296.87543        6.1788272476557700E-005   0.0000000000000000        0.0000000000000000        0.0000000000000000       -1.9585393029019256E-023   0.0000000000000000        0.0000000000000000        0.0000000000000000     
  -648414139999976.12        0.0000000000000000        0.0000000000000000        320000.00000000000        0.0000000000000000        0.0000000000000000        8.8874082552781244E-009   0.0000000000000000        0.0000000000000000        1562.5000000000000        1.0000000000000000E-010   15625000000000.000        12.496629369846181        187449440547.69269        6.1788074183200841E-005   0.0000000000000000        0.0000000000000000        0.0000000000000000       -1.7519947159343993E-023   0.0000000000000000        0.0000000000000000        0.0000000000000000     
  -632789139999976.12        0.0000000000000000        0.0000000000000000        320000.00000000000        0.0000000000000000        0.0000000000000000        8.4950507815755682E-009   0.0000000000000000        0.0000000000000000        1562.5000000000000        1.0000000000000002E-010   15624999999999.996        12.496611976041700        187449179640.62546        6.1787730162021987E-005   0.0000000000000000        0.0000000000000000        0.0000000000000000       -1.6759715269317022E-023   0.0000000000000000        0.0000000000000000        0.0000000000000000     
  -617164139999976.12        0.0000000000000000        0.0000000000000000        320000.00000000000        0.0000000000000000        0.0000000000000000        7.4755460264075949E-009   0.0000000000000000        0.0000000000000000        1562.5000000000000        1.0000000000000002E-010   15624999999999.996        12.496602580860396        187449038712.90588        6.1787545638441435E-005   0.0000000000000000        0.0000000000000000        0.0000000000000000       -1.4754362380110506E-023   0.0000000000000000        0.0000000000000000        0.0000000000000000     
  -601539139999976.12        0.0000000000000000        0.0000000000000000        320000.00000000000        0.0000000000000000        0.0000000000000000        6.9593380329812154E-009   0.0000000000000000        0.0000000000000000        1562.5000000000000        1.0000000000000000E-010   15625000000000.000        12.496588814006833        187448832210.10248        6.1787273030925759E-005   0.0000000000000000        0.0000000000000000        0.0000000000000000       -1.3745869454150363E-023   0.0000000000000000        0.0000000000000000        0.0000000000000000     
  -585914139999976.12        0.0000000000000000        0.0000000000000000        320000.00000000000        0.0000000000000000        0.0000000000000000        5.9955079634858604E-009   0.0000000000000000        0.0000000000000000        1562.5000000000000        9.9999999999999551E-011   15625000000000.068        12.496580659062422        187448709885.93716        6.1787112608270578E-005   0.0000000000000000        0.0000000000000000        0.0000000000000000       -1.1843281988537928E-023   0.0000000000000000        0.0000000000000000        0.0000000000000000     
  -570289139999976.12        0.0000000000000000        0.0000000000000000        320000.00000000000        0.0000000000000000        0.0000000000000000        5.3932619807070891E-009   0.0000000000000000        0.0000000000000000        1562.5000000000000        9.9999999999995053E-011   15625000000000.771        12.496570220555045        187448553308.33490        6.1786905762685254E-005   0.0000000000000000        0.0000000000000000        0.0000000000000000       -1.0659521730607351E-023   0.0000000000000000        0.0000000000000000        0.0000000000000000     
  -554664139999974.44        0.0000000000000000        0.0000000000000000        320000.00000000000        0.0000000000000000        0.0000000000000000        4.4842164413196826E-009   0.0000000000000000        0.0000000000000000        1562.5000000000000        9.9999999999995053E-011   15625000000000.771        12.496563685314586        187448455279.72803        6.1786777090100785E-005   0.0000000000000000        0.0000000000000000        0.0000000000000000       -8.8586113893971648E-024   0.0000000000000000        0.0000000000000000        0.0000000000000000     
  -539039139999974.44        0.0000000000000000        0.0000000000000000        320000.00000000000        0.0000000000000000        0.0000000000000000        3.8240300915109611E-009   0.0000000000000000        0.0000000000000000        1562.5000000000000        9.9999999999999551E-011   15625000000000.068        12.496556305527305        187448344582.91040        6.1786630891974711E-005   0.0000000000000000        0.0000000000000000        0.0000000000000000       -7.5543935755726977E-024   0.0000000000000000        0.0000000000000000        0.0000000000000000     
  -523414139999974.44        0.0000000000000000        0.0000000000000000        320000.00000000000        0.0000000000000000        0.0000000000000000        2.9512345276841789E-009   0.0000000000000000        0.0000000000000000        1562.5000000000000        1.0000000000000000E-010   15625000000000.000        12.496551652296741        187448274784.45111        6.1786539336104986E-005   0.0000000000000000        0.0000000000000000        0.0000000000000000       -5.8190859034930199E-024   0.0000000000000000        0.0000000000000000        0.0000000000000000     
  -507789139999974.44        0.0000000000000000        0.0000000000000000        320000.00000000000        0.0000000000000000        0.0000000000000000        2.2476239197107029E-009   0.0000000000000000        0.0000000000000000        1562.5000000000000        1.0000000000000002E-010   15624999999999.996        12.496547150544753        187448207258.17123        6.1786450405052401E-005   0.0000000000000000        0.0000000000000000        0.0000000000000000       -4.4234052493285230E-024   0.0000000000000000        0.0000000000000000        0.0000000000000000     
  -492164139999974.44        0.0000000000000000        0.0000000000000000        320000.00000000000        0.0000000000000000        0.0000000000000000        1.3775389592760169E-009   0.0000000000000000        0.0000000000000000        1562.5000000000000        1.0000000000000002E-010   15624999999999.996        12.496544564581074        187448168468.71603        6.1786399802110073E-005   0.0000000000000000        0.0000000000000000        0.0000000000000000       -2.6879012493411302E-024   0.0000000000000000        0.0000000000000000        0.0000000000000000     
  -476539139999974.44        0.0000000000000000        0.0000000000000000        320000.00000000000        0.0000000000000000        0.0000000000000000        6.3183203752168010E-010   0.0000000000000000        0.0000000000000000        1562.5000000000000        1.0000000000000000E-010   15625000000000.000        12.496542897340591        187448143460.10883        6.1786367454955347E-005   0.0000000000000000        0.0000000000000000        0.0000000000000000       -1.2044070882043119E-024   0.0000000000000000        0.0000000000000000        0.0000000000000000     
  -460914139999974.44        0.0000000000000000        0.0000000000000000        320000.00000000000        0.0000000000000000        0.0000000000000000       -2.8295312629853729E-010   0.0000000000000000        0.0000000000000000        1562.5000000000000        1.0000000000000000E-010   15625000000000.000        12.496542526963411        187448137904.45114        6.1786360874107026E-005   0.0000000000000000        0.0000000000000000        0.0000000000000000        6.2470132398181189E-025   0.0000000000000000        0.0000000000000000        0.0000000000000000     
  -445289139999974.44        0.0000000000000000        0.0000000000000000        320000.00000000000        0.0000000000000000        0.0000000000000000       -1.0792472196313562E-009   0.0000000000000000        0.0000000000000000        1562.5000000000000        1.0000000000000000E-010   15625000000000.000        12.496543833170650        187448157497.55972        6.1786388032424790E-005   0.0000000000000000        0.0000000000000000        0.0000000000000000        2.2112148310660681E-024   0.0000000000000000        0.0000000000000000        0.0000000000000000     
  -429664139999974.44        0.0000000000000000        0.0000000000000000        320000.00000000000        0.0000000000000000        0.0000000000000000       -2.1005834309821810E-009   0.0000000000000000        0.0000000000000000        1562.5000000000000        1.0000000000000000E-010   15625000000000.000        12.496545816944595        187448187254.16891        6.1786428290412136E-005   0.0000000000000000        0.0000000000000000        0.0000000000000000        4.2559918017488297E-024   0.0000000000000000        0.0000000000000000        0.0000000000000000     
  -414039139999974.44        0.0000000000000000        0.0000000000000000        320000.00000000000        0.0000000000000000        0.0000000000000000       -2.9600617064334232E-009   0.0000000000000000        0.0000000000000000        1562.5000000000000        1.0000000000000000E-010   15625000000000.000        12.496550469023131        187448257035.34692        6.1786522497465901E-005   0.0000000000000000        0.0000000000000000        0.0000000000000000        5.9684166690196019E-024   0.0000000000000000        0.0000000000000000        0.0000000000000000     
  -398414139999974.44        0.0000000000000000        0.0000000000000000        320000.00000000000        0.0000000000000000        0.0000000000000000       -4.1659038002059364E-009   0.0000000000000000        0.0000000000000000        1562.5000000000000        1.0000000000000000E-010   15625000000000.000        12.496554939785231        187448324096.77844        6.1786612220621564E-005   0.0000000000000000        0.0000000000000000        0.0000000000000000        8.3828476727439842E-024   0.0000000000000000        0.0000000000000000        0.0000000000000000     
  -382789139999974.44        0.0000000000000000        0.0000000000000000        320000.00000000000        0.0000000000000000        0.0000000000000000       -5.0977348679624936E-009   0.0000000000000000        0.0000000000000000        1562.5000000000000        1.0000000000000002E-010   15624999999999.996        12.496563606332284        187448454094.98422        6.1786786886581388E-005   0.0000000000000000        0.0000000000000000        0.0000000000000000        1.0237039537931412E-023   0.0000000000000000        0.0000000000000000        0.0000000000000000     
  -367164139999974.44        0.0000000000000000        0.0000000000000000        320000.00000000000        0.0000000000000000        0.0000000000000000       -6.5846494924521645E-009   0.0000000000000000        0.0000000000000000        1562.5000000000000        1.0000000000000002E-010   15624999999999.996        12.496570664197595        187448559962.96387        6.1786927967134552E-005   0.0000000000000000        0.0000000000000000        0.0000000000000000        1.3211804442823646E-023   0.0000000000000000        0.0000000000000000        0.0000000000000000     
  -351539139999974.44        0.0000000000000000        0.0000000000000000        320000.00000000000        0.0000000000000000        0.0000000000000000       -7.5860787574147613E-009   0.0000000000000000        0.0000000000000000        1562.5000000000000        1.0000000000000000E-010   15625000000000.000        12.496584388677340        187448765830.16006        6.1787203922162749E-005   0.0000000000000000        0.0000000000000000        0.0000000000000000        1.5199977970436575E-023   0.0000000000000000        0.0000000000000000        0.0000000000000000     
  -335914139999974.44        0.0000000000000000        0.0000000000000000        320000.00000000000        0.0000000000000000        0.0000000000000000       -9.4715321053821021E-009   0.0000000000000000        0.0000000000000000        1562.5000000000000        1.0000000000000000E-010   15625000000000.000        12.496594039039241        187448910585.58859        6.1787396291474012E-005   0.0000000000000000        0.0000000000000000        0.0000000000000000        1.8966763358814706E-023   0.0000000000000000        0.0000000000000000        0.0000000000000000     
  -320289139999974.44        0.0000000000000000        0.0000000000000000        320000.00000000000        0.0000000000000000        0.0000000000000000       -1.0519440580727186E-008   0.0000000000000000        0.0000000000000000        1562.5000000000000        1.0000000000000000E-010   15625000000000.000        12.496614333969339        187449215009.54007        6.1787803634925706E-005   0.0000000000000000        0.0000000000000000        0.0000000000000000        2.1041106500659560E-023   0.0000000000000000        0.0000000000000000        0.0000000000000000     
  -304664139999974.44        0.0000000000000000        0.0000000000000000        320000.00000000000        0.0000000000000000        0.0000000000000000       -1.2942695091028438E-008   0.0000000000000000        0.0000000000000000        1562.5000000000000        1.0000000000000020E-010   15624999999999.973        12.496626391360985        187449395870.41440        6.1788043375764540E-005   0.0000000000000000        0.0000000000000000        0.0000000000000000        2.5874036772352395E-023   0.0000000000000000        0.0000000000000000        0.0000000000000000     
  -289039139999974.44        0.0000000000000000        0.0000000000000000        320000.00000000000        0.0000000000000000        0.0000000000000000       -1.3986813300274599E-008   0.0000000000000000        0.0000000000000000        1562.5000000000000        1.0000000000000211E-010   15624999999999.670        12.496655341855178        187449830127.82370        6.1788623494195210E-005   0.0000000000000000        0.0000000000000000        0.0000000000000000        2.7933725626467907E-023   0.0000000000000000        0.0000000000000000        0.0000000000000000     
  -273414139999975.16        0.0000000000000000        0.0000000000000000        320000.00000000000        0.0000000000000000        0.0000000000000000       -1.7106489066223228E-008   0.0000000000000000        0.0000000000000000        1562.5000000000000        1.0000000000000211E-010   15624999999999.672        12.496669308010565        187450039620.15451        6.1788900462568603E-005   0.0000000000000000        0.0000000000000000        0.0000000000000000        3.4144173963849078E-023   0.0000000000000000        0.0000000000000000        0.0000000000000000     
  -257789139999975.16        0.0000000000000000        0.0000000000000000        320000.00000000000        0.0000000000000000        0.0000000000000000       -1.8066521051504459E-008   0.0000000000000000        0.0000000000000000        1562.5000000000000        1.0000000000000020E-010   15624999999999.973        12.496709669466076        187450645041.99078        6.1789707913995003E-005   0.0000000000000000        0.0000000000000000        0.0000000000000000        3.6030174282549042E-023   0.0000000000000000        0.0000000000000000        0.0000000000000000     
  -242164139999975.16        0.0000000000000000        0.0000000000000000        320000.00000000000        0.0000000000000000        0.0000000000000000       -2.2052612868335536E-008   0.0000000000000000        0.0000000000000000        1562.5000000000000        1.0000000000000002E-010   15624999999999.996        12.496724604338516        187450869065.07770        6.1790003243003051E-005   0.0000000000000000        0.0000000000000000        0.0000000000000000        4.3950725240241766E-023   0.0000000000000000        0.0000000000000000        0.0000000000000000     
  -226539139999975.16        0.0000000000000000        0.0000000000000000        320000.00000000000        0.0000000000000000        0.0000000000000000       -2.2821687507177505E-008   0.0000000000000000        0.0000000000000000        1562.5000000000000        1.0000000000000000E-010   15625000000000.000        12.496779868613244        187451698029.19864        6.1791107005206689E-005   0.0000000000000000        0.0000000000000000        0.0000000000000000        4.5453007301289187E-023   0.0000000000000000        0.0000000000000000        0.0000000000000000     
  -210914139999975.16        0.0000000000000000        0.0000000000000000        320000.00000000000        0.0000000000000000        0.0000000000000000       -2.7841531451942107E-008   0.0000000000000000        0.0000000000000000        1562.5000000000000        1.0000000000000002E-010   15624999999999.996        12.496794284023995        187451914260.35986        6.1791391072416832E-005   0.0000000000000000        0.0000000000000000        0.0000000000000000        5.5407365855348113E-023   0.0000000000000000        0.0000000000000000        0.0000000000000000     
  -195289139999975.16        0.0000000000000000        0.0000000000000000        320000.00000000000        0.0000000000000000        0.0000000000000000       -2.8309943588629944E-008   0.0000000000000000        0.0000000000000000        1562.5000000000000        1.0000000000000000E-010   15625000000000.000        12.496868680210756        187453030203.16132        6.1792874497595168E-005   0.0000000000000000        0.0000000000000000        0.0000000000000000        5.6287858171522324E-023   0.0000000000000000        0.0000000000000000        0.0000000000000000     
  -179664139999975.16        0.0000000000000000        0.0000000000000000        319999.99900499824        0.0000000000000000        0.0000000000000000       -3.4475985681860274E-008   0.0000000000000000        0.0000000000000000        1562.5000000000000        1.0000000000000000E-010   15625000000000.000        12.496880493457237        187453207401.85852        6.1793106081314017E-005   0.0000000000000000        0.0000000000000000        0.0000000000000000        6.8546135237497472E-023   0.0000000000000000        0.0000000000000000        0.0000000000000000     
  -164039139999975.16        0.0000000000000000        0.0000000000000000        319999.99893525045        0.0000000000000000        0.0000000000000000       -3.4524444015232764E-008   0.0000000000000000        0.0000000000000000        1562.5000000000000        1.0000000000000004E-010   15624999999999.992        12.496978887439328        187454683311.58981        6.1795064863049163E-005   0.0000000000000000        0.0000000000000000        0.0000000000000000        6.8577833818359883E-023   0.0000000000000000        0.0000000000000000        0.0000000000000000     
  -148414139999975.16        0.0000000000000000        0.0000000000000000        319999.99797127972        0.0000000000000000        0.0000000000000000       -4.1948631869855256E-008   0.0000000000000000        0.0000000000000000        1562.5000000000000        1.0000000000000042E-010   15624999999999.936        12.496985473132531        187454782096.98718        6.1795192218590939E-005   0.0000000000000000        0.0000000000000000        0.0000000000000000        8.3300119667730874E-023   0.0000000000000000        0.0000000000000000        0.0000000000000000     
  -132789139999975.30        0.0000000000000000        0.0000000000000000        319999.99791732861        0.0000000000000000        0.0000000000000000       -4.1478746940781570E-008   0.0000000000000000        0.0000000000000000        1562.5000000000000        1.0000000000000042E-010   15624999999999.936        12.497113135566767        187456697033.50070        6.1797729812507836E-005   0.0000000000000000        0.0000000000000000        0.0000000000000000        8.2316924561165517E-023   0.0000000000000000        0.0000000000000000        0.0000000000000000     
  -117164139999975.30        0.0000000000000000        0.0000000000000000        319999.99714484898        0.0000000000000000        0.0000000000000000       -5.0161732176121877E-008   0.0000000000000000        0.0000000000000000        1562.5000000000000        1.0000000000000006E-010   15624999999999.990        12.497111500237585        187456672503.56366        6.1797694131602692E-005   0.0000000000000000        0.0000000000000000        0.0000000000000000        9.9496675884850584E-023   0.0000000000000000        0.0000000000000000        0.0000000000000000     
  -101539139999975.30        0.0000000000000000        0.0000000000000000        319999.99710493174        0.0000000000000000        0.0000000000000000       -4.9141748025433213E-008   0.0000000000000000        0.0000000000000000        1562.5000000000000        9.9999999999999913E-011   15625000000000.014        12.497273740567708        187459106108.51578        6.1800914579642066E-005   0.0000000000000000        0.0000000000000000        0.0000000000000000        9.7443580533605619E-023   0.0000000000000000        0.0000000000000000        0.0000000000000000     
  -85914139999975.297        0.0000000000000000        0.0000000000000000        319999.99652188085        0.0000000000000000        0.0000000000000000       -5.8881423810207371E-008   0.0000000000000000        0.0000000000000000        1562.5000000000000        9.9999999999999060E-011   15625000000000.148        12.497260819255617        187458912288.83600        6.1800655800705459E-005   0.0000000000000000        0.0000000000000000        0.0000000000000000        1.1686284218599141E-022   0.0000000000000000        0.0000000000000000        0.0000000000000000     
  -70289139999974.977        0.0000000000000000        0.0000000000000000        319999.99649839971        0.0000000000000000        0.0000000000000000       -5.5639593577765322E-008   0.0000000000000000        0.0000000000000000        1562.5000000000000        9.9999999999999060E-011   15625000000000.148        12.497462510273694        187461937654.10715        6.1804654464180271E-005   0.0000000000000000        0.0000000000000000        0.0000000000000000        1.1383249228059367E-022   0.0000000000000000        0.0000000000000000        0.0000000000000000     
  -54664139999974.977        0.0000000000000000        0.0000000000000000        320000.00608692679        0.0000000000000000        0.0000000000000000        2.1362849069018493E-007   0.0000000000000000        0.0000000000000000        1562.5000000000000        1.0000000211294225E-010   15624999669852.781        12.497435822669585        187461533379.08984        6.1804118852040385E-005   0.0000000000000000        0.0000000000000000        0.0000000000000000        1.3504561511177111E-022   0.0000000000000000        0.0000000000000000        0.0000000000000000     
  -39039139999974.977        0.0000000000000000        0.0000000000000000        319999.98801305058        0.0000000000000000        0.0000000000000000       -2.9892334410579091E-007   0.0000000000000000        0.0000000000000000        1562.5000000000000        1.0000004422467483E-010   15624993089897.613        12.497686150242211        187465209347.75388        6.1808971250898028E-005   0.0000000000000000        0.0000000000000000        0.0000000000000000        1.3128358496338002E-022   0.0000000000000000        0.0000000000000000        0.0000000000000000     
  -23414147923501.652        0.0000000000000000        0.0000000000000000        319782.53170084633        0.0000000000000000        0.0000000000000000       -2.9945459284349387E-003   0.0000000000000000        0.0000000000000000        1562.5000000000000        1.0001273145740354E-010   15623010963014.094        12.499238604955426        187464712084.36569        6.1808130038401706E-005   0.0000000000000000        0.0000000000000000        0.0000000000000000        1.5386470880571813E-022   0.0000000000000000        0.0000000000000000        0.0000000000000000     
  -7789226606449.7119        0.0000000000000000        0.0000000000000000        317630.63852417044        0.0000000000000000        0.0000000000000000       -3.2316668867107136E-002   0.0000000000000000        0.0000000000000000        1562.5000000000000        1.0013711583349595E-010   15603604986966.703        12.515158918413459        187470332267.55557        6.1813773922280211E-005   0.0000000000000000        0.0000000000000000        0.0000000000000000        1.4825486478197874E-022   0.0000000000000000        0.0000000000000000        0.0000000000000000     
   7789226606449.7119        0.0000000000000000        0.0000000000000000       -317630.63852417044        0.0000000000000000        0.0000000000000000        3.2316668867107136E-002   0.0000000000000000        0.0000000000000000        1562.5000000000000        1.0013711583349595E-010   15603604986966.703        12.515158918413459        187470332267.55557        6.1813773922280211E-005   0.0000000000000000        0.0000000000000000        0.0000000000000000       -1.4825486478197874E-022   0.0000000000000000        0.0000000000000000        0.0000000000000000     
   23414147923501.652        0.0000000000000000        0.0000000000000000       -319782.53170084633        0.0000000000000000        0.0000000000000000        2.9945459284349343E-003   0.0000000000000000        0.0000000000000000        1562.5000000000000        1.0001273145740354E-010   15623010963014.094        12.499238604955426        187464712084.36569        6.1808130038401706E-005   0.0000000000000000        0.0000000000000000        0.0000000000000000       -1.5386470880571813E-022   0.0000000000000000        0.0000000000000000        0.0000000000000000     
   39039139999974.977        0.0000000000000000        0.0000000000000000       -319999.98801305058        0.0000000000000000        0.0000000000000000        2.9892334410991088E-007   0.0000000000000000        0.0000000000000000        1562.5000000000000        1.0000004422467483E-010   15624993089897.611        12.497686150242211        187465209347.75388        6.1808971250898028E-005   0.0000000000000000        0.0000000000000000        0.0000000000000000       -1.3128358496338004E-022   0.0000000000000000        0.0000000000000000        0.0000000000000000     
   54664139999974.977        0.0000000000000000        0.0000000000000000       -320000.00608692679        0.0000000000000000        0.0000000000000000       -2.1362849069072704E-007   0.0000000000000000        0.0000000000000000        1562.5000000000000        1.0000000211294225E-010   15624999669852.781        12.497435822669585        187461533379.08984        6.1804118852040385E-005   0.0000000000000000        0.0000000000000000        0.0000000000000000       -1.3504561511177111E-022   0.0000000000000000        0.0000000000000000        0.0000000000000000     
   70289139999974.977        0.0000000000000000        0.0000000000000000       -319999.99649839971        0.0000000000000000        0.0000000000000000        5.5639593576897961E-008   0.0000000000000000        0.0000000000000000        1562.5000000000000        9.9999999999999060E-011   15625000000000.148        12.497462510273694        187461937654.10715        6.1804654464180271E-005   0.0000000000000000        0.0000000000000000        0.0000000000000000       -1.1383249228059367E-022   0.0000000000000000        0.0000000000000000        0.0000000000000000     
   85914139999975.297        0.0000000000000000        0.0000000000000000       -319999.99652188085        0.0000000000000000        0.0000000000000000        5.8881423809340010E-008   0.0000000000000000        0.0000000000000000        1562.5000000000000        9.9999999999999060E-011   15625000000000.148        12.497260819255617        187458912288.83600        6.1800655800705459E-005   0.0000000000000000        0.0000000000000000        0.0000000000000000       -1.1686284218599141E-022   0.0000000000000000        0.0000000000000000        0.0000000000000000     
   101539139999975.30        0.0000000000000000        0.0000000000000000       -319999.99710493174        0.0000000000000000        0.0000000000000000        4.9141748025433213E-008   0.0000000000000000        0.0000000000000000        1562.5000000000000        9.9999999999999913E-011   15625000000000.014        12.497273740567708        187459106108.51578        6.1800914579642066E-005   0.0000000000000000        0.0000000000000000        0.0000000000000000       -9.7443580533605619E-023   0.0000000000000000        0.0000000000000000        0.0000000000000000     
   117164139999975.30        0.0000000000000000        0.0000000000000000       -319999.99714484898        0.0000000000000000        0.0000000000000000        5.0161732176121877E-008   0.0000000000000000        0.0000000000000000        1562.5000000000000        1.0000000000000006E-010   15624999999999.990        12.497111500237585        187456672503.56366        6.1797694131602692E-005   0.0000000000000000        0.0000000000000000        0.0000000000000000       -9.9496675884850584E-023   0.0000000000000000        0.0000000000000000        0.0000000000000000     
   132789139999975.30        0.0000000000000000        0.0000000000000000       -319999.99791732861        0.0000000000000000        0.0000000000000000        4.1478746940781570E-008   0.0000000000000000        0.0000000000000000        1562.5000000000000        1.0000000000000042E-010   15624999999999.936        12.497113135566767        187456697033.50070        6.1797729812507836E-005   0.0000000000000000        0.0000000000000000        0.0000000000000000       -8.2316924561165517E-023   0.0000000000000000        0.0000000000000000        0.0000000000000000     
   148414139999975.16        0.0000000000000000        0.0000000000000000       -319999.99797127972        0.0000000000000000        0.0000000000000000        4.1948631869855256E-008   0.0000000000000000        0.0000000000000000        1562.5000000000000        1.0000000000000042E-010   15624999999999.936        12.496985473132531        187454782096.98718        6.1795192218590939E-005   0.0000000000000000        0.0000000000000000        0.0000000000000000       -8.3300119667730874E-023   0.0000000000000000        0.0000000000000000        0.0000000000000000     
   164039139999975.16        0.0000000000000000        0.0000000000000000       -319999.99893525045        0.0000000000000000        0.0000000000000000        3.4524444014365402E-008   0.0000000000000000        0.0000000000000000        1562.5000000000000        1.0000000000000004E-010   15624999999999.992        12.496978887439328        187454683311.58981        6.1795064863049163E-005   0.0000000000000000        0.0000000000000000        0.0000000000000000       -6.8577833818359883E-023   0.0000000000000000        0.0000000000000000        0.0000000000000000     
   179664139999975.16        0.0000000000000000        0.0000000000000000       -319999.99900499824        0.0000000000000000        0.0000000000000000        3.4475985681751854E-008   0.0000000000000000        0.0000000000000000        1562.5000000000000        1.0000000000000000E-010   15625000000000.000        12.496880493457237        187453207401.85852        6.1793106081314017E-005   0.0000000000000000        0.0000000000000000        0.0000000000000000       -6.8546135237497472E-023   0.0000000000000000        0.0000000000000000        0.0000000000000000     
   195289139999975.16        0.0000000000000000        0.0000000000000000       -320000.00000000000        0.0000000000000000        0.0000000000000000        2.8309943593183594E-008   0.0000000000000000        0.0000000000000000        1562.5000000000000        1.0000000000000000E-010   15625000000000.000        12.496868680210756        187453030203.16132        6.1792874497595168E-005   0.0000000000000000        0.0000000000000000        0.0000000000000000       -5.6287858171522324E-023   0.0000000000000000        0.0000000000000000        0.0000000000000000     
   210914139999975.16        0.0000000000000000        0.0000000000000000       -320000.00000000000        0.0000000000000000        0.0000000000000000        2.7841531451592818E-008   0.0000000000000000        0.0000000000000000        1562.5000000000000        1.0000000000000000E-010   15625000000000.000        12.496794284023993        187451914260.35986        6.1791391072416832E-005   0.0000000000000000        0.0000000000000000        0.0000000000000000       -5.5407365855348113E-023   0.0000000000000000        0.0000000000000000        0.0000000000000000     
   226539139999975.16        0.0000000000000000        0.0000000000000000       -320000.00000000000        0.0000000000000000        0.0000000000000000        2.2821687504575419E-008   0.0000000000000000        0.0000000000000000        1562.5000000000000        1.0000000000000000E-010   15625000000000.000        12.496779868613244        187451698029.19864        6.1791107005206689E-005   0.0000000000000000        0.0000000000000000        0.0000000000000000       -4.5453007301289187E-023   0.0000000000000000        0.0000000000000000        0.0000000000000000     
   242164139999975.16        0.0000000000000000        0.0000000000000000       -320000.00000000000        0.0000000000000000        0.0000000000000000        2.2052612868929875E-008   0.0000000000000000        0.0000000000000000        1562.5000000000000        1.0000000000000000E-010   15625000000000.000        12.496724604338514        187450869065.07770        6.1790003243003051E-005   0.0000000000000000        0.0000000000000000        0.0000000000000000       -4.3950725240241766E-023   0.0000000000000000        0.0000000000000000        0.0000000000000000     
   257789139999975.16        0.0000000000000000        0.0000000000000000       -320000.00000000000        0.0000000000000000        0.0000000000000000        1.8066521047597655E-008   0.0000000000000000        0.0000000000000000        1562.5000000000000        1.0000000000000020E-010   15624999999999.973        12.496709669466076        187450645041.99078        6.1789707913995003E-005   0.0000000000000000        0.0000000000000000        0.0000000000000000       -3.6030174282549042E-023   0.0000000000000000        0.0000000000000000        0.0000000000000000     
   273414139999975.16        0.0000000000000000        0.0000000000000000       -320000.00000000000        0.0000000000000000        0.0000000000000000        1.7106489067415850E-008   0.0000000000000000        0.0000000000000000        1562.5000000000000        1.0000000000000211E-010   15624999999999.672        12.496669308010565        187450039620.15451        6.1788900462568603E-005   0.0000000000000000        0.0000000000000000        0.0000000000000000       -3.4144173963849078E-023   0.0000000000000000        0.0000000000000000        0.0000000000000000     
   289039139999974.44        0.0000000000000000        0.0000000000000000       -320000.00000000000        0.0000000000000000        0.0000000000000000        1.3986813301448247E-008   0.0000000000000000        0.0000000000000000        1562.5000000000000        1.0000000000000211E-010   15624999999999.672        12.496655341855178        187449830127.82370        6.1788623494195210E-005   0.0000000000000000        0.0000000000000000        0.0000000000000000       -2.7933725626467878E-023   0.0000000000000000        0.0000000000000000        0.0000000000000000     
   304664139999974.44        0.0000000000000000        0.0000000000000000       -320000.00000000000        0.0000000000000000        0.0000000000000000        1.2942695090161076E-008   0.0000000000000000        0.0000000000000000        1562.5000000000000        1.0000000000000020E-010   15624999999999.973        12.496626391360985        187449395870.41440        6.1788043375764540E-005   0.0000000000000000        0.0000000000000000        0.0000000000000000       -2.5874036772352392E-023   0.0000000000000000        0.0000000000000000        0.0000000000000000     
   320289139999974.44        0.0000000000000000        0.0000000000000000       -320000.00000000000        0.0000000000000000        0.0000000000000000        1.0519440580944026E-008   0.0000000000000000        0.0000000000000000        1562.5000000000000        1.0000000000000000E-010   15625000000000.000        12.496614333969339        187449215009.54007        6.1787803634925706E-005   0.0000000000000000        0.0000000000000000        0.0000000000000000       -2.1041106500659560E-023   0.0000000000000000        0.0000000000000000        0.0000000000000000     
   335914139999974.44        0.0000000000000000        0.0000000000000000       -320000.00000000000        0.0000000000000000        0.0000000000000000        9.4715321053821021E-009   0.0000000000000000        0.0000000000000000        1562.5000000000000        1.0000000000000000E-010   15625000000000.000        12.496594039039241        187448910585.58859        6.1787396291474012E-005   0.0000000000000000        0.0000000000000000        0.0000000000000000       -1.8966763358814706E-023   0.0000000000000000        0.0000000000000000        0.0000000000000000     
   351539139999974.44        0.0000000000000000        0.0000000000000000       -320000.00000000000        0.0000000000000000        0.0000000000000000        7.5860787574147613E-009   0.0000000000000000        0.0000000000000000        1562.5000000000000        1.0000000000000000E-010   15625000000000.000        12.496584388677340        187448765830.16006        6.1787203922162749E-005   0.0000000000000000        0.0000000000000000        0.0000000000000000       -1.5199977970436575E-023   0.0000000000000000        0.0000000000000000        0.0000000000000000     
   367164139999974.44        0.0000000000000000        0.0000000000000000       -320000.00000000000        0.0000000000000000        0.0000000000000000        6.5846494924521645E-009   0.0000000000000000        0.0000000000000000        1562.5000000000000        1.0000000000000002E-010   15624999999999.996        12.496570664197595        187448559962.96387        6.1786927967134552E-005   0.0000000000000000        0.0000000000000000        0.0000000000000000       -1.3211804442823646E-023   0.0000000000000000        0.0000000000000000        0.0000000000000000     
   382789139999974.44        0.0000000000000000        0.0000000000000000       -320000.00000000000        0.0000000000000000        0.0000000000000000        5.0977348679624936E-009   0.0000000000000000        0.0000000000000000        1562.5000000000000        1.0000000000000002E-010   15624999999999.996        12.496563606332284        187448454094.98422        6.1786786886581388E-005   0.0000000000000000        0.0000000000000000        0.0000000000000000       -1.0237039537931412E-023   0.0000000000000000        0.0000000000000000        0.0000000000000000     
   398414139999974.44        0.0000000000000000        0.0000000000000000       -320000.00000000000        0.0000000000000000        0.0000000000000000        4.1659038002059364E-009   0.0000000000000000        0.0000000000000000        1562.5000000000000        1.0000000000000000E-010   15625000000000.000        12.496554939785231        187448324096.77844        6.1786612220621564E-005   0.0000000000000000        0.0000000000000000        0.0000000000000000       -8.3828476727439842E-024   0.0000000000000000        0.0000000000000000        0.0000000000000000     
   414039139999974.44        0.0000000000000000        0.0000000000000000       -320000.00000000000        0.0000000000000000        0.0000000000000000        2.9600617064334232E-009   0.0000000000000000        0.0000000000000000        1562.5000000000000        1.0000000000000000E-010   15625000000000.000        12.496550469023131        187448257035.34692        6.1786522497465901E-005   0.0000000000000000        0.0000000000000000        0.0000000000000000       -5.9684166690196019E-024   0.0000000000000000        0.0000000000000000        0.0000000000000000     
   429664139999974.44        0.0000000000000000        0.0000000000000000       -320000.00000000000        0.0000000000000000        0.0000000000000000        2.1005834309821810E-009   0.0000000000000000        0.0000000000000000        1562.5000000000000        1.0000000000000000E-010   15625000000000.000        12.496545816944595        187448187254.16891        6.1786428290412136E-005   0.0000000000000000        0.0000000000000000        0.0000000000000000       -4.2559918017488297E-024   0.0000000000000000        0.0000000000000000        0.0000000000000000     
   445289139999974.44        0.0000000000000000        0.0000000000000000       -320000.00000000000        0.0000000000000000        0.0000000000000000        1.0792472190892551E-009   0.0000000000000000        0.0000000000000000        1562.5000000000000        1.0000000000000000E-010   15625000000000.000        12.496543833170650        187448157497.55972        6.1786388032424790E-005   0.0000000000000000        0.0000000000000000        0.0000000000000000       -2.2112148310660681E-024   0.0000000000000000        0.0000000000000000        0.0000000000000000     
   460914139999974.44        0.0000000000000000        0.0000000000000000       -320000.00000000000        0.0000000000000000        0.0000000000000000        2.8295312694905859E-010   0.0000000000000000        0.0000000000000000        1562.5000000000000        1.0000000000000000E-010   15625000000000.000        12.496542526963411        187448137904.45114        6.1786360874107026E-005   0.0000000000000000        0.0000000000000000        0.0000000000000000       -6.2470132398181189E-025   0.0000000000000000        0.0000000000000000        0.0000000000000000     
   476539139999974.44        0.0000000000000000        0.0000000000000000       -320000.00000000000        0.0000000000000000        0.0000000000000000       -6.3183203752168010E-010   0.0000000000000000        0.0000000000000000        1562.5000000000000        1.0000000000000000E-010   15625000000000.000        12.496542897340591        187448143460.10883        6.1786367454955347E-005   0.0000000000000000        0.0000000000000000        0.0000000000000000        1.2044070882043119E-024   0.0000000000000000        0.0000000000000000        0.0000000000000000     
   492164139999974.44        0.0000000000000000        0.0000000000000000       -320000.00000000000        0.0000000000000000        0.0000000000000000       -1.3775389610107404E-009   0.0000000000000000        0.0000000000000000        1562.5000000000000        1.0000000000000002E-010   15624999999999.996        12.496544564581074        187448168468.71603        6.1786399802110073E-005   0.0000000000000000        0.0000000000000000        0.0000000000000000        2.6879012493411302E-024   0.0000000000000000        0.0000000000000000        0.0000000000000000     
   507789139999974.44        0.0000000000000000        0.0000000000000000       -320000.00000000000        0.0000000000000000        0.0000000000000000       -2.2476239197107029E-009   0.0000000000000000        0.0000000000000000        1562.5000000000000        1.0000000000000002E-010   15624999999999.996        12.496547150544753        187448207258.17123        6.1786450405052401E-005   0.0000000000000000        0.0000000000000000        0.0000000000000000        4.4234052493285230E-024   0.0000000000000000        0.0000000000000000        0.0000000000000000     
   523414139999974.44        0.0000000000000000        0.0000000000000000       -320000.00000000000        0.0000000000000000        0.0000000000000000       -2.9512345268168172E-009   0.0000000000000000        0.0000000000000000        1562.5000000000000        1.0000000000000000E-010   15625000000000.000        12.496551652296741        187448274784.45111        6.1786539336104986E-005   0.0000000000000000        0.0000000000000000        0.0000000000000000        5.8190859034930199E-024   0.0000000000000000        0.0000000000000000        0.0000000000000000     
   539039139999974.44        0.0000000000000000        0.0000000000000000       -320000.00000000000        0.0000000000000000        0.0000000000000000       -3.8240300915109611E-009   0.0000000000000000        0.0000000000000000        1562.5000000000000        9.9999999999999551E-011   15625000000000.068        12.496556305527305        187448344582.91040        6.1786630891974711E-005   0.0000000000000000        0.0000000000000000        0.0000000000000000        7.5543935755726977E-024   0.0000000000000000        0.0000000000000000        0.0000000000000000     
   554664139999974.44        0.0000000000000000        0.0000000000000000       -320000.00000000000        0.0000000000000000        0.0000000000000000       -4.4842164408860017E-009   0.0000000000000000        0.0000000000000000        1562.5000000000000        9.9999999999995053E-011   15625000000000.771        12.496563685314586        187448455279.72803        6.1786777090100785E-005   0.0000000000000000        0.0000000000000000        0.0000000000000000        8.8586113893971648E-024   0.0000000000000000        0.0000000000000000        0.0000000000000000     
   570289139999976.12        0.0000000000000000        0.0000000000000000       -320000.00000000000        0.0000000000000000        0.0000000000000000       -5.3932619808155093E-009   0.0000000000000000        0.0000000000000000        1562.5000000000000        9.9999999999995053E-011   15625000000000.771        12.496570220555045        187448553308.33490        6.1786905762685254E-005   0.0000000000000000        0.0000000000000000        0.0000000000000000        1.0659521730607352E-023   0.0000000000000000        0.0000000000000000        0.0000000000000000     
   585914139999976.12        0.0000000000000000        0.0000000000000000       -320000.00000000000        0.0000000000000000        0.0000000000000000       -5.9955079634858604E-009   0.0000000000000000        0.0000000000000000        1562.5000000000000        9.9999999999999551E-011   15625000000000.068        12.496580659062422        187448709885.93716        6.1787112608270578E-005   0.0000000000000000        0.0000000000000000        0.0000000000000000        1.1843281988537928E-023   0.0000000000000000        0.0000000000000000        0.0000000000000000     
   601539139999976.12        0.0000000000000000        0.0000000000000000       -320000.00000000000        0.0000000000000000        0.0000000000000000       -6.9593380329812154E-009   0.0000000000000000        0.0000000000000000        1562.5000000000000        1.0000000000000000E-010   15625000000000.000        12.496588814006833        187448832210.10248        6.1787273030925759E-005   0.0000000000000000        0.0000000000000000        0.0000000000000000        1.3745869454150363E-023   0.0000000000000000        0.0000000000000000        0.0000000000000000     
   617164139999976.12        0.0000000000000000        0.0000000000000000       -320000.00000000000        0.0000000000000000        0.0000000000000000       -7.4755460264075949E-009   0.0000000000000000        0.0000000000000000        1562.5000000000000        1.0000000000000002E-010   15624999999999.996        12.496602580860396        187449038712.90588        6.1787545638441435E-005   0.0000000000000000        0.0000000000000000        0.0000000000000000        1.4754362380110506E-023   0.0000000000000000        0.0000000000000000        0.0000000000000000     
   632789139999976.12        0.0000000000000000        0.0000000000000000       -320000.00000000000        0.0000000000000000        0.0000000000000000       -8.4950507815755682E-009   0.0000000000000000        0.0000000000000000        1562.5000000000000        1.0000000000000002E-010   15624999999999.996        12.496611976041700        187449179640.62546        6.1787730162021987E-005   0.0000000000000000        0.0000000000000000        0.0000000000000000        1.6759715269317022E-023   0.0000000000000000        0.0000000000000000        0.0000000000000000     
   648414139999976.12        0.0000000000000000        0.0000000000000000       -320000.00000000000        0.0000000000000000        0.0000000000000000       -8.8874082552781244E-009   0.0000000000000000        0.0000000000000000        1562.5000000000000        1.0000000000000000E-010   15625000000000.000        12.496629369846181        187449440547.69269        6.1788074183200841E-005   0.0000000000000000        0.0000000000000000        0.0000000000000000        1.7519947159343993E-023   0.0000000000000000        0.0000000000000000        0.0000000000000000     
   664039139999976.12        0.0000000000000000        0.0000000000000000       -320000.00000000000        0.0000000000000000        0.0000000000000000       -9.9411932995005185E-009   0.0000000000000000        0.0000000000000000        1562.5000000000000        1.0000000000000000E-010   15625000000000.000        12.496639486458365        187449592296.87543        6.1788272476557700E-005   0.0000000000000000        0.0000000000000000        0.0000000000000000        1.9585393029019256E-023   0.0000000000000000        0.0000000000000000        0.0000000000000000     
   679664139999976.12        0.0000000000000000        0.0000000000000000       -320000.00000000000        0.0000000000000000        0.0000000000000000       -1.0169844901627666E-008   0.0000000000000000        0.0000000000000000        1562.5000000000000        1.0000000000000000E-010   15625000000000.000        12.496660752313387        187449911284.70081        6.1788692473269059E-005   0.0000000000000000        0.0000000000000000        0.0000000000000000        2.0021289881847965E-023   0.0000000000000000        0.0000000000000000        0.0000000000000000     
   695289139999976.12        0.0000000000000000        0.0000000000000000       -320000.00000000000        0.0000000000000000        0.0000000000000000       -1.1209342513510149E-008   0.0000000000000000        0.0000000000000000        1562.5000000000000        1.0000000000000000E-010   15625000000000.000        12.496670943670212        187450064155.05313        6.1788891783725680E-005   0.0000000000000000        0.0000000000000000        0.0000000000000000        2.2051023629931418E-023   0.0000000000000000        0.0000000000000000        0.0000000000000000     
   710914139999976.12        0.0000000000000000        0.0000000000000000       -320000.00000000000        0.0000000000000000        0.0000000000000000       -1.1243255159357585E-008   0.0000000000000000        0.0000000000000000        1562.5000000000000        1.0000000000000000E-010   15625000000000.000        12.496696164408890        187450442466.13333        6.1789389095226729E-005   0.0000000000000000        0.0000000000000000        0.0000000000000000        2.2104451683037255E-023   0.0000000000000000        0.0000000000000000        0.0000000000000000     
   726539139999976.12        0.0000000000000000        0.0000000000000000       -320000.00000000000        0.0000000000000000        0.0000000000000000       -1.2189006204847938E-008   0.0000000000000000        0.0000000000000000        1562.5000000000000        1.0000000000000000E-010   15625000000000.000        12.496705713091229        187450585696.36844        6.1789575390842232E-005   0.0000000000000000        0.0000000000000000        0.0000000000000000        2.3942772189093223E-023   0.0000000000000000        0.0000000000000000        0.0000000000000000     
   742164139999976.12        0.0000000000000000        0.0000000000000000       -320000.00000000000        0.0000000000000000        0.0000000000000000       -1.2017495056732358E-008   0.0000000000000000        0.0000000000000000        1562.5000000000000        1.0000000000000000E-010   15625000000000.000        12.496734677408559        187451020161.12839        6.1790145571484679E-005   0.0000000000000000        0.0000000000000000        0.0000000000000000        2.3595611344280849E-023   0.0000000000000000        0.0000000000000000        0.0000000000000000     
   757789139999976.12        0.0000000000000000        0.0000000000000000       -320000.00000000000        0.0000000000000000        0.0000000000000000       -1.2759918273633190E-008   0.0000000000000000        0.0000000000000000        1562.5000000000000        1.0000000000000002E-010   15624999999999.996        12.496742898413343        187451143476.20010        6.1790305560717086E-005   0.0000000000000000        0.0000000000000000        0.0000000000000000        2.5028939287558175E-023   0.0000000000000000        0.0000000000000000        0.0000000000000000     
   773414139999976.12        0.0000000000000000        0.0000000000000000       -320000.00000000000        0.0000000000000000        0.0000000000000000       -1.2401391472002600E-008   0.0000000000000000        0.0000000000000000        1562.5000000000000        1.0000000000000000E-010   15625000000000.000        12.496774964302888        187451624464.54330        6.1790935750732302E-005   0.0000000000000000        0.0000000000000000        0.0000000000000000        2.4319125257124770E-023   0.0000000000000000        0.0000000000000000        0.0000000000000000     
   789039139999976.12        0.0000000000000000        0.0000000000000000       -320000.00000000000        0.0000000000000000        0.0000000000000000       -1.2812155107346164E-008   0.0000000000000000        0.0000000000000000        1562.5000000000000        1.0000000000000002E-010   15624999999999.996        12.496781337954600        187451720069.31894        6.1791059450598841E-005   0.0000000000000000        0.0000000000000000        0.0000000000000000        2.5093028261269525E-023   0.0000000000000000        0.0000000000000000        0.0000000000000000     
   804664139999976.12        0.0000000000000000        0.0000000000000000       -320000.00012138061        0.0000000000000000        0.0000000000000000       -1.2325660064311951E-008   0.0000000000000000        0.0000000000000000        1562.5000000000000        1.0000000000000002E-010   15624999999999.996        12.496815325596783        187452229883.95172        6.1791726344638547E-005   0.0000000000000000        0.0000000000000000        0.0000000000000000        2.4116285816857400E-023   0.0000000000000000        0.0000000000000000        0.0000000000000000     
   820289139999976.12        0.0000000000000000        0.0000000000000000       -320000.00127665792        0.0000000000000000        0.0000000000000000       -1.2236864596929230E-008   0.0000000000000000        0.0000000000000000        1562.5000000000000        1.0000000000000000E-010   15625000000000.000        12.496819624495158        187452294367.42737        6.1791809507252604E-005   0.0000000000000000        0.0000000000000000        0.0000000000000000        2.3971561026292786E-023   0.0000000000000000        0.0000000000000000        0.0000000000000000     
   835914139999976.12        0.0000000000000000        0.0000000000000000       -320000.00138536352        0.0000000000000000        0.0000000000000000       -1.1685666042869615E-008   0.0000000000000000        0.0000000000000000        1562.5000000000000        1.0000000000000000E-010   15625000000000.000        12.496853784142363        187452806762.13544        6.1792478791375993E-005   0.0000000000000000        0.0000000000000000        0.0000000000000000        2.2864364540033618E-023   0.0000000000000000        0.0000000000000000        0.0000000000000000     
   851539139999976.12        0.0000000000000000        0.0000000000000000       -320000.00169079710        0.0000000000000000        0.0000000000000000       -1.1040033170857789E-008   0.0000000000000000        0.0000000000000000        1562.5000000000000        1.0000000000000000E-010   15625000000000.000        12.496856148919779        187452842233.79666        6.1792524318609248E-005   0.0000000000000000        0.0000000000000000        0.0000000000000000        2.1589843114316306E-023   0.0000000000000000        0.0000000000000000        0.0000000000000000     
   867164139999976.12        0.0000000000000000        0.0000000000000000       -320000.00168466748        0.0000000000000000        0.0000000000000000       -1.0483834617102034E-008   0.0000000000000000        0.0000000000000000        1562.5000000000000        1.0000000000000002E-010   15624999999999.996        12.496888245212471        187453323678.18701        6.1793152367774616E-005   0.0000000000000000        0.0000000000000000        0.0000000000000000        2.0494787284014547E-023   0.0000000000000000        0.0000000000000000        0.0000000000000000     
   882789139999976.12        0.0000000000000000        0.0000000000000000       -320000.00175205496        0.0000000000000000        0.0000000000000000       -9.2123396415336112E-009   0.0000000000000000        0.0000000000000000        1562.5000000000000        1.0000000000000002E-010   15624999999999.996        12.496889167837123        187453337517.55679        6.1793169934434237E-005   0.0000000000000000        0.0000000000000000        0.0000000000000000        1.7988148160714336E-023   0.0000000000000000        0.0000000000000000        0.0000000000000000     
   898414139999976.12        0.0000000000000000        0.0000000000000000       -320000.00201892521        0.0000000000000000        0.0000000000000000       -8.6643754604985437E-009   0.0000000000000000        0.0000000000000000        1562.5000000000000        1.0000000000000000E-010   15625000000000.000        12.496916703855666        187453750557.83496        6.1793708178357613E-005   0.0000000000000000        0.0000000000000000        0.0000000000000000        1.7011264077973543E-023   0.0000000000000000        0.0000000000000000        0.0000000000000000     
   914039139999976.12        0.0000000000000000        0.0000000000000000       -320000.00247239933        0.0000000000000000        0.0000000000000000       -1.1667940694134614E-008   0.0000000000000000        0.0000000000000000        1562.5000000000000        1.0000000000000000E-010   15625000000000.000        12.496916901856881        187453753527.85318        6.1793711768339549E-005   0.0000000000000000        0.0000000000000000        0.0000000000000000        1.3327957594120796E-023   0.0000000000000000        0.0000000000000000        0.0000000000000000     
   929664139999976.12        0.0000000000000000        0.0000000000000000       -320000.01106575126        0.0000000000000000        0.0000000000000000       -2.2500276946570295E-007   0.0000000000000000        0.0000000000000000        1562.5000000000000        1.0000000130867034E-010   15624999795520.262        12.496937623794343        187454061903.75943        6.1794113252750736E-005   0.0000000000000000        0.0000000000000000        0.0000000000000000        1.2505084931322397E-023   0.0000000000000000        0.0000000000000000        0.0000000000000000     
   945289139999976.12        0.0000000000000000        0.0000000000000000       -320004.31355387357        0.0000000000000000        0.0000000000000000       -5.3729539669083198E-005   0.0000000000000000        0.0000000000000000        1562.5000000000000        1.0000001308670000E-010   15624997955203.395        12.496939322002190        187454065298.48169        6.1794117174600804E-005   0.0000000000000000        0.0000000000000000        0.0000000000000000        7.8710752897457696E-024   0.0000000000000000        0.0000000000000000        0.0000000000000000     
   960914135092465.00        0.0000000000000000        0.0000000000000000       -320135.18372730649        0.0000000000000000        0.0000000000000000       -1.8508443265147600E-003   0.0000000000000000        0.0000000000000000        1562.5000000000000        9.9999993243940170E-011   15625001055634.420        12.496948402752471        187454238705.80759        6.1794343522720820E-005   0.0000000000000000        0.0000000000000000        0.0000000000000000        7.1517340063253104E-024   0.0000000000000000        0.0000000000000000        0.0000000000000000     
   976539139999976.25        0.0000000000000000        0.0000000000000000       -319957.61137732869        0.0000000000000000        0.0000000000000000        5.8067834626533818E-004   0.0000000000000000        0.0000000000000000        1562.5000000000000        9.9096781445434649E-011   15767414210726.449        12.384075259098768        187454250457.93903        6.1794360721374318E-005   0.0000000000000000        0.0000000000000000        0.0000000000000000        1.2184596394277274E-024   0.0000000000000000        0.0000000000000000        0.0000000000000000     
   992164165335321.50        0.0000000000000000        0.0000000000000000       -319302.01711899030        0.0000000000000000        0.0000000000000000        9.5611139599108570E-003   0.0000000000000000        0.0000000000000000        1562.5000000000000        6.8979780617221319E-011   22651565227070.457        8.6203686462181892        187454248964.35626        6.1794359683407487E-005   0.0000000000000000        0.0000000000000000        0.0000000000000000        6.8122422134149790E-025   0.0000000000000000        0.0000000000000000        0.0000000000000000     
