   55000.000000000000     
  -992169914427002.25        0.0000000000000000        0.0000000000000000        319474.11770856043        0.0000000000000000        0.0000000000000000       -9.5611752139749557E-003   0.0000000000000000        0.0000000000000000        1562.5000000000000        6.8979816786996451E-011   22651553349653.875        8.6204211403148605        187455292182.07309        6.1795714205227010E-005   0.0000000000000000        0.0000000000000000        0.0000000000000000       -1.0469194650301062E-024   0.0000000000000000        0.0000000000000000        0.0000000000000000     
  -976544899999978.75        0.0000000000000000        0.0000000000000000        319968.06361058797        0.0000000000000000        0.0000000000000000       -5.8067566642422234E-004   0.0000000000000000        0.0000000000000000        1562.5000000000000        9.9096819150009015E-011   15767408211506.227        12.384149075820016        187455296477.37772        6.1795719061486366E-005   0.0000000000000000        0.0000000000000000        0.0000000000000000       -2.0531432742175604E-024   0.0000000000000000        0.0000000000000000        0.0000000000000000     
  -960919897342467.50        0.0000000000000000        0.0000000000000000        320101.86445593409        0.0000000000000000        0.0000000000000000        1.8512972592072427E-003   0.0000000000000000        0.0000000000000000        1562.5000000000000        9.9999996152803667E-011   15625000601124.449        12.497017534042305        187455270222.40686        6.1795683698891474E-005   0.0000000000000000        0.0000000000000000        0.0000000000000000       -1.1160116758453786E-023   0.0000000000000000        0.0000000000000000        0.0000000000000000     
  -945294899999978.62        0.0000000000000000        0.0000000000000000        320003.34983685293        0.0000000000000000        0.0000000000000000        5.3348422034682963E-005   0.0000000000000000        0.0000000000000000        1562.5000000000000        1.0000000708669738E-010   15624998892703.613        12.497001214954329        187455004939.94601        6.1795339381243351E-005   0.0000000000000000        0.0000000000000000        0.0000000000000000       -1.2186834976690692E-023   0.0000000000000000        0.0000000000000000        0.0000000000000000     
  -929669899999978.62        0.0000000000000000        0.0000000000000000        320000.00747954811        0.0000000000000000        0.0000000000000000        1.7532458215914604E-007   0.0000000000000000        0.0000000000000000        1562.5000000000000        1.0000000070866984E-010   15624999889270.340        12.496999702886553        187454994214.86127        6.1795325965444456E-005   0.0000000000000000        0.0000000000000000        0.0000000000000000       -1.8948175400225601E-023   0.0000000000000000        0.0000000000000000        0.0000000000000000     
  -914044899999978.62        0.0000000000000000        0.0000000000000000        320000.00247239933        0.0000000000000000        0.0000000000000000        1.4257175924671279E-008   0.0000000000000000        0.0000000000000000        1562.5000000000000        1.0000000000000000E-010   15625000000000.000        12.496968794547735        187454531918.21600        6.1794726333255665E-005   0.0000000000000000        0.0000000000000000        0.0000000000000000       -2.0226501814617271E-023   0.0000000000000000        0.0000000000000000        0.0000000000000000     
  -898419899999978.62        0.0000000000000000        0.0000000000000000        320000.00201892521        0.0000000000000000        0.0000000000000000        1.2893248973833030E-008   0.0000000000000000        0.0000000000000000        1562.5000000000000        1.0000000000000000E-010   15625000000000.000        12.496967857912299        187454517868.68448        6.1794708612894814E-005   0.0000000000000000        0.0000000000000000        0.0000000000000000       -2.5144644236905232E-023   0.0000000000000000        0.0000000000000000        0.0000000000000000     
  -882794899999978.62        0.0000000000000000        0.0000000000000000        320000.00175205496        0.0000000000000000        0.0000000000000000        1.3708402369259403E-008   0.0000000000000000        0.0000000000000000        1562.5000000000000        1.0000000000000000E-010   15625000000000.000        12.496927793329331        187453916899.93994        6.1793927968559290E-005   0.0000000000000000        0.0000000000000000        0.0000000000000000       -2.6678323426556267E-023   0.0000000000000000        0.0000000000000000        0.0000000000000000     
  -867169899999978.62        0.0000000000000000        0.0000000000000000        320000.00168466748        0.0000000000000000        0.0000000000000000        1.5100258575297772E-008   0.0000000000000000        0.0000000000000000        1562.5000000000000        1.0000000000000000E-010   15625000000000.000        12.496925300622276        187453879509.33411        6.1793880370819359E-005   0.0000000000000000        0.0000000000000000        0.0000000000000000       -2.9436297654603099E-023   0.0000000000000000        0.0000000000000000        0.0000000000000000     
  -851544899999978.62        0.0000000000000000        0.0000000000000000        320000.00169079710        0.0000000000000000        0.0000000000000000        1.5942998832129090E-008   0.0000000000000000        0.0000000000000000        1562.5000000000000        1.0000000000000000E-010   15625000000000.000        12.496880426813238        187453206402.19855        6.1793004382725258E-005   0.0000000000000000        0.0000000000000000        0.0000000000000000       -3.1086897324640703E-023   0.0000000000000000        0.0000000000000000        0.0000000000000000     
  -835919899999978.62        0.0000000000000000        0.0000000000000000        320000.00138536352        0.0000000000000000        0.0000000000000000        1.6270053556000205E-008   0.0000000000000000        0.0000000000000000        1562.5000000000000        1.0000000000000000E-010   15625000000000.000        12.496875299405639        187453129491.08456        6.1792905859614662E-005   0.0000000000000000        0.0000000000000000        0.0000000000000000       -3.1766223691176024E-023   0.0000000000000000        0.0000000000000000        0.0000000000000000     
  -820294899999978.62        0.0000000000000000        0.0000000000000000        320000.00127665792        0.0000000000000000        0.0000000000000000        1.7024723400694683E-008   0.0000000000000000        0.0000000000000000        1562.5000000000000        1.0000000000000000E-010   15625000000000.000        12.496829791427276        187452446871.40909        6.1792015494109516E-005   0.0000000000000000        0.0000000000000000        0.0000000000000000       -3.3273758347529487E-023   0.0000000000000000        0.0000000000000000        0.0000000000000000     
  -804669899999978.62        0.0000000000000000        0.0000000000000000        320000.00012138061        0.0000000000000000        0.0000000000000000        1.6505662018208387E-008   0.0000000000000000        0.0000000000000000        1562.5000000000000        1.0000000000000000E-010   15625000000000.000        12.496821577201027        187452323658.01538        6.1791856923092589E-005   0.0000000000000000        0.0000000000000000        0.0000000000000000       -3.2259779756008943E-023   0.0000000000000000        0.0000000000000000        0.0000000000000000     
  -789044899999978.62        0.0000000000000000        0.0000000000000000        320000.00000000000        0.0000000000000000        0.0000000000000000        1.7045640297015442E-008   0.0000000000000000        0.0000000000000000        1562.5000000000000        1.0000000000000000E-010   15625000000000.000        12.496778708896063        187451680633.44092        6.1791016088565666E-005   0.0000000000000000        0.0000000000000000        0.0000000000000000       -3.3352152380258964E-023   0.0000000000000000        0.0000000000000000        0.0000000000000000     
  -773419899999978.62        0.0000000000000000        0.0000000000000000        320000.00000000000        0.0000000000000000        0.0000000000000000        1.5904390852693744E-008   0.0000000000000000        0.0000000000000000        1562.5000000000000        1.0000000000000000E-010   15625000000000.000        12.496767690417686        187451515356.26526        6.1790802497644660E-005   0.0000000000000000        0.0000000000000000        0.0000000000000000       -3.1174551235029401E-023   0.0000000000000000        0.0000000000000000        0.0000000000000000     
  -757794899999978.62        0.0000000000000000        0.0000000000000000        320000.00000000000        0.0000000000000000        0.0000000000000000        1.6142630266079560E-008   0.0000000000000000        0.0000000000000000        1562.5000000000000        1.0000000000000000E-010   15625000000000.000        12.496729565577620        187450943483.66428        6.1790052691446207E-005   0.0000000000000000        0.0000000000000000        0.0000000000000000       -3.1666673637392618E-023   0.0000000000000000        0.0000000000000000        0.0000000000000000     
  -742169899999978.62        0.0000000000000000        0.0000000000000000        320000.00000000000        0.0000000000000000        0.0000000000000000        1.4686001942129078E-008   0.0000000000000000        0.0000000000000000        1562.5000000000000        1.0000000000000000E-010   15625000000000.000        12.496716605164833        187450749077.47247        6.1789800437574038E-005   0.0000000000000000        0.0000000000000000        0.0000000000000000       -2.8852675506742496E-023   0.0000000000000000        0.0000000000000000        0.0000000000000000     
  -726544899999978.62        0.0000000000000000        0.0000000000000000        320000.00000000000        0.0000000000000000        0.0000000000000000        1.4589479292663338E-008   0.0000000000000000        0.0000000000000000        1562.5000000000000        1.0000000000000000E-010   15625000000000.000        12.496684216747997        187450263251.21994        6.1789161686657865E-005   0.0000000000000000        0.0000000000000000        0.0000000000000000       -2.8695232212085086E-023   0.0000000000000000        0.0000000000000000        0.0000000000000000     
  -710919899999978.62        0.0000000000000000        0.0000000000000000        320000.00000000000        0.0000000000000000        0.0000000000000000        1.3035825314280200E-008   0.0000000000000000        0.0000000000000000        1562.5000000000000        1.0000000000000000E-010   15625000000000.000        12.496670457247623        187450056858.71432        6.1788892792213055E-005   0.0000000000000000        0.0000000000000000        0.0000000000000000       -2.5675315691384379E-023   0.0000000000000000        0.0000000000000000        0.0000000000000000     
  -695294899999978.62        0.0000000000000000        0.0000000000000000        320000.00000000000        0.0000000000000000        0.0000000000000000        1.2647925828549672E-008   0.0000000000000000        0.0000000000000000        1562.5000000000000        1.0000000000000000E-010   15625000000000.000        12.496643942863127        187449659142.94687        6.1788368432976509E-005   0.0000000000000000        0.0000000000000000        0.0000000000000000       -2.4946488084430448E-023   0.0000000000000000        0.0000000000000000        0.0000000000000000     
  -679669899999978.62        0.0000000000000000        0.0000000000000000        320000.00000000000        0.0000000000000000        0.0000000000000000        1.1149113825884694E-008   0.0000000000000000        0.0000000000000000        1562.5000000000000        1.0000000000000000E-010   15625000000000.000        12.496630503773678        187449457556.60516        6.1788104731003328E-005   0.0000000000000000        0.0000000000000000        0.0000000000000000       -2.2019015449826171E-023   0.0000000000000000        0.0000000000000000        0.0000000000000000     
  -664044899999978.62        0.0000000000000000        0.0000000000000000        320000.00000000000        0.0000000000000000        0.0000000000000000        1.0554284005429148E-008   0.0000000000000000        0.0000000000000000        1562.5000000000000        1.0000000000000000E-010   15625000000000.000        12.496609457387178        187449141860.80765        6.1787687365723472E-005   0.0000000000000000        0.0000000000000000        0.0000000000000000       -2.0878104206524701E-023   0.0000000000000000        0.0000000000000000        0.0000000000000000     
  -648419899999978.62        0.0000000000000000        0.0000000000000000        320000.00000000000        0.0000000000000000        0.0000000000000000        9.1974609801511387E-009   0.0000000000000000        0.0000000000000000        1562.5000000000000        1.0000000000000000E-010   15625000000000.000        12.496597222990987        187448958344.86478        6.1787446333949736E-005   0.0000000000000000        0.0000000000000000        0.0000000000000000       -1.8216497611571458E-023   0.0000000000000000        0.0000000000000000        0.0000000000000000     
  -632794899999978.62        0.0000000000000000        0.0000000000000000        320000.00000000000        0.0000000000000000        0.0000000000000000        8.4912356872244473E-009   0.0000000000000000        0.0000000000000000        1562.5000000000000        1.0000000000000000E-010   15625000000000.000        12.496580967649615        187448714514.74420        6.1787123114434984E-005   0.0000000000000000        0.0000000000000000        0.0000000000000000       -1.6846981699112679E-023   0.0000000000000000        0.0000000000000000        0.0000000000000000     
  -617169899999978.62        0.0000000000000000        0.0000000000000000        320000.00000000000        0.0000000000000000        0.0000000000000000        7.3134174481390816E-009   0.0000000000000000        0.0000000000000000        1562.5000000000000        1.0000000000000000E-010   15625000000000.000        12.496570498639626        187448557479.59436        6.1786916057283869E-005   0.0000000000000000        0.0000000000000000        0.0000000000000000       -1.4526821348195717E-023   0.0000000000000000        0.0000000000000000        0.0000000000000000     
  -601544899999978.62        0.0000000000000000        0.0000000000000000        320000.00000000000        0.0000000000000000        0.0000000000000000        6.5785716674822824E-009   0.0000000000000000        0.0000000000000000        1562.5000000000000        1.0000000000000000E-010   15625000000000.000        12.496558281668419        187448374225.02628        6.1786672514244970E-005   0.0000000000000000        0.0000000000000000        0.0000000000000000       -1.3089867923167635E-023   0.0000000000000000        0.0000000000000000        0.0000000000000000     
  -585919899999978.62        0.0000000000000000        0.0000000000000000        320000.00000000000        0.0000000000000000        0.0000000000000000        5.5821977299495863E-009   0.0000000000000000        0.0000000000000000        1562.5000000000000        9.9999999999999551E-011   15625000000000.068        12.496549831463733        187448247471.95682        6.1786504777844301E-005   0.0000000000000000        0.0000000000000000        0.0000000000000000       -1.1118581197841077E-023   0.0000000000000000        0.0000000000000000        0.0000000000000000     
  -570294899999978.62        0.0000000000000000        0.0000000000000000        320000.00000000000        0.0000000000000000        0.0000000000000000        4.8755039626421107E-009   0.0000000000000000        0.0000000000000000        1562.5000000000000        9.9999999999995053E-011   15625000000000.771        12.496540944598696        187448114168.98969        6.1786327208359482E-005   0.0000000000000000        0.0000000000000000        0.0000000000000000       -9.7263239761121743E-024   0.0000000000000000        0.0000000000000000        0.0000000000000000     
  -554669899999976.94        0.0000000000000000        0.0000000000000000        320000.00000000000        0.0000000000000000        0.0000000000000000        4.0407873781999549E-009   0.0000000000000000        0.0000000000000000        1562.5000000000000        9.9999999999995053E-011   15625000000000.771        12.496534538316379        187448018074.75494        6.1786199648189563E-005   0.0000000000000000        0.0000000000000000        0.0000000000000000       -8.0669505892592034E-024   0.0000000000000000        0.0000000000000000        0.0000000000000000     
  -539044899999976.94        0.0000000000000000        0.0000000000000000        320000.00000000000        0.0000000000000000        0.0000000000000000        3.3892436188261742E-009   0.0000000000000000        0.0000000000000000        1562.5000000000000        9.9999999999999551E-011   15625000000000.068        12.496528382993072        187447925744.89688        6.1786076439301308E-005   0.0000000000000000        0.0000000000000000        0.0000000000000000       -6.7742518349763074E-024   0.0000000000000000        0.0000000000000000        0.0000000000000000     
  -523419899999976.94        0.0000000000000000        0.0000000000000000        320000.00000000000        0.0000000000000000        0.0000000000000000        2.6816008468163760E-009   0.0000000000000000        0.0000000000000000        1562.5000000000000        1.0000000000000000E-010   15625000000000.000        12.496523918967764        187447858784.51642        6.1785987361955073E-005   0.0000000000000000        0.0000000000000000        0.0000000000000000       -5.3601501050938343E-024   0.0000000000000000        0.0000000000000000        0.0000000000000000     
  -507794899999976.94        0.0000000000000000        0.0000000000000000        320000.00000000000        0.0000000000000000        0.0000000000000000        2.0856127607623016E-009   0.0000000000000000        0.0000000000000000        1562.5000000000000        1.0000000000000000E-010   15625000000000.000        12.496520042291452        187447800634.37177        6.1785909726266261E-005   0.0000000000000000        0.0000000000000000        0.0000000000000000       -4.1697878779030140E-024   0.0000000000000000        0.0000000000000000        0.0000000000000000     
  -492169899999976.94        0.0000000000000000        0.0000000000000000        320000.00000000000        0.0000000000000000        0.0000000000000000        1.4600590153460244E-009   0.0000000000000000        0.0000000000000000        1562.5000000000000        1.0000000000000000E-010   15625000000000.000        12.496517385979258        187447760789.68887        6.1785856722250615E-005   0.0000000000000000        0.0000000000000000        0.0000000000000000       -2.9130702325179402E-024   0.0000000000000000        0.0000000000000000        0.0000000000000000     
  -476544899999976.94        0.0000000000000000        0.0000000000000000        320000.00000000000        0.0000000000000000        0.0000000000000000        8.9912942944216172E-010   0.0000000000000000        0.0000000000000000        1562.5000000000000        1.0000000000000000E-010   15625000000000.000        12.496515502921687        187447732543.82529        6.1785819165891673E-005   0.0000000000000000        0.0000000000000000        0.0000000000000000       -1.7865369094756502E-024   0.0000000000000000        0.0000000000000000        0.0000000000000000     
  -460919899999976.94        0.0000000000000000        0.0000000000000000        320000.00000000000        0.0000000000000000        0.0000000000000000        3.0141748498912066E-010   0.0000000000000000        0.0000000000000000        1562.5000000000000        1.0000000000000000E-010   15625000000000.000        12.496514560816427        187447718412.24640        6.1785800564363762E-005   0.0000000000000000        0.0000000000000000        0.0000000000000000       -5.8045874302883184E-025   0.0000000000000000        0.0000000000000000        0.0000000000000000     
  -445294899999976.94        0.0000000000000000        0.0000000000000000        320000.00000000000        0.0000000000000000        0.0000000000000000       -2.5911983497570965E-010   0.0000000000000000        0.0000000000000000        1562.5000000000000        1.0000000000000000E-010   15625000000000.000        12.496514576789460        187447718651.84186        6.1785801353793739E-005   0.0000000000000000        0.0000000000000000        0.0000000000000000        5.4897243178536850E-025   0.0000000000000000        0.0000000000000000        0.0000000000000000     
  -429669899999976.94        0.0000000000000000        0.0000000000000000        320000.00000000000        0.0000000000000000        0.0000000000000000       -8.9326091191830556E-010   0.0000000000000000        0.0000000000000000        1562.5000000000000        1.0000000000000000E-010   15625000000000.000        12.496515344218372        187447730163.27557        6.1785817171201317E-005   0.0000000000000000        0.0000000000000000        0.0000000000000000        1.8315364773135537E-024   0.0000000000000000        0.0000000000000000        0.0000000000000000     
  -414044899999976.94        0.0000000000000000        0.0000000000000000        320000.00000000000        0.0000000000000000        0.0000000000000000       -1.4956223090125835E-009   0.0000000000000000        0.0000000000000000        1562.5000000000000        1.0000000000000000E-010   15625000000000.000        12.496517385827408        187447760787.41110        6.1785858962178043E-005   0.0000000000000000        0.0000000000000000        0.0000000000000000        3.0455805153208410E-024   0.0000000000000000        0.0000000000000000        0.0000000000000000     
  -398419899999976.94        0.0000000000000000        0.0000000000000000        320000.00000000000        0.0000000000000000        0.0000000000000000       -2.2432673303352110E-009   0.0000000000000000        0.0000000000000000        1562.5000000000000        1.0000000000000000E-010   15625000000000.000        12.496519967492263        187447799512.38391        6.1785911306699718E-005   0.0000000000000000        0.0000000000000000        0.0000000000000000        4.5575289674643889E-024   0.0000000000000000        0.0000000000000000        0.0000000000000000     
  -382794899999976.94        0.0000000000000000        0.0000000000000000        320000.00000000000        0.0000000000000000        0.0000000000000000       -2.9301297195914068E-009   0.0000000000000000        0.0000000000000000        1562.5000000000000        1.0000000000000000E-010   15625000000000.000        12.496524429506440        187447866442.59659        6.1786002091502977E-005   0.0000000000000000        0.0000000000000000        0.0000000000000000        5.9385797428317605E-024   0.0000000000000000        0.0000000000000000        0.0000000000000000     
  -367169899999976.94        0.0000000000000000        0.0000000000000000        320000.00000000000        0.0000000000000000        0.0000000000000000       -3.8858242539019849E-009   0.0000000000000000        0.0000000000000000        1562.5000000000000        1.0000000000000000E-010   15625000000000.000        12.496529029383224        187447935440.74832        6.1786094951314776E-005   0.0000000000000000        0.0000000000000000        0.0000000000000000        7.8676599571941625E-024   0.0000000000000000        0.0000000000000000        0.0000000000000000     
  -351544899999976.94        0.0000000000000000        0.0000000000000000        320000.00000000000        0.0000000000000000        0.0000000000000000       -4.6917922037018796E-009   0.0000000000000000        0.0000000000000000        1562.5000000000000        1.0000000000000000E-010   15625000000000.000        12.496536646040004        187448049690.60004        6.1786249483431019E-005   0.0000000000000000        0.0000000000000000        0.0000000000000000        9.4816197094609605E-024   0.0000000000000000        0.0000000000000000        0.0000000000000000     
  -335919899999976.94        0.0000000000000000        0.0000000000000000        320000.00000000000        0.0000000000000000        0.0000000000000000       -5.9739807926023831E-009   0.0000000000000000        0.0000000000000000        1562.5000000000000        1.0000000000000000E-010   15625000000000.000        12.496543519582721        187448152793.74078        6.1786387759903242E-005   0.0000000000000000        0.0000000000000000        0.0000000000000000        1.2062816082530439E-023   0.0000000000000000        0.0000000000000000        0.0000000000000000     
  -320294899999976.94        0.0000000000000000        0.0000000000000000        320000.00000000000        0.0000000000000000        0.0000000000000000       -6.9147416306051373E-009   0.0000000000000000        0.0000000000000000        1562.5000000000000        1.0000000000000000E-010   15625000000000.000        12.496555468533876        187448332028.00812        6.1786629613009374E-005   0.0000000000000000        0.0000000000000000        0.0000000000000000        1.3937570234689362E-023   0.0000000000000000        0.0000000000000000        0.0000000000000000     
  -304669899999976.94        0.0000000000000000        0.0000000000000000        320000.00000000000        0.0000000000000000        0.0000000000000000       -8.6729655024886654E-009   0.0000000000000000        0.0000000000000000        1562.5000000000000        1.0000000000000018E-010   15624999999999.973        12.496564827216670        187448472408.24966        6.1786817211562182E-005   0.0000000000000000        0.0000000000000000        0.0000000000000000        1.7466838777683212E-023   0.0000000000000000        0.0000000000000000        0.0000000000000000     
  -289044899999976.94        0.0000000000000000        0.0000000000000000        320000.00000000000        0.0000000000000000        0.0000000000000000       -9.7323830255584900E-009   0.0000000000000000        0.0000000000000000        1562.5000000000000        1.0000000000000196E-010   15624999999999.693        12.496582870772794        187448743061.58823        6.1787181555679626E-005   0.0000000000000000        0.0000000000000000        0.0000000000000000        1.9567038154577810E-023   0.0000000000000000        0.0000000000000000        0.0000000000000000     
  -273419899999977.59        0.0000000000000000        0.0000000000000000        320000.00000000000        0.0000000000000000        0.0000000000000000       -1.2153160132079339E-008   0.0000000000000000        0.0000000000000000        1562.5000000000000        1.0000000000000196E-010   15624999999999.693        12.496594731214779        187448920968.21799        6.1787418397742352E-005   0.0000000000000000        0.0000000000000000        0.0000000000000000        2.4412162814239552E-023   0.0000000000000000        0.0000000000000000        0.0000000000000000     
  -257794899999977.59        0.0000000000000000        0.0000000000000000        320000.00000000000        0.0000000000000000        0.0000000000000000       -1.3270369986369587E-008   0.0000000000000000        0.0000000000000000        1562.5000000000000        1.0000000000000020E-010   15624999999999.971        12.496621390457367        187449320856.86011        6.1787955390515639E-005   0.0000000000000000        0.0000000000000000        0.0000000000000000        2.6614588211100266E-023   0.0000000000000000        0.0000000000000000        0.0000000000000000     
  -242169899999977.59        0.0000000000000000        0.0000000000000000        320000.00000000000        0.0000000000000000        0.0000000000000000       -1.6577819692197951E-008   0.0000000000000000        0.0000000000000000        1562.5000000000000        1.0000000000000000E-010   15625000000000.000        12.496635370837366        187449530562.56049        6.1788233424257393E-005   0.0000000000000000        0.0000000000000000        0.0000000000000000        3.3215438990807184E-023   0.0000000000000000        0.0000000000000000        0.0000000000000000     
  -226544899999977.59        0.0000000000000000        0.0000000000000000        320000.00000000000        0.0000000000000000        0.0000000000000000       -1.7639119462385136E-008   0.0000000000000000        0.0000000000000000        1562.5000000000000        1.0000000000000000E-010   15625000000000.000        12.496674110096320        187450111651.44479        6.1789011761108378E-005   0.0000000000000000        0.0000000000000000        0.0000000000000000        3.5294223077442751E-023   0.0000000000000000        0.0000000000000000        0.0000000000000000     
  -210919899999977.59        0.0000000000000000        0.0000000000000000        320000.00000000000        0.0000000000000000        0.0000000000000000       -2.2084811891365455E-008   0.0000000000000000        0.0000000000000000        1562.5000000000000        1.0000000000000000E-010   15625000000000.000        12.496689198908550        187450337983.62820        6.1789310481436514E-005   0.0000000000000000        0.0000000000000000        0.0000000000000000        4.4141838400044565E-023   0.0000000000000000        0.0000000000000000        0.0000000000000000     
  -195294899999977.59        0.0000000000000000        0.0000000000000000        320000.00000000000        0.0000000000000000        0.0000000000000000       -2.2926723637411843E-008   0.0000000000000000        0.0000000000000000        1562.5000000000000        1.0000000000000000E-010   15625000000000.000        12.496744572313238        187451168584.69855        6.1790420152378468E-005   0.0000000000000000        0.0000000000000000        0.0000000000000000        4.5775837143611006E-023   0.0000000000000000        0.0000000000000000        0.0000000000000000     
  -179669899999977.59        0.0000000000000000        0.0000000000000000        320000.00000000000        0.0000000000000000        0.0000000000000000       -2.8764584359148365E-008   0.0000000000000000        0.0000000000000000        1562.5000000000000        1.0000000000000000E-010   15625000000000.000        12.496758923596406        187451383853.94608        6.1790702700956508E-005   0.0000000000000000        0.0000000000000000        0.0000000000000000        5.7359930713338456E-023   0.0000000000000000        0.0000000000000000        0.0000000000000000     
  -164044899999977.59        0.0000000000000000        0.0000000000000000        319999.99998298835        0.0000000000000000        0.0000000000000000       -2.9205662006004575E-008   0.0000000000000000        0.0000000000000000        1562.5000000000000        1.0000000000000002E-010   15625000000000.000        12.496836608855768        187452549132.83646        6.1792255504837293E-005   0.0000000000000000        0.0000000000000000        0.0000000000000000        5.8173958502415961E-023   0.0000000000000000        0.0000000000000000        0.0000000000000000     
  -148419899999977.59        0.0000000000000000        0.0000000000000000        319999.99901901762        0.0000000000000000        0.0000000000000000       -3.6617439226881653E-008   0.0000000000000000        0.0000000000000000        1562.5000000000000        1.0000000000000004E-010   15624999999999.994        12.496847445693323        187452711685.39975        6.1792466930865765E-005   0.0000000000000000        0.0000000000000000        0.0000000000000000        7.2894898243521183E-023   0.0000000000000000        0.0000000000000000        0.0000000000000000     
  -132794899999977.61        0.0000000000000000        0.0000000000000000        319999.99896506651        0.0000000000000000        0.0000000000000000       -3.6472886580341072E-008   0.0000000000000000        0.0000000000000000        1562.5000000000000        1.0000000000000004E-010   15624999999999.994        12.496954078547004        187454311178.20496        6.1794593087724303E-005   0.0000000000000000        0.0000000000000000        0.0000000000000000        7.2538102709973314E-023   0.0000000000000000        0.0000000000000000        0.0000000000000000     
  -117169899999977.61        0.0000000000000000        0.0000000000000000        319999.99819258688        0.0000000000000000        0.0000000000000000       -4.5594763437652719E-008   0.0000000000000000        0.0000000000000000        1562.5000000000000        9.9999999999999991E-011   15625000000000.002        12.496957793908489        187454366908.62735        6.1794662458927732E-005   0.0000000000000000        0.0000000000000000        0.0000000000000000        9.0591307122956459E-023   0.0000000000000000        0.0000000000000000        0.0000000000000000     
  -101544899999977.61        0.0000000000000000        0.0000000000000000        319999.99815266964        0.0000000000000000        0.0000000000000000       -4.4734018961863756E-008   0.0000000000000000        0.0000000000000000        1562.5000000000000        9.9999999999999965E-011   15625000000000.006        12.497100532341515        187456507985.12277        6.1797502012733864E-005   0.0000000000000000        0.0000000000000000        0.0000000000000000        8.8839762060248946E-023   0.0000000000000000        0.0000000000000000        0.0000000000000000     
  -85919899999977.609        0.0000000000000000        0.0000000000000000        319999.99756961875        0.0000000000000000        0.0000000000000000       -5.5451854292213819E-008   0.0000000000000000        0.0000000000000000        1562.5000000000000        9.9999999999999435E-011   15625000000000.090        12.497093043664512        187456395654.96872        6.1797349420941256E-005   0.0000000000000000        0.0000000000000000        0.0000000000000000        1.1010081306983838E-022   0.0000000000000000        0.0000000000000000        0.0000000000000000     
  -70294899999977.422        0.0000000000000000        0.0000000000000000        319999.99754613760        0.0000000000000000        0.0000000000000000       -5.2895532714800631E-008   0.0000000000000000        0.0000000000000000        1562.5000000000000        9.9999999999999461E-011   15625000000000.084        12.497278857111748        187459182856.67722        6.1801038378361659E-005   0.0000000000000000        0.0000000000000000        0.0000000000000000        1.0695545219320778E-022   0.0000000000000000        0.0000000000000000        0.0000000000000000     
  -54669899999977.422        0.0000000000000000        0.0000000000000000        320000.00279917062        0.0000000000000000        0.0000000000000000        1.4516045054960096E-007   0.0000000000000000        0.0000000000000000        1562.5000000000000        1.0000000119841236E-010   15624999812748.070        12.497256357553335        187458843116.77005        6.1800586607550971E-005   0.0000000000000000        0.0000000000000000        0.0000000000000000        1.3090472296182336E-022   0.0000000000000000        0.0000000000000000        0.0000000000000000     
  -39044899999977.422        0.0000000000000000        0.0000000000000000        319999.99275826704        0.0000000000000000        0.0000000000000000       -2.3031871370731039E-007   0.0000000000000000        0.0000000000000000        1562.5000000000000        1.0000002510338554E-010   15624996077596.994        12.497494105263000        187462364519.54489        6.1805238441209169E-005   0.0000000000000000        0.0000000000000000        0.0000000000000000        1.2664180716876410E-022   0.0000000000000000        0.0000000000000000        0.0000000000000000     
  -23419904494021.625        0.0000000000000000        0.0000000000000000        319836.36456329474        0.0000000000000000        0.0000000000000000       -2.9868844485364922E-003   0.0000000000000000        0.0000000000000000        1562.5000000000000        1.0000954163558654E-010   15623509261680.420        12.498652302286427        187461897603.16348        6.1804438063169581E-005   0.0000000000000000        0.0000000000000000        0.0000000000000000        1.5253666959092897E-022   0.0000000000000000        0.0000000000000000        0.0000000000000000     
  -7794949196976.5186        0.0000000000000000        0.0000000000000000        318212.96027834411        0.0000000000000000        0.0000000000000000       -3.2385771127177949E-002   0.0000000000000000        0.0000000000000000        1562.5000000000000        1.0010329344719618E-010   15608877052823.527        12.510740612208915        187467467573.50565        6.1810014485946032E-005   0.0000000000000000        0.0000000000000000        0.0000000000000000        1.4656547613888988E-022   0.0000000000000000        0.0000000000000000        0.0000000000000000     
   7794949196976.5186        0.0000000000000000        0.0000000000000000       -318212.96027834411        0.0000000000000000        0.0000000000000000        3.2385771127177949E-002   0.0000000000000000        0.0000000000000000        1562.5000000000000        1.0010329344719618E-010   15608877052823.527        12.510740612208915        187467467573.50565        6.1810014485946032E-005   0.0000000000000000        0.0000000000000000        0.0000000000000000       -1.4656547613888988E-022   0.0000000000000000        0.0000000000000000        0.0000000000000000     
   23419904494021.625        0.0000000000000000        0.0000000000000000       -319836.36456329474        0.0000000000000000        0.0000000000000000        2.9868844485364931E-003   0.0000000000000000        0.0000000000000000        1562.5000000000000        1.0000954163558654E-010   15623509261680.420        12.498652302286427        187461897603.16348        6.1804438063169581E-005   0.0000000000000000        0.0000000000000000        0.0000000000000000       -1.5253666959092897E-022   0.0000000000000000        0.0000000000000000        0.0000000000000000     
   39044899999977.422        0.0000000000000000        0.0000000000000000       -319999.99275826704        0.0000000000000000        0.0000000000000000        2.3031871370600935E-007   0.0000000000000000        0.0000000000000000        1562.5000000000000        1.0000002510338553E-010   15624996077596.996        12.497494105263000        187462364519.54489        6.1805238441209169E-005   0.0000000000000000        0.0000000000000000        0.0000000000000000       -1.2664180716876403E-022   0.0000000000000000        0.0000000000000000        0.0000000000000000     
   54669899999977.422        0.0000000000000000        0.0000000000000000       -320000.00279917062        0.0000000000000000        0.0000000000000000       -1.4516045054916728E-007   0.0000000000000000        0.0000000000000000        1562.5000000000000        1.0000000119841236E-010   15624999812748.070        12.497256357553335        187458843116.77005        6.1800586607550971E-005   0.0000000000000000        0.0000000000000000        0.0000000000000000       -1.3090472296182336E-022   0.0000000000000000        0.0000000000000000        0.0000000000000000     
   70294899999977.422        0.0000000000000000        0.0000000000000000       -319999.99754613760        0.0000000000000000        0.0000000000000000        5.2895532713933269E-008   0.0000000000000000        0.0000000000000000        1562.5000000000000        9.9999999999999461E-011   15625000000000.084        12.497278857111748        187459182856.67722        6.1801038378361659E-005   0.0000000000000000        0.0000000000000000        0.0000000000000000       -1.0695545219320778E-022   0.0000000000000000        0.0000000000000000        0.0000000000000000     
   85919899999977.609        0.0000000000000000        0.0000000000000000       -319999.99756961875        0.0000000000000000        0.0000000000000000        5.5451854292213819E-008   0.0000000000000000        0.0000000000000000        1562.5000000000000        9.9999999999999435E-011   15625000000000.090        12.497093043664512        187456395654.96872        6.1797349420941256E-005   0.0000000000000000        0.0000000000000000        0.0000000000000000       -1.1010081306983838E-022   0.0000000000000000        0.0000000000000000        0.0000000000000000     
   101544899999977.61        0.0000000000000000        0.0000000000000000       -319999.99815266964        0.0000000000000000        0.0000000000000000        4.4734018961863756E-008   0.0000000000000000        0.0000000000000000        1562.5000000000000        9.9999999999999965E-011   15625000000000.006        12.497100532341515        187456507985.12277        6.1797502012733864E-005   0.0000000000000000        0.0000000000000000        0.0000000000000000       -8.8839762060248946E-023   0.0000000000000000        0.0000000000000000        0.0000000000000000     
   117169899999977.61        0.0000000000000000        0.0000000000000000       -319999.99819258688        0.0000000000000000        0.0000000000000000        4.5594763437652719E-008   0.0000000000000000        0.0000000000000000        1562.5000000000000        9.9999999999999991E-011   15625000000000.002        12.496957793908489        187454366908.62735        6.1794662458927732E-005   0.0000000000000000        0.0000000000000000        0.0000000000000000       -9.0591307122956459E-023   0.0000000000000000        0.0000000000000000        0.0000000000000000     
   132794899999977.61        0.0000000000000000        0.0000000000000000       -319999.99896506651        0.0000000000000000        0.0000000000000000        3.6472886580341072E-008   0.0000000000000000        0.0000000000000000        1562.5000000000000        1.0000000000000004E-010   15624999999999.994        12.496954078547004        187454311178.20496        6.1794593087724303E-005   0.0000000000000000        0.0000000000000000        0.0000000000000000       -7.2538102709973314E-023   0.0000000000000000        0.0000000000000000        0.0000000000000000     
   148419899999977.59        0.0000000000000000        0.0000000000000000       -319999.99901901762        0.0000000000000000        0.0000000000000000        3.6617439226881653E-008   0.0000000000000000        0.0000000000000000        1562.5000000000000        1.0000000000000004E-010   15624999999999.994        12.496847445693323        187452711685.39975        6.1792466930865765E-005   0.0000000000000000        0.0000000000000000        0.0000000000000000       -7.2894898243521183E-023   0.0000000000000000        0.0000000000000000        0.0000000000000000     
   164044899999977.59        0.0000000000000000        0.0000000000000000       -319999.99998298835        0.0000000000000000        0.0000000000000000        2.9205662006004575E-008   0.0000000000000000        0.0000000000000000        1562.5000000000000        1.0000000000000002E-010   15625000000000.000        12.496836608855768        187452549132.83646        6.1792255504837293E-005   0.0000000000000000        0.0000000000000000        0.0000000000000000       -5.8173958502415961E-023   0.0000000000000000        0.0000000000000000        0.0000000000000000     
   179669899999977.59        0.0000000000000000        0.0000000000000000       -320000.00000000000        0.0000000000000000        0.0000000000000000        2.8764584358823104E-008   0.0000000000000000        0.0000000000000000        1562.5000000000000        1.0000000000000000E-010   15625000000000.000        12.496758923596406        187451383853.94608        6.1790702700956508E-005   0.0000000000000000        0.0000000000000000        0.0000000000000000       -5.7359930713338456E-023   0.0000000000000000        0.0000000000000000        0.0000000000000000     
   195294899999977.59        0.0000000000000000        0.0000000000000000       -320000.00000000000        0.0000000000000000        0.0000000000000000        2.2926723636002380E-008   0.0000000000000000        0.0000000000000000        1562.5000000000000        1.0000000000000000E-010   15625000000000.000        12.496744572313238        187451168584.69855        6.1790420152378468E-005   0.0000000000000000        0.0000000000000000        0.0000000000000000       -4.5775837143611006E-023   0.0000000000000000        0.0000000000000000        0.0000000000000000     
   210919899999977.59        0.0000000000000000        0.0000000000000000       -320000.00000000000        0.0000000000000000        0.0000000000000000        2.2084811892920469E-008   0.0000000000000000        0.0000000000000000        1562.5000000000000        1.0000000000000000E-010   15625000000000.000        12.496689198908550        187450337983.62820        6.1789310481436514E-005   0.0000000000000000        0.0000000000000000        0.0000000000000000       -4.4141838400044553E-023   0.0000000000000000        0.0000000000000000        0.0000000000000000     
   226544899999977.59        0.0000000000000000        0.0000000000000000       -320000.00000000000        0.0000000000000000        0.0000000000000000        1.7639119462385136E-008   0.0000000000000000        0.0000000000000000        1562.5000000000000        1.0000000000000000E-010   15625000000000.000        12.496674110096320        187450111651.44479        6.1789011761108378E-005   0.0000000000000000        0.0000000000000000        0.0000000000000000       -3.5294223077442751E-023   0.0000000000000000        0.0000000000000000        0.0000000000000000     
   242169899999977.59        0.0000000000000000        0.0000000000000000       -320000.00000000000        0.0000000000000000        0.0000000000000000        1.6577819692707706E-008   0.0000000000000000        0.0000000000000000        1562.5000000000000        1.0000000000000000E-010   15625000000000.000        12.496635370837366        187449530562.56049        6.1788233424257393E-005   0.0000000000000000        0.0000000000000000        0.0000000000000000       -3.3215438990807172E-023   0.0000000000000000        0.0000000000000000        0.0000000000000000     
   257794899999977.59        0.0000000000000000        0.0000000000000000       -320000.00000000000        0.0000000000000000        0.0000000000000000        1.3270369985870587E-008   0.0000000000000000        0.0000000000000000        1562.5000000000000        1.0000000000000018E-010   15624999999999.973        12.496621390457365        187449320856.86011        6.1787955390515639E-005   0.0000000000000000        0.0000000000000000        0.0000000000000000       -2.6614588211100266E-023   0.0000000000000000        0.0000000000000000        0.0000000000000000     
   273419899999977.59        0.0000000000000000        0.0000000000000000       -320000.00000000000        0.0000000000000000        0.0000000000000000        1.2153160133055121E-008   0.0000000000000000        0.0000000000000000        1562.5000000000000        1.0000000000000196E-010   15624999999999.693        12.496594731214779        187448920968.21799        6.1787418397742352E-005   0.0000000000000000        0.0000000000000000        0.0000000000000000       -2.4412162814239552E-023   0.0000000000000000        0.0000000000000000        0.0000000000000000     
   289044899999976.94        0.0000000000000000        0.0000000000000000       -320000.00000000000        0.0000000000000000        0.0000000000000000        9.7323830238995197E-009   0.0000000000000000        0.0000000000000000        1562.5000000000000        1.0000000000000196E-010   15624999999999.693        12.496582870772794        187448743061.58823        6.1787181555679626E-005   0.0000000000000000        0.0000000000000000        0.0000000000000000       -1.9567038154577807E-023   0.0000000000000000        0.0000000000000000        0.0000000000000000     
   304669899999976.94        0.0000000000000000        0.0000000000000000       -320000.00000000000        0.0000000000000000        0.0000000000000000        8.6729655036812878E-009   0.0000000000000000        0.0000000000000000        1562.5000000000000        1.0000000000000020E-010   15624999999999.971        12.496564827216670        187448472408.24966        6.1786817211562182E-005   0.0000000000000000        0.0000000000000000        0.0000000000000000       -1.7466838777683212E-023   0.0000000000000000        0.0000000000000000        0.0000000000000000     
   320294899999976.94        0.0000000000000000        0.0000000000000000       -320000.00000000000        0.0000000000000000        0.0000000000000000        6.9147416315809192E-009   0.0000000000000000        0.0000000000000000        1562.5000000000000        1.0000000000000000E-010   15625000000000.000        12.496555468533876        187448332028.00812        6.1786629613009374E-005   0.0000000000000000        0.0000000000000000        0.0000000000000000       -1.3937570234689362E-023   0.0000000000000000        0.0000000000000000        0.0000000000000000     
   335919899999976.94        0.0000000000000000        0.0000000000000000       -320000.00000000000        0.0000000000000000        0.0000000000000000        5.9739807934697448E-009   0.0000000000000000        0.0000000000000000        1562.5000000000000        1.0000000000000000E-010   15625000000000.000        12.496543519582721        187448152793.74078        6.1786387759903242E-005   0.0000000000000000        0.0000000000000000        0.0000000000000000       -1.2062816082530439E-023   0.0000000000000000        0.0000000000000000        0.0000000000000000     
   351544899999976.94        0.0000000000000000        0.0000000000000000       -320000.00000000000        0.0000000000000000        0.0000000000000000        4.6917922037018796E-009   0.0000000000000000        0.0000000000000000        1562.5000000000000        1.0000000000000000E-010   15625000000000.000        12.496536646040004        187448049690.60004        6.1786249483431019E-005   0.0000000000000000        0.0000000000000000        0.0000000000000000       -9.4816197094609605E-024   0.0000000000000000        0.0000000000000000        0.0000000000000000     
   367169899999976.94        0.0000000000000000        0.0000000000000000       -320000.00000000000        0.0000000000000000        0.0000000000000000        3.8858242539019849E-009   0.0000000000000000        0.0000000000000000        1562.5000000000000        1.0000000000000000E-010   15625000000000.000        12.496529029383224        187447935440.74832        6.1786094951314776E-005   0.0000000000000000        0.0000000000000000        0.0000000000000000       -7.8676599571941625E-024   0.0000000000000000        0.0000000000000000        0.0000000000000000     
   382794899999976.94        0.0000000000000000        0.0000000000000000       -320000.00000000000        0.0000000000000000        0.0000000000000000        2.9301297195914068E-009   0.0000000000000000        0.0000000000000000        1562.5000000000000        1.0000000000000000E-010   15625000000000.000        12.496524429506440        187447866442.59659        6.1786002091502977E-005   0.0000000000000000        0.0000000000000000        0.0000000000000000       -5.9385797428317605E-024   0.0000000000000000        0.0000000000000000        0.0000000000000000     
   398419899999976.94        0.0000000000000000        0.0000000000000000       -320000.00000000000        0.0000000000000000        0.0000000000000000        2.2432673303352110E-009   0.0000000000000000        0.0000000000000000        1562.5000000000000        1.0000000000000000E-010   15625000000000.000        12.496519967492263        187447799512.38391        6.1785911306699718E-005   0.0000000000000000        0.0000000000000000        0.0000000000000000       -4.5575289674643889E-024   0.0000000000000000        0.0000000000000000        0.0000000000000000     
   414044899999976.94        0.0000000000000000        0.0000000000000000       -320000.00000000000        0.0000000000000000        0.0000000000000000        1.4956223090125835E-009   0.0000000000000000        0.0000000000000000        1562.5000000000000        1.0000000000000000E-010   15625000000000.000        12.496517385827408        187447760787.41110        6.1785858962178043E-005   0.0000000000000000        0.0000000000000000        0.0000000000000000       -3.0455805153208410E-024   0.0000000000000000        0.0000000000000000        0.0000000000000000     
   429669899999976.94        0.0000000000000000        0.0000000000000000       -320000.00000000000        0.0000000000000000        0.0000000000000000        8.9326091191830556E-010   0.0000000000000000        0.0000000000000000        1562.5000000000000        1.0000000000000000E-010   15625000000000.000        12.496515344218372        187447730163.27557        6.1785817171201317E-005   0.0000000000000000        0.0000000000000000        0.0000000000000000       -1.8315364773135537E-024   0.0000000000000000        0.0000000000000000        0.0000000000000000     
   445294899999976.94        0.0000000000000000        0.0000000000000000       -320000.00000000000        0.0000000000000000        0.0000000000000000        2.5911983540939052E-010   0.0000000000000000        0.0000000000000000        1562.5000000000000        1.0000000000000000E-010   15625000000000.000        12.496514576789460        187447718651.84186        6.1785801353793739E-005   0.0000000000000000        0.0000000000000000        0.0000000000000000       -5.4897243178536850E-025   0.0000000000000000        0.0000000000000000        0.0000000000000000     
   460919899999976.94        0.0000000000000000        0.0000000000000000       -320000.00000000000        0.0000000000000000        0.0000000000000000       -3.0141748477228022E-010   0.0000000000000000        0.0000000000000000        1562.5000000000000        1.0000000000000000E-010   15625000000000.000        12.496514560816427        187447718412.24640        6.1785800564363762E-005   0.0000000000000000        0.0000000000000000        0.0000000000000000        5.8045874302883193E-025   0.0000000000000000        0.0000000000000000        0.0000000000000000     
   476544899999976.94        0.0000000000000000        0.0000000000000000       -320000.00000000000        0.0000000000000000        0.0000000000000000       -8.9912942944216172E-010   0.0000000000000000        0.0000000000000000        1562.5000000000000        1.0000000000000000E-010   15625000000000.000        12.496515502921687        187447732543.82529        6.1785819165891673E-005   0.0000000000000000        0.0000000000000000        0.0000000000000000        1.7865369094756502E-024   0.0000000000000000        0.0000000000000000        0.0000000000000000     
   492169899999976.94        0.0000000000000000        0.0000000000000000       -320000.00000000000        0.0000000000000000        0.0000000000000000       -1.4600590153460244E-009   0.0000000000000000        0.0000000000000000        1562.5000000000000        1.0000000000000000E-010   15625000000000.000        12.496517385979258        187447760789.68887        6.1785856722250615E-005   0.0000000000000000        0.0000000000000000        0.0000000000000000        2.9130702325179402E-024   0.0000000000000000        0.0000000000000000        0.0000000000000000     
   507794899999976.94        0.0000000000000000        0.0000000000000000       -320000.00000000000        0.0000000000000000        0.0000000000000000       -2.0856127607623016E-009   0.0000000000000000        0.0000000000000000        1562.5000000000000        1.0000000000000000E-010   15625000000000.000        12.496520042291452        187447800634.37177        6.1785909726266261E-005   0.0000000000000000        0.0000000000000000        0.0000000000000000        4.1697878779030140E-024   0.0000000000000000        0.0000000000000000        0.0000000000000000     
   523419899999976.94        0.0000000000000000        0.0000000000000000       -320000.00000000000        0.0000000000000000        0.0000000000000000       -2.6816008468163760E-009   0.0000000000000000        0.0000000000000000        1562.5000000000000        1.0000000000000000E-010   15625000000000.000        12.496523918967764        187447858784.51642        6.1785987361955073E-005   0.0000000000000000        0.0000000000000000        0.0000000000000000        5.3601501050938343E-024   0.0000000000000000        0.0000000000000000        0.0000000000000000     
   539044899999976.94        0.0000000000000000        0.0000000000000000       -320000.00000000000        0.0000000000000000        0.0000000000000000       -3.3892436188261742E-009   0.0000000000000000        0.0000000000000000        1562.5000000000000        9.9999999999999551E-011   15625000000000.068        12.496528382993072        187447925744.89688        6.1786076439301308E-005   0.0000000000000000        0.0000000000000000        0.0000000000000000        6.7742518349763074E-024   0.0000000000000000        0.0000000000000000        0.0000000000000000     
   554669899999976.94        0.0000000000000000        0.0000000000000000       -320000.00000000000        0.0000000000000000        0.0000000000000000       -4.0407873779831144E-009   0.0000000000000000        0.0000000000000000        1562.5000000000000        9.9999999999995053E-011   15625000000000.771        12.496534538316379        187448018074.75494        6.1786199648189563E-005   0.0000000000000000        0.0000000000000000        0.0000000000000000        8.0669505892592034E-024   0.0000000000000000        0.0000000000000000        0.0000000000000000     
   570294899999978.62        0.0000000000000000        0.0000000000000000       -320000.00000000000        0.0000000000000000        0.0000000000000000       -4.8755039616663287E-009   0.0000000000000000        0.0000000000000000        1562.5000000000000        9.9999999999995053E-011   15625000000000.771        12.496540944598696        187448114168.98969        6.1786327208359482E-005   0.0000000000000000        0.0000000000000000        0.0000000000000000        9.7263239761121743E-024   0.0000000000000000        0.0000000000000000        0.0000000000000000     
   585919899999978.62        0.0000000000000000        0.0000000000000000       -320000.00000000000        0.0000000000000000        0.0000000000000000       -5.5821977299495863E-009   0.0000000000000000        0.0000000000000000        1562.5000000000000        9.9999999999999551E-011   15625000000000.068        12.496549831463733        187448247471.95682        6.1786504777844301E-005   0.0000000000000000        0.0000000000000000        0.0000000000000000        1.1118581197841077E-023   0.0000000000000000        0.0000000000000000        0.0000000000000000     
   601544899999978.62        0.0000000000000000        0.0000000000000000       -320000.00000000000        0.0000000000000000        0.0000000000000000       -6.5785716674822824E-009   0.0000000000000000        0.0000000000000000        1562.5000000000000        1.0000000000000000E-010   15625000000000.000        12.496558281668419        187448374225.02628        6.1786672514244970E-005   0.0000000000000000        0.0000000000000000        0.0000000000000000        1.3089867923167635E-023   0.0000000000000000        0.0000000000000000        0.0000000000000000     
   617169899999978.62        0.0000000000000000        0.0000000000000000       -320000.00000000000        0.0000000000000000        0.0000000000000000       -7.3134174481390816E-009   0.0000000000000000        0.0000000000000000        1562.5000000000000        1.0000000000000000E-010   15625000000000.000        12.496570498639626        187448557479.59436        6.1786916057283869E-005   0.0000000000000000        0.0000000000000000        0.0000000000000000        1.4526821348195717E-023   0.0000000000000000        0.0000000000000000        0.0000000000000000     
   632794899999978.62        0.0000000000000000        0.0000000000000000       -320000.00000000000        0.0000000000000000        0.0000000000000000       -8.4912356872244473E-009   0.0000000000000000        0.0000000000000000        1562.5000000000000        1.0000000000000000E-010   15625000000000.000        12.496580967649615        187448714514.74420        6.1787123114434984E-005   0.0000000000000000        0.0000000000000000        0.0000000000000000        1.6846981699112679E-023   0.0000000000000000        0.0000000000000000        0.0000000000000000     
   648419899999978.62        0.0000000000000000        0.0000000000000000       -320000.00000000000        0.0000000000000000        0.0000000000000000       -9.1974609801511387E-009   0.0000000000000000        0.0000000000000000        1562.5000000000000        1.0000000000000000E-010   15625000000000.000        12.496597222990987        187448958344.86478        6.1787446333949736E-005   0.0000000000000000        0.0000000000000000        0.0000000000000000        1.8216497611571458E-023   0.0000000000000000        0.0000000000000000        0.0000000000000000     
   664044899999978.62        0.0000000000000000        0.0000000000000000       -320000.00000000000        0.0000000000000000        0.0000000000000000       -1.0554284005429148E-008   0.0000000000000000        0.0000000000000000        1562.5000000000000        1.0000000000000000E-010   15625000000000.000        12.496609457387178        187449141860.80765        6.1787687365723472E-005   0.0000000000000000        0.0000000000000000        0.0000000000000000        2.0878104206524701E-023   0.0000000000000000        0.0000000000000000        0.0000000000000000     
   679669899999978.62        0.0000000000000000        0.0000000000000000       -320000.00000000000        0.0000000000000000        0.0000000000000000       -1.1149113825884694E-008   0.0000000000000000        0.0000000000000000        1562.5000000000000        1.0000000000000000E-010   15625000000000.000        12.496630503773678        187449457556.60516        6.1788104731003328E-005   0.0000000000000000        0.0000000000000000        0.0000000000000000        2.2019015449826171E-023   0.0000000000000000        0.0000000000000000        0.0000000000000000     
   695294899999978.62        0.0000000000000000        0.0000000000000000       -320000.00000000000        0.0000000000000000        0.0000000000000000       -1.2647925828549672E-008   0.0000000000000000        0.0000000000000000        1562.5000000000000        1.0000000000000000E-010   15625000000000.000        12.496643942863127        187449659142.94687        6.1788368432976509E-005   0.0000000000000000        0.0000000000000000        0.0000000000000000        2.4946488084430448E-023   0.0000000000000000        0.0000000000000000        0.0000000000000000     
   710919899999978.62        0.0000000000000000        0.0000000000000000       -320000.00000000000        0.0000000000000000        0.0000000000000000       -1.3035825314280200E-008   0.0000000000000000        0.0000000000000000        1562.5000000000000        1.0000000000000000E-010   15625000000000.000        12.496670457247623        187450056858.71432        6.1788892792213055E-005   0.0000000000000000        0.0000000000000000        0.0000000000000000        2.5675315691384379E-023   0.0000000000000000        0.0000000000000000        0.0000000000000000     
   726544899999978.62        0.0000000000000000        0.0000000000000000       -320000.00000000000        0.0000000000000000        0.0000000000000000       -1.4589479295265423E-008   0.0000000000000000        0.0000000000000000        1562.5000000000000        1.0000000000000000E-010   15625000000000.000        12.496684216747997        187450263251.21994        6.1789161686657865E-005   0.0000000000000000        0.0000000000000000        0.0000000000000000        2.8695232212085086E-023   0.0000000000000000        0.0000000000000000        0.0000000000000000     
   742169899999978.62        0.0000000000000000        0.0000000000000000       -320000.00000000000        0.0000000000000000        0.0000000000000000       -1.4686001940204896E-008   0.0000000000000000        0.0000000000000000        1562.5000000000000        1.0000000000000000E-010   15625000000000.000        12.496716605164833        187450749077.47247        6.1789800437574038E-005   0.0000000000000000        0.0000000000000000        0.0000000000000000        2.8852675506742484E-023   0.0000000000000000        0.0000000000000000        0.0000000000000000     
   757794899999978.62        0.0000000000000000        0.0000000000000000       -320000.00000000000        0.0000000000000000        0.0000000000000000       -1.6142630265212199E-008   0.0000000000000000        0.0000000000000000        1562.5000000000000        1.0000000000000000E-010   15625000000000.000        12.496729565577620        187450943483.66428        6.1790052691446207E-005   0.0000000000000000        0.0000000000000000        0.0000000000000000        3.1666673637392618E-023   0.0000000000000000        0.0000000000000000        0.0000000000000000     
   773419899999978.62        0.0000000000000000        0.0000000000000000       -320000.00000000000        0.0000000000000000        0.0000000000000000       -1.5904390852043223E-008   0.0000000000000000        0.0000000000000000        1562.5000000000000        1.0000000000000000E-010   15625000000000.000        12.496767690417686        187451515356.26526        6.1790802497644660E-005   0.0000000000000000        0.0000000000000000        0.0000000000000000        3.1174551235029401E-023   0.0000000000000000        0.0000000000000000        0.0000000000000000     
   789044899999978.62        0.0000000000000000        0.0000000000000000       -320000.00000000000        0.0000000000000000        0.0000000000000000       -1.7045640297385661E-008   0.0000000000000000        0.0000000000000000        1562.5000000000000        1.0000000000000000E-010   15625000000000.000        12.496778708896063        187451680633.44092        6.1791016088565666E-005   0.0000000000000000        0.0000000000000000        0.0000000000000000        3.3352152380258976E-023   0.0000000000000000        0.0000000000000000        0.0000000000000000     
   804669899999978.62        0.0000000000000000        0.0000000000000000       -320000.00012138061        0.0000000000000000        0.0000000000000000       -1.6505662018102752E-008   0.0000000000000000        0.0000000000000000        1562.5000000000000        1.0000000000000000E-010   15625000000000.000        12.496821577201027        187452323658.01538        6.1791856923092589E-005   0.0000000000000000        0.0000000000000000        0.0000000000000000        3.2259779756008949E-023   0.0000000000000000        0.0000000000000000        0.0000000000000000     
   820294899999978.62        0.0000000000000000        0.0000000000000000       -320000.00127665792        0.0000000000000000        0.0000000000000000       -1.7024723399827321E-008   0.0000000000000000        0.0000000000000000        1562.5000000000000        1.0000000000000000E-010   15625000000000.000        12.496829791427276        187452446871.40909        6.1792015494109516E-005   0.0000000000000000        0.0000000000000000        0.0000000000000000        3.3273758347529493E-023   0.0000000000000000        0.0000000000000000        0.0000000000000000     
   835919899999978.62        0.0000000000000000        0.0000000000000000       -320000.00138536352        0.0000000000000000        0.0000000000000000       -1.6270053555132843E-008   0.0000000000000000        0.0000000000000000        1562.5000000000000        1.0000000000000000E-010   15625000000000.000        12.496875299405639        187453129491.08456        6.1792905859614662E-005   0.0000000000000000        0.0000000000000000        0.0000000000000000        3.1766223691176030E-023   0.0000000000000000        0.0000000000000000        0.0000000000000000     
   851544899999978.62        0.0000000000000000        0.0000000000000000       -320000.00169079710        0.0000000000000000        0.0000000000000000       -1.5942998832129090E-008   0.0000000000000000        0.0000000000000000        1562.5000000000000        1.0000000000000000E-010   15625000000000.000        12.496880426813238        187453206402.19855        6.1793004382725258E-005   0.0000000000000000        0.0000000000000000        0.0000000000000000        3.1086897324640703E-023   0.0000000000000000        0.0000000000000000        0.0000000000000000     
   867169899999978.62        0.0000000000000000        0.0000000000000000       -320000.00168466748        0.0000000000000000        0.0000000000000000       -1.5100258575297772E-008   0.0000000000000000        0.0000000000000000        1562.5000000000000        1.0000000000000000E-010   15625000000000.000        12.496925300622276        187453879509.33411        6.1793880370819359E-005   0.0000000000000000        0.0000000000000000        0.0000000000000000        2.9436297654603099E-023   0.0000000000000000        0.0000000000000000        0.0000000000000000     
   882794899999978.62        0.0000000000000000        0.0000000000000000       -320000.00175205496        0.0000000000000000        0.0000000000000000       -1.3708402369259403E-008   0.0000000000000000        0.0000000000000000        1562.5000000000000        1.0000000000000000E-010   15625000000000.000        12.496927793329331        187453916899.93994        6.1793927968559290E-005   0.0000000000000000        0.0000000000000000        0.0000000000000000        2.6678323426556267E-023   0.0000000000000000        0.0000000000000000        0.0000000000000000     
   898419899999978.62        0.0000000000000000        0.0000000000000000       -320000.00201892521        0.0000000000000000        0.0000000000000000       -1.2893248973833030E-008   0.0000000000000000        0.0000000000000000        1562.5000000000000        1.0000000000000000E-010   15625000000000.000        12.496967857912299        187454517868.68448        6.1794708612894814E-005   0.0000000000000000        0.0000000000000000        0.0000000000000000        2.5144644236905232E-023   0.0000000000000000        0.0000000000000000        0.0000000000000000     
   914044899999978.62        0.0000000000000000        0.0000000000000000       -320000.00247239933        0.0000000000000000        0.0000000000000000       -1.4257175924671279E-008   0.0000000000000000        0.0000000000000000        1562.5000000000000        1.0000000000000000E-010   15625000000000.000        12.496968794547735        187454531918.21600        6.1794726333255665E-005   0.0000000000000000        0.0000000000000000        0.0000000000000000        2.0226501814617271E-023   0.0000000000000000        0.0000000000000000        0.0000000000000000     
   929669899999978.62        0.0000000000000000        0.0000000000000000       -320000.00747954811        0.0000000000000000        0.0000000000000000       -1.7532458215914604E-007   0.0000000000000000        0.0000000000000000        1562.5000000000000        1.0000000070866984E-010   15624999889270.340        12.496999702886553        187454994214.86127        6.1795325965444456E-005   0.0000000000000000        0.0000000000000000        0.0000000000000000        1.8948175400225601E-023   0.0000000000000000        0.0000000000000000        0.0000000000000000     
   945294899999978.62        0.0000000000000000        0.0000000000000000       -320003.34983685293        0.0000000000000000        0.0000000000000000       -5.3348422034683830E-005   0.0000000000000000        0.0000000000000000        1562.5000000000000        1.0000000708669738E-010   15624998892703.613        12.497001214954329        187455004939.94601        6.1795339381243351E-005   0.0000000000000000        0.0000000000000000        0.0000000000000000        1.2186834976690692E-023   0.0000000000000000        0.0000000000000000        0.0000000000000000     
   960919897342467.50        0.0000000000000000        0.0000000000000000       -320101.86445593409        0.0000000000000000        0.0000000000000000       -1.8512972592072371E-003   0.0000000000000000        0.0000000000000000        1562.5000000000000        9.9999996152803667E-011   15625000601124.449        12.497017534042305        187455270222.40686        6.1795683698891474E-005   0.0000000000000000        0.0000000000000000        0.0000000000000000        1.1160116758453786E-023   0.0000000000000000        0.0000000000000000        0.0000000000000000     
   976544899999978.75        0.0000000000000000        0.0000000000000000       -319968.06361058797        0.0000000000000000        0.0000000000000000        5.8067566642421356E-004   0.0000000000000000        0.0000000000000000        1562.5000000000000        9.9096819150009002E-011   15767408211506.230        12.384149075820014        187455296477.37772        6.1795719061486366E-005   0.0000000000000000        0.0000000000000000        0.0000000000000000        2.0531432742175623E-024   0.0000000000000000        0.0000000000000000        0.0000000000000000     
   992169914427002.25        0.0000000000000000        0.0000000000000000       -319474.11770856043        0.0000000000000000        0.0000000000000000        9.5611752139749574E-003   0.0000000000000000        0.0000000000000000        1562.5000000000000        6.8979816786996490E-011   22651553349653.852        8.6204211403148658        187455292182.07309        6.1795714205227010E-005   0.0000000000000000        0.0000000000000000        0.0000000000000000        1.0469194650301073E-024   0.0000000000000000        0.0000000000000000        0.0000000000000000     
