   85000.000000000000     
  -992160334338160.00        0.0000000000000000        0.0000000000000000        319187.28401056351        0.0000000000000000        0.0000000000000000       -9.5610815947517955E-003   0.0000000000000000        0.0000000000000000        1562.5000000000000        6.8979751141032274E-011   22651574906459.090        8.6203416685807852        187453742424.12311        6.1793700185551801E-005   0.0000000000000000        0.0000000000000000        0.0000000000000000       -5.3693441315315270E-025   0.0000000000000000        0.0000000000000000        0.0000000000000000     
  -976535299999991.25        0.0000000000000000        0.0000000000000000        319950.64322185196        0.0000000000000000        0.0000000000000000       -5.8068160411455937E-004   0.0000000000000000        0.0000000000000000        1562.5000000000000        9.9096751350103513E-011   15767418999234.100        12.384037953696749        187453742705.62018        6.1793699509926880E-005   0.0000000000000000        0.0000000000000000        0.0000000000000000       -8.7758415124197987E-025   0.0000000000000000        0.0000000000000000        0.0000000000000000     
  -960910293592480.00        0.0000000000000000        0.0000000000000000        320157.39205409185        0.0000000000000000        0.0000000000000000        1.8505443735815389E-003   0.0000000000000000        0.0000000000000000        1562.5000000000000        9.9999990843213258E-011   15625001430748.062        12.496914668787580        187453737196.55264        6.1793690061541013E-005   0.0000000000000000        0.0000000000000000        0.0000000000000000       -5.5640378666132695E-024   0.0000000000000000        0.0000000000000000        0.0000000000000000     
  -945285299999991.12        0.0000000000000000        0.0000000000000000        320004.95982183155        0.0000000000000000        0.0000000000000000        5.3984407229425816E-005   0.0000000000000000        0.0000000000000000        1562.5000000000000        1.0000001708670262E-010   15624997330203.172        12.496908775141112        187453599597.47754        6.1793509889065550E-005   0.0000000000000000        0.0000000000000000        0.0000000000000000       -6.1698755334482240E-024   0.0000000000000000        0.0000000000000000        0.0000000000000000     
  -929660299999991.12        0.0000000000000000        0.0000000000000000        320000.01385971898        0.0000000000000000        0.0000000000000000        2.5907632936737660E-007   0.0000000000000000        0.0000000000000000        1562.5000000000000        1.0000000170867087E-010   15624999733020.182        12.496906825334682        187453599177.05518        6.1793509881948765E-005   0.0000000000000000        0.0000000000000000        0.0000000000000000       -9.9306279616362834E-024   0.0000000000000000        0.0000000000000000        0.0000000000000000     
  -914035299999991.12        0.0000000000000000        0.0000000000000000        320000.00247239933        0.0000000000000000        0.0000000000000000        1.0918524993486941E-008   0.0000000000000000        0.0000000000000000        1562.5000000000000        1.0000000000000000E-010   15625000000000.000        12.496890135243797        187453352028.65692        6.1793187603039097E-005   0.0000000000000000        0.0000000000000000        0.0000000000000000       -1.0581415619727539E-023   0.0000000000000000        0.0000000000000000        0.0000000000000000     
  -898410299999991.12        0.0000000000000000        0.0000000000000000        320000.00201892521        0.0000000000000000        0.0000000000000000        6.9337741698911950E-009   0.0000000000000000        0.0000000000000000        1562.5000000000000        1.0000000000000000E-010   15625000000000.000        12.496890191464937        187453352871.97403        6.1793188936184768E-005   0.0000000000000000        0.0000000000000000        0.0000000000000000       -1.3677230526094874E-023   0.0000000000000000        0.0000000000000000        0.0000000000000000     
  -882785299999991.12        0.0000000000000000        0.0000000000000000        320000.00175205496        0.0000000000000000        0.0000000000000000        7.3845841733637812E-009   0.0000000000000000        0.0000000000000000        1562.5000000000000        1.0000000000000000E-010   15625000000000.000        12.496867835103531        187453017526.55295        6.1792751315848125E-005   0.0000000000000000        0.0000000000000000        0.0000000000000000       -1.4438855382340202E-023   0.0000000000000000        0.0000000000000000        0.0000000000000000     
  -867160299999991.12        0.0000000000000000        0.0000000000000000        320000.00168466748        0.0000000000000000        0.0000000000000000        8.5287669712768795E-009   0.0000000000000000        0.0000000000000000        1562.5000000000000        1.0000000000000000E-010   15625000000000.000        12.496867432778084        187453011491.67120        6.1792743792411201E-005   0.0000000000000000        0.0000000000000000        0.0000000000000000       -1.6693158464725349E-023   0.0000000000000000        0.0000000000000000        0.0000000000000000     
  -851535299999991.12        0.0000000000000000        0.0000000000000000        320000.00169079710        0.0000000000000000        0.0000000000000000        8.9635228421908982E-009   0.0000000000000000        0.0000000000000000        1562.5000000000000        1.0000000000000000E-010   15625000000000.000        12.496840923129680        187452613846.94519        6.1792224470006392E-005   0.0000000000000000        0.0000000000000000        0.0000000000000000       -1.7552146039516375E-023   0.0000000000000000        0.0000000000000000        0.0000000000000000     
  -835910299999991.12        0.0000000000000000        0.0000000000000000        320000.00138536352        0.0000000000000000        0.0000000000000000        9.6467241359268347E-009   0.0000000000000000        0.0000000000000000        1562.5000000000000        1.0000000000000000E-010   15625000000000.000        12.496839516878037        187452592753.17053        6.1792197460177828E-005   0.0000000000000000        0.0000000000000000        0.0000000000000000       -1.8893097907327071E-023   0.0000000000000000        0.0000000000000000        0.0000000000000000     
  -820285299999991.12        0.0000000000000000        0.0000000000000000        320000.00127665792        0.0000000000000000        0.0000000000000000        1.0088702518006969E-008   0.0000000000000000        0.0000000000000000        1562.5000000000000        1.0000000000000000E-010   15625000000000.000        12.496810708693626        187452160630.40439        6.1791632583417037E-005   0.0000000000000000        0.0000000000000000        0.0000000000000000       -1.9786770993561751E-023   0.0000000000000000        0.0000000000000000        0.0000000000000000     
  -804660299999991.12        0.0000000000000000        0.0000000000000000        320000.00012138061        0.0000000000000000        0.0000000000000000        1.0343471883840689E-008   0.0000000000000000        0.0000000000000000        1562.5000000000000        1.0000000000000000E-010   15625000000000.000        12.496807873101627        187452118096.52438        6.1791577746589507E-005   0.0000000000000000        0.0000000000000000        0.0000000000000000       -2.0247474663978696E-023   0.0000000000000000        0.0000000000000000        0.0000000000000000     
  -789035299999991.12        0.0000000000000000        0.0000000000000000        320000.00000000000        0.0000000000000000        0.0000000000000000        1.0758043541591566E-008   0.0000000000000000        0.0000000000000000        1562.5000000000000        1.0000000000000000E-010   15625000000000.000        12.496778520027920        187451677800.41876        6.1791001566767012E-005   0.0000000000000000        0.0000000000000000        0.0000000000000000       -2.1081285816444056E-023   0.0000000000000000        0.0000000000000000        0.0000000000000000     
  -773410299999991.12        0.0000000000000000        0.0000000000000000        320000.00000000000        0.0000000000000000        0.0000000000000000        1.0591723080869840E-008   0.0000000000000000        0.0000000000000000        1562.5000000000000        1.0000000000000000E-010   15625000000000.000        12.496774049863111        187451610747.94666        6.1790914823679080E-005   0.0000000000000000        0.0000000000000000        0.0000000000000000       -2.0777044775229711E-023   0.0000000000000000        0.0000000000000000        0.0000000000000000     
  -757785299999991.12        0.0000000000000000        0.0000000000000000        320000.00000000000        0.0000000000000000        0.0000000000000000        1.0932326988777366E-008   0.0000000000000000        0.0000000000000000        1562.5000000000000        1.0000000000000000E-010   15625000000000.000        12.496745630740197        187451184461.10294        6.1790356330340142E-005   0.0000000000000000        0.0000000000000000        0.0000000000000000       -2.1447327338551482E-023   0.0000000000000000        0.0000000000000000        0.0000000000000000     
  -742160299999991.12        0.0000000000000000        0.0000000000000000        320000.00000000000        0.0000000000000000        0.0000000000000000        1.0462044120155412E-008   0.0000000000000000        0.0000000000000000        1562.5000000000000        1.0000000000000000E-010   15625000000000.000        12.496739584499965        187451093767.49945        6.1790238719067493E-005   0.0000000000000000        0.0000000000000000        0.0000000000000000       -2.0539504645736345E-023   0.0000000000000000        0.0000000000000000        0.0000000000000000     
  -726535299999991.12        0.0000000000000000        0.0000000000000000        320000.00000000000        0.0000000000000000        0.0000000000000000        1.0673258145270265E-008   0.0000000000000000        0.0000000000000000        1562.5000000000000        1.0000000000000000E-010   15625000000000.000        12.496713214078209        187450698211.17310        6.1789719865130925E-005   0.0000000000000000        0.0000000000000000        0.0000000000000000       -2.0958251150366159E-023   0.0000000000000000        0.0000000000000000        0.0000000000000000     
  -710910299999991.12        0.0000000000000000        0.0000000000000000        320000.00000000000        0.0000000000000000        0.0000000000000000        9.9857765418951172E-009   0.0000000000000000        0.0000000000000000        1562.5000000000000        1.0000000000000000E-010   15625000000000.000        12.496705892395932        187450588385.93893        6.1789577161529101E-005   0.0000000000000000        0.0000000000000000        0.0000000000000000       -1.9620517470605132E-023   0.0000000000000000        0.0000000000000000        0.0000000000000000     
  -695285299999991.12        0.0000000000000000        0.0000000000000000        320000.00000000000        0.0000000000000000        0.0000000000000000        1.0038887917785709E-008   0.0000000000000000        0.0000000000000000        1562.5000000000000        1.0000000000000000E-010   15625000000000.000        12.496682307219826        187450234608.29736        6.1789112561542675E-005   0.0000000000000000        0.0000000000000000        0.0000000000000000       -1.9730722743427814E-023   0.0000000000000000        0.0000000000000000        0.0000000000000000     
  -679660299999991.12        0.0000000000000000        0.0000000000000000        320000.00000000000        0.0000000000000000        0.0000000000000000        9.2155863060876987E-009   0.0000000000000000        0.0000000000000000        1562.5000000000000        1.0000000000000000E-010   15625000000000.000        12.496674188916016        187450112833.74023        6.1788954060898520E-005   0.0000000000000000        0.0000000000000000        0.0000000000000000       -1.8121358357927525E-023   0.0000000000000000        0.0000000000000000        0.0000000000000000     
  -664035299999991.12        0.0000000000000000        0.0000000000000000        320000.00000000000        0.0000000000000000        0.0000000000000000        9.1008509029879157E-009   0.0000000000000000        0.0000000000000000        1562.5000000000000        1.0000000000000000E-010   15625000000000.000        12.496653793046793        187449806895.70187        6.1788551850407953E-005   0.0000000000000000        0.0000000000000000        0.0000000000000000       -1.7902360867754855E-023   0.0000000000000000        0.0000000000000000        0.0000000000000000     
  -648410299999991.12        0.0000000000000000        0.0000000000000000        320000.00000000000        0.0000000000000000        0.0000000000000000        8.2059074327205463E-009   0.0000000000000000        0.0000000000000000        1562.5000000000000        1.0000000000000000E-010   15625000000000.000        12.496645451904998        187449681778.57495        6.1788388763492100E-005   0.0000000000000000        0.0000000000000000        0.0000000000000000       -1.6146660265708872E-023   0.0000000000000000        0.0000000000000000        0.0000000000000000     
  -632785299999991.12        0.0000000000000000        0.0000000000000000        320000.00000000000        0.0000000000000000        0.0000000000000000        7.9300642220083656E-009   0.0000000000000000        0.0000000000000000        1562.5000000000000        1.0000000000000000E-010   15625000000000.000        12.496628397658940        187449425964.88406        6.1788052150281461E-005   0.0000000000000000        0.0000000000000000        0.0000000000000000       -1.5609905004449617E-023   0.0000000000000000        0.0000000000000000        0.0000000000000000     
  -617160299999991.12        0.0000000000000000        0.0000000000000000        320000.00000000000        0.0000000000000000        0.0000000000000000        7.0066498076558820E-009   0.0000000000000000        0.0000000000000000        1562.5000000000000        1.0000000000000000E-010   15625000000000.000        12.496620423284204        187449306349.26306        6.1787896064563800E-005   0.0000000000000000        0.0000000000000000        0.0000000000000000       -1.3792439043444862E-023   0.0000000000000000        0.0000000000000000        0.0000000000000000     
  -601535299999991.12        0.0000000000000000        0.0000000000000000        320000.00000000000        0.0000000000000000        0.0000000000000000        6.5872644732343615E-009   0.0000000000000000        0.0000000000000000        1562.5000000000000        1.0000000000000000E-010   15625000000000.000        12.496606703797649        187449100556.96472        6.1787625125314289E-005   0.0000000000000000        0.0000000000000000        0.0000000000000000       -1.2970792423851531E-023   0.0000000000000000        0.0000000000000000        0.0000000000000000     
  -585910299999991.12        0.0000000000000000        0.0000000000000000        320000.00000000000        0.0000000000000000        0.0000000000000000        5.6572810197321413E-009   0.0000000000000000        0.0000000000000000        1562.5000000000000        9.9999999999999551E-011   15625000000000.068        12.496599642873360        187448994643.10123        6.1787486848522525E-005   0.0000000000000000        0.0000000000000000        0.0000000000000000       -1.1134687887896835E-023   0.0000000000000000        0.0000000000000000        0.0000000000000000     
  -570285299999991.12        0.0000000000000000        0.0000000000000000        320000.00000000000        0.0000000000000000        0.0000000000000000        5.1161064630568509E-009   0.0000000000000000        0.0000000000000000        1562.5000000000000        9.9999999999995053E-011   15625000000000.771        12.496589180962522        187448837714.44708        6.1787280263535263E-005   0.0000000000000000        0.0000000000000000        0.0000000000000000       -1.0069682744034848E-023   0.0000000000000000        0.0000000000000000        0.0000000000000000     
  -554660299999989.44        0.0000000000000000        0.0000000000000000        320000.00000000000        0.0000000000000000        0.0000000000000000        4.1820616762424882E-009   0.0000000000000000        0.0000000000000000        1562.5000000000000        9.9999999999995053E-011   15625000000000.771        12.496583504993739        187448752574.91531        6.1787169174396100E-005   0.0000000000000000        0.0000000000000000        0.0000000000000000       -8.2200655032361433E-024   0.0000000000000000        0.0000000000000000        0.0000000000000000     
  -539035299999989.44        0.0000000000000000        0.0000000000000000        320000.00000000000        0.0000000000000000        0.0000000000000000        3.5392397022846697E-009   0.0000000000000000        0.0000000000000000        1562.5000000000000        9.9999999999999551E-011   15625000000000.068        12.496576229894107        187448643448.41241        6.1787025735549525E-005   0.0000000000000000        0.0000000000000000        0.0000000000000000       -6.9506618583927389E-024   0.0000000000000000        0.0000000000000000        0.0000000000000000     
  -523410299999989.44        0.0000000000000000        0.0000000000000000        320000.00000000000        0.0000000000000000        0.0000000000000000        2.5867720145780954E-009   0.0000000000000000        0.0000000000000000        1562.5000000000000        1.0000000000000000E-010   15625000000000.000        12.496572327238187        187448584908.57278        6.1786949603816188E-005   0.0000000000000000        0.0000000000000000        0.0000000000000000       -5.0592907063571018E-024   0.0000000000000000        0.0000000000000000        0.0000000000000000     
  -507785299999989.44        0.0000000000000000        0.0000000000000000        320000.00000000000        0.0000000000000000        0.0000000000000000        1.8571389712283705E-009   0.0000000000000000        0.0000000000000000        1562.5000000000000        1.0000000000000000E-010   15625000000000.000        12.496568237893493        187448523568.40237        6.1786869471137484E-005   0.0000000000000000        0.0000000000000000        0.0000000000000000       -3.6147443709068027E-024   0.0000000000000000        0.0000000000000000        0.0000000000000000     
  -492160299999989.44        0.0000000000000000        0.0000000000000000        320000.00000000000        0.0000000000000000        0.0000000000000000        8.5633016066707274E-010   0.0000000000000000        0.0000000000000000        1562.5000000000000        1.0000000000000000E-010   15625000000000.000        12.496566421690243        187448496325.35364        6.1786834584501627E-005   0.0000000000000000        0.0000000000000000        0.0000000000000000       -1.6228088575984012E-024   0.0000000000000000        0.0000000000000000        0.0000000000000000     
  -476535299999989.44        0.0000000000000000        0.0000000000000000        320000.00000000000        0.0000000000000000        0.0000000000000000        4.8741386168187729E-011   0.0000000000000000        0.0000000000000000        1562.5000000000000        1.0000000000000000E-010   15625000000000.000        12.496565643114781        187448484646.72168        6.1786820399556050E-005   0.0000000000000000        0.0000000000000000        0.0000000000000000       -2.1211285476894555E-026   0.0000000000000000        0.0000000000000000        0.0000000000000000     
  -460910299999989.44        0.0000000000000000        0.0000000000000000        320000.00000000000        0.0000000000000000        0.0000000000000000       -1.0447261381710455E-009   0.0000000000000000        0.0000000000000000        1562.5000000000000        1.0000000000000000E-010   15625000000000.000        12.496566162847115        187448492442.70670        6.1786831766308926E-005   0.0000000000000000        0.0000000000000000        0.0000000000000000        2.1587278286914914E-024   0.0000000000000000        0.0000000000000000        0.0000000000000000     
  -445285299999989.44        0.0000000000000000        0.0000000000000000        320000.00000000000        0.0000000000000000        0.0000000000000000       -1.9255354985522310E-009   0.0000000000000000        0.0000000000000000        1562.5000000000000        1.0000000000000000E-010   15625000000000.000        12.496568998525415        187448534977.88120        6.1786889698832437E-005   0.0000000000000000        0.0000000000000000        0.0000000000000000        3.9068567574144250E-024   0.0000000000000000        0.0000000000000000        0.0000000000000000     
  -429660299999989.44        0.0000000000000000        0.0000000000000000        320000.00000000000        0.0000000000000000        0.0000000000000000       -3.1709214332498491E-009   0.0000000000000000        0.0000000000000000        1562.5000000000000        1.0000000000000000E-010   15625000000000.000        12.496572044544205        187448580668.16306        6.1786951114673518E-005   0.0000000000000000        0.0000000000000000        0.0000000000000000        6.3917202633087537E-024   0.0000000000000000        0.0000000000000000        0.0000000000000000     
  -414035299999989.44        0.0000000000000000        0.0000000000000000        320000.00000000000        0.0000000000000000        0.0000000000000000       -4.1201687692615332E-009   0.0000000000000000        0.0000000000000000        1562.5000000000000        1.0000000000000000E-010   15625000000000.000        12.496579033236676        187448685498.55014        6.1787091987194158E-005   0.0000000000000000        0.0000000000000000        0.0000000000000000        8.2753736755942345E-024   0.0000000000000000        0.0000000000000000        0.0000000000000000     
  -398410299999989.44        0.0000000000000000        0.0000000000000000        320000.00000000000        0.0000000000000000        0.0000000000000000       -5.5925821924816851E-009   0.0000000000000000        0.0000000000000000        1562.5000000000000        1.0000000000000000E-010   15625000000000.000        12.496584724489258        187448770867.33887        6.1787205777790461E-005   0.0000000000000000        0.0000000000000000        0.0000000000000000        1.1213336605607471E-023   0.0000000000000000        0.0000000000000000        0.0000000000000000     
  -382785299999989.44        0.0000000000000000        0.0000000000000000        320000.00000000000        0.0000000000000000        0.0000000000000000       -6.5998654889165206E-009   0.0000000000000000        0.0000000000000000        1562.5000000000000        1.0000000000000000E-010   15625000000000.000        12.496596704369372        187448950565.54056        6.1787446332791361E-005   0.0000000000000000        0.0000000000000000        0.0000000000000000        1.3210193947666278E-023   0.0000000000000000        0.0000000000000000        0.0000000000000000     
  -367160299999989.44        0.0000000000000000        0.0000000000000000        320000.00000000000        0.0000000000000000        0.0000000000000000       -8.3912849974444556E-009   0.0000000000000000        0.0000000000000000        1562.5000000000000        1.0000000000000000E-010   15625000000000.000        12.496605053647844        187449075804.71765        6.1787612659928591E-005   0.0000000000000000        0.0000000000000000        0.0000000000000000        1.6782573467434908E-023   0.0000000000000000        0.0000000000000000        0.0000000000000000     
  -351535299999989.44        0.0000000000000000        0.0000000000000000        320000.00000000000        0.0000000000000000        0.0000000000000000       -9.4344399534971219E-009   0.0000000000000000        0.0000000000000000        1562.5000000000000        1.0000000000000000E-010   15625000000000.000        12.496623234955390        187449348524.33081        6.1787976988543231E-005   0.0000000000000000        0.0000000000000000        0.0000000000000000        1.8847132037833865E-023   0.0000000000000000        0.0000000000000000        0.0000000000000000     
  -335910299999989.44        0.0000000000000000        0.0000000000000000        320000.00000000000        0.0000000000000000        0.0000000000000000       -1.1653956675448901E-008   0.0000000000000000        0.0000000000000000        1562.5000000000000        1.0000000000000000E-010   15625000000000.000        12.496634089718627        187449511345.77939        6.1788192685322042E-005   0.0000000000000000        0.0000000000000000        0.0000000000000000        2.3268689538645702E-023   0.0000000000000000        0.0000000000000000        0.0000000000000000     
  -320285299999989.44        0.0000000000000000        0.0000000000000000        320000.00000000000        0.0000000000000000        0.0000000000000000       -1.2693678886480507E-008   0.0000000000000000        0.0000000000000000        1562.5000000000000        1.0000000000000000E-010   15625000000000.000        12.496660132803836        187449901992.05750        6.1788713753371035E-005   0.0000000000000000        0.0000000000000000        0.0000000000000000        2.5321940797765238E-023   0.0000000000000000        0.0000000000000000        0.0000000000000000     
  -304660299999989.44        0.0000000000000000        0.0000000000000000        320000.00000000000        0.0000000000000000        0.0000000000000000       -1.5465803760417000E-008   0.0000000000000000        0.0000000000000000        1562.5000000000000        1.0000000000000009E-010   15624999999999.984        12.496673095630280        187450096434.45401        6.1788970770227549E-005   0.0000000000000000        0.0000000000000000        0.0000000000000000        3.0837329677276815E-023   0.0000000000000000        0.0000000000000000        0.0000000000000000     
  -289035299999989.44        0.0000000000000000        0.0000000000000000        320000.00000000000        0.0000000000000000        0.0000000000000000       -1.6442542685368487E-008   0.0000000000000000        0.0000000000000000        1562.5000000000000        1.0000000000000100E-010   15624999999999.844        12.496709185633494        187450637784.50052        6.1789691867287326E-005   0.0000000000000000        0.0000000000000000        0.0000000000000000        3.2760938604262254E-023   0.0000000000000000        0.0000000000000000        0.0000000000000000     
  -273410299999989.78        0.0000000000000000        0.0000000000000000        320000.00000000000        0.0000000000000000        0.0000000000000000       -1.9902258038169132E-008   0.0000000000000000        0.0000000000000000        1562.5000000000000        1.0000000000000100E-010   15624999999999.844        12.496723525207377        187450852878.10876        6.1789975544788113E-005   0.0000000000000000        0.0000000000000000        0.0000000000000000        3.9634758137039069E-023   0.0000000000000000        0.0000000000000000        0.0000000000000000     
  -257785299999989.78        0.0000000000000000        0.0000000000000000        320000.00000000000        0.0000000000000000        0.0000000000000000       -2.0736950547709222E-008   0.0000000000000000        0.0000000000000000        1562.5000000000000        1.0000000000000007E-010   15624999999999.992        12.496772428281529        187451586424.22281        6.1790951359741992E-005   0.0000000000000000        0.0000000000000000        0.0000000000000000        4.1272765253593620E-023   0.0000000000000000        0.0000000000000000        0.0000000000000000     
  -242160299999989.78        0.0000000000000000        0.0000000000000000        320000.00000000000        0.0000000000000000        0.0000000000000000       -2.5020883013031951E-008   0.0000000000000000        0.0000000000000000        1562.5000000000000        1.0000000000000000E-010   15625000000000.000        12.496786998878850        187451804983.18274        6.1791238879982274E-005   0.0000000000000000        0.0000000000000000        0.0000000000000000        4.9771075227190769E-023   0.0000000000000000        0.0000000000000000        0.0000000000000000     
  -226535299999989.78        0.0000000000000000        0.0000000000000000        320000.00000000000        0.0000000000000000        0.0000000000000000       -2.5625814036075713E-008   0.0000000000000000        0.0000000000000000        1562.5000000000000        1.0000000000000000E-010   15625000000000.000        12.496852079406301        187452781191.09448        6.1792535802315812E-005   0.0000000000000000        0.0000000000000000        0.0000000000000000        5.0941387705664103E-023   0.0000000000000000        0.0000000000000000        0.0000000000000000     
  -210910299999989.78        0.0000000000000000        0.0000000000000000        319999.99957855220        0.0000000000000000        0.0000000000000000       -3.0847236973345135E-008   0.0000000000000000        0.0000000000000000        1562.5000000000000        1.0000000000000000E-010   15625000000000.000        12.496865271615691        187452979074.23532        6.1792795272260108E-005   0.0000000000000000        0.0000000000000000        0.0000000000000000        6.1303585613555461E-023   0.0000000000000000        0.0000000000000000        0.0000000000000000     
  -195285299999989.78        0.0000000000000000        0.0000000000000000        319999.99948494445        0.0000000000000000        0.0000000000000000       -3.1134741902544370E-008   0.0000000000000000        0.0000000000000000        1562.5000000000000        1.0000000000000000E-010   15625000000000.000        12.496950446726100        187454256700.89148        6.1794490457353277E-005   0.0000000000000000        0.0000000000000000        0.0000000000000000        6.1821870114231044E-023   0.0000000000000000        0.0000000000000000        0.0000000000000000     
  -179660299999989.78        0.0000000000000000        0.0000000000000000        319999.99830650631        0.0000000000000000        0.0000000000000000       -3.7374590212858861E-008   0.0000000000000000        0.0000000000000000        1562.5000000000000        1.0000000000000000E-010   15625000000000.000        12.496960200203750        187454403003.05624        6.1794681174212710E-005   0.0000000000000000        0.0000000000000000        0.0000000000000000        7.4224157268240420E-023   0.0000000000000000        0.0000000000000000        0.0000000000000000     
  -164035299999989.78        0.0000000000000000        0.0000000000000000        319999.99823675852        0.0000000000000000        0.0000000000000000       -3.7257918038709481E-008   0.0000000000000000        0.0000000000000000        1562.5000000000000        1.0000000000000007E-010   15624999999999.992        12.497069810065780        187456047150.98654        6.1796859984082633E-005   0.0000000000000000        0.0000000000000000        0.0000000000000000        7.3931271842584379E-023   0.0000000000000000        0.0000000000000000        0.0000000000000000     
  -148410299999989.78        0.0000000000000000        0.0000000000000000        319999.99727278779        0.0000000000000000        0.0000000000000000       -4.4581298783299690E-008   0.0000000000000000        0.0000000000000000        1562.5000000000000        1.0000000000000097E-010   15624999999999.850        12.497073692935947        187456105394.03738        6.1796934063942135E-005   0.0000000000000000        0.0000000000000000        0.0000000000000000        8.8449176323247780E-023   0.0000000000000000        0.0000000000000000        0.0000000000000000     
  -132785299999990.11        0.0000000000000000        0.0000000000000000        319999.99721883668        0.0000000000000000        0.0000000000000000       -4.3998899705007181E-008   0.0000000000000000        0.0000000000000000        1562.5000000000000        1.0000000000000097E-010   15624999999999.848        12.497212284489539        187458184267.34125        6.1799685786999991E-005   0.0000000000000000        0.0000000000000000        0.0000000000000000        8.7249641343908386E-023   0.0000000000000000        0.0000000000000000        0.0000000000000000     
  -117160299999990.11        0.0000000000000000        0.0000000000000000        319999.99644635705        0.0000000000000000        0.0000000000000000       -5.2372584390960559E-008   0.0000000000000000        0.0000000000000000        1562.5000000000000        1.0000000000000009E-010   15624999999999.984        12.497207668384297        187458115025.76425        6.1799591586160344E-005   0.0000000000000000        0.0000000000000000        0.0000000000000000        1.0381911836688031E-022   0.0000000000000000        0.0000000000000000        0.0000000000000000     
  -101535299999990.11        0.0000000000000000        0.0000000000000000        319999.99640643981        0.0000000000000000        0.0000000000000000       -5.1322798878745210E-008   0.0000000000000000        0.0000000000000000        1562.5000000000000        9.9999999999999887E-011   15625000000000.020        12.497379684875723        187460695273.13605        6.1803003377404507E-005   0.0000000000000000        0.0000000000000000        0.0000000000000000        1.0171118120004866E-022   0.0000000000000000        0.0000000000000000        0.0000000000000000     
  -85910299999990.109        0.0000000000000000        0.0000000000000000        319999.99582338892        0.0000000000000000        0.0000000000000000       -6.0507289464575737E-008   0.0000000000000000        0.0000000000000000        1562.5000000000000        9.9999999999998776E-011   15625000000000.191        12.497363991625765        187460459874.38873        6.1802690329284556E-005   0.0000000000000000        0.0000000000000000        0.0000000000000000        1.2010555842102474E-022   0.0000000000000000        0.0000000000000000        0.0000000000000000     
  -70285299999989.695        0.0000000000000000        0.0000000000000000        319999.99579990777        0.0000000000000000        0.0000000000000000       -5.6718490720810999E-008   0.0000000000000000        0.0000000000000000        1562.5000000000000        9.9999999999998776E-011   15625000000000.191        12.497573405834023        187463601087.51263        6.1806840048707893E-005   0.0000000000000000        0.0000000000000000        0.0000000000000000        1.1720040765867205E-022   0.0000000000000000        0.0000000000000000        0.0000000000000000     
  -54660299999989.695        0.0000000000000000        0.0000000000000000        320000.00888089451        0.0000000000000000        0.0000000000000000        2.6004997056986153E-007   0.0000000000000000        0.0000000000000000        1562.5000000000000        1.0000000286643348E-010   15624999552119.781        12.497544766234816        187463166120.01526        6.1806264457534374E-005   0.0000000000000000        0.0000000000000000        0.0000000000000000        1.3702713776061213E-022   0.0000000000000000        0.0000000000000000        0.0000000000000000     
  -39035299999989.695        0.0000000000000000        0.0000000000000000        319999.98412945005        0.0000000000000000        0.0000000000000000       -3.4788654684287724E-007   0.0000000000000000        0.0000000000000000        1562.5000000000000        1.0000005996188998E-010   15624990630960.309        12.497801854561532        187466915409.71738        6.1811212247778335E-005   0.0000000000000000        0.0000000000000000        0.0000000000000000        1.3354455786907197E-022   0.0000000000000000        0.0000000000000000        0.0000000000000000     
  -23410310749102.613        0.0000000000000000        0.0000000000000000        319746.56648229534        0.0000000000000000        0.0000000000000000       -2.9996577990684813E-003   0.0000000000000000        0.0000000000000000        1562.5000000000000        1.0001487632314981E-010   15622675920245.457        12.499619570159073        187466405444.11487        6.1810353514112697E-005   0.0000000000000000        0.0000000000000000        0.0000000000000000        1.5453035947021671E-022   0.0000000000000000        0.0000000000000000        0.0000000000000000     
  -7785417364498.5723        0.0000000000000000        0.0000000000000000        317243.11450808065        0.0000000000000000        0.0000000000000000       -3.2270677772467005E-002   0.0000000000000000        0.0000000000000000        1562.5000000000000        1.0015966876479369E-010   15600091526552.869        12.518092185197213        187472048473.82660        6.1816028662618834E-005   0.0000000000000000        0.0000000000000000        0.0000000000000000        1.4904146081825643E-022   0.0000000000000000        0.0000000000000000        0.0000000000000000     
   7785417364498.5723        0.0000000000000000        0.0000000000000000       -317243.11450808065        0.0000000000000000        0.0000000000000000        3.2270677772467005E-002   0.0000000000000000        0.0000000000000000        1562.5000000000000        1.0015966876479369E-010   15600091526552.869        12.518092185197213        187472048473.82660        6.1816028662618834E-005   0.0000000000000000        0.0000000000000000        0.0000000000000000       -1.4904146081825643E-022   0.0000000000000000        0.0000000000000000        0.0000000000000000     
   23410310749102.613        0.0000000000000000        0.0000000000000000       -319746.56648229534        0.0000000000000000        0.0000000000000000        2.9996577990684778E-003   0.0000000000000000        0.0000000000000000        1562.5000000000000        1.0001487632314981E-010   15622675920245.457        12.499619570159073        187466405444.11487        6.1810353514112697E-005   0.0000000000000000        0.0000000000000000        0.0000000000000000       -1.5453035947021671E-022   0.0000000000000000        0.0000000000000000        0.0000000000000000     
   39035299999989.695        0.0000000000000000        0.0000000000000000       -319999.98412945005        0.0000000000000000        0.0000000000000000        3.4788654684580458E-007   0.0000000000000000        0.0000000000000000        1562.5000000000000        1.0000005996188999E-010   15624990630960.307        12.497801854561532        187466915409.71738        6.1811212247778335E-005   0.0000000000000000        0.0000000000000000        0.0000000000000000       -1.3354455786907197E-022   0.0000000000000000        0.0000000000000000        0.0000000000000000     
   54660299999989.695        0.0000000000000000        0.0000000000000000       -320000.00888089451        0.0000000000000000        0.0000000000000000       -2.6004997057137941E-007   0.0000000000000000        0.0000000000000000        1562.5000000000000        1.0000000286643344E-010   15624999552119.791        12.497544766234812        187463166120.01526        6.1806264457534374E-005   0.0000000000000000        0.0000000000000000        0.0000000000000000       -1.3702713776061211E-022   0.0000000000000000        0.0000000000000000        0.0000000000000000     
   70285299999989.695        0.0000000000000000        0.0000000000000000       -319999.99579990777        0.0000000000000000        0.0000000000000000        5.6718490719943637E-008   0.0000000000000000        0.0000000000000000        1562.5000000000000        9.9999999999998776E-011   15625000000000.191        12.497573405834023        187463601087.51263        6.1806840048707893E-005   0.0000000000000000        0.0000000000000000        0.0000000000000000       -1.1720040765867205E-022   0.0000000000000000        0.0000000000000000        0.0000000000000000     
   85910299999990.109        0.0000000000000000        0.0000000000000000       -319999.99582338892        0.0000000000000000        0.0000000000000000        6.0507289465443099E-008   0.0000000000000000        0.0000000000000000        1562.5000000000000        9.9999999999998776E-011   15625000000000.191        12.497363991625765        187460459874.38873        6.1802690329284556E-005   0.0000000000000000        0.0000000000000000        0.0000000000000000       -1.2010555842102474E-022   0.0000000000000000        0.0000000000000000        0.0000000000000000     
   101535299999990.11        0.0000000000000000        0.0000000000000000       -319999.99640643981        0.0000000000000000        0.0000000000000000        5.1322798878745210E-008   0.0000000000000000        0.0000000000000000        1562.5000000000000        9.9999999999999887E-011   15625000000000.020        12.497379684875723        187460695273.13605        6.1803003377404507E-005   0.0000000000000000        0.0000000000000000        0.0000000000000000       -1.0171118120004866E-022   0.0000000000000000        0.0000000000000000        0.0000000000000000     
   117160299999990.11        0.0000000000000000        0.0000000000000000       -319999.99644635705        0.0000000000000000        0.0000000000000000        5.2372584390960559E-008   0.0000000000000000        0.0000000000000000        1562.5000000000000        1.0000000000000009E-010   15624999999999.984        12.497207668384297        187458115025.76425        6.1799591586160344E-005   0.0000000000000000        0.0000000000000000        0.0000000000000000       -1.0381911836688031E-022   0.0000000000000000        0.0000000000000000        0.0000000000000000     
   132785299999990.11        0.0000000000000000        0.0000000000000000       -319999.99721883668        0.0000000000000000        0.0000000000000000        4.3998899705007181E-008   0.0000000000000000        0.0000000000000000        1562.5000000000000        1.0000000000000097E-010   15624999999999.848        12.497212284489539        187458184267.34125        6.1799685786999991E-005   0.0000000000000000        0.0000000000000000        0.0000000000000000       -8.7249641343908386E-023   0.0000000000000000        0.0000000000000000        0.0000000000000000     
   148410299999989.78        0.0000000000000000        0.0000000000000000       -319999.99727278779        0.0000000000000000        0.0000000000000000        4.4581298783299690E-008   0.0000000000000000        0.0000000000000000        1562.5000000000000        1.0000000000000097E-010   15624999999999.850        12.497073692935947        187456105394.03738        6.1796934063942135E-005   0.0000000000000000        0.0000000000000000        0.0000000000000000       -8.8449176323247780E-023   0.0000000000000000        0.0000000000000000        0.0000000000000000     
   164035299999989.78        0.0000000000000000        0.0000000000000000       -319999.99823675852        0.0000000000000000        0.0000000000000000        3.7257918038709481E-008   0.0000000000000000        0.0000000000000000        1562.5000000000000        1.0000000000000007E-010   15624999999999.992        12.497069810065780        187456047150.98654        6.1796859984082633E-005   0.0000000000000000        0.0000000000000000        0.0000000000000000       -7.3931271842584379E-023   0.0000000000000000        0.0000000000000000        0.0000000000000000     
   179660299999989.78        0.0000000000000000        0.0000000000000000       -319999.99830650631        0.0000000000000000        0.0000000000000000        3.7374590212858861E-008   0.0000000000000000        0.0000000000000000        1562.5000000000000        1.0000000000000000E-010   15625000000000.000        12.496960200203750        187454403003.05624        6.1794681174212710E-005   0.0000000000000000        0.0000000000000000        0.0000000000000000       -7.4224157268240420E-023   0.0000000000000000        0.0000000000000000        0.0000000000000000     
   195285299999989.78        0.0000000000000000        0.0000000000000000       -319999.99948494445        0.0000000000000000        0.0000000000000000        3.1134741901893849E-008   0.0000000000000000        0.0000000000000000        1562.5000000000000        1.0000000000000000E-010   15625000000000.000        12.496950446726100        187454256700.89148        6.1794490457353277E-005   0.0000000000000000        0.0000000000000000        0.0000000000000000       -6.1821870114231044E-023   0.0000000000000000        0.0000000000000000        0.0000000000000000     
   210910299999989.78        0.0000000000000000        0.0000000000000000       -319999.99957855220        0.0000000000000000        0.0000000000000000        3.0847236974570070E-008   0.0000000000000000        0.0000000000000000        1562.5000000000000        1.0000000000000000E-010   15625000000000.000        12.496865271615691        187452979074.23532        6.1792795272260108E-005   0.0000000000000000        0.0000000000000000        0.0000000000000000       -6.1303585613555438E-023   0.0000000000000000        0.0000000000000000        0.0000000000000000     
   226535299999989.78        0.0000000000000000        0.0000000000000000       -320000.00000000000        0.0000000000000000        0.0000000000000000        2.5625814037593596E-008   0.0000000000000000        0.0000000000000000        1562.5000000000000        1.0000000000000000E-010   15625000000000.000        12.496852079406301        187452781191.09448        6.1792535802315812E-005   0.0000000000000000        0.0000000000000000        0.0000000000000000       -5.0941387705664103E-023   0.0000000000000000        0.0000000000000000        0.0000000000000000     
   242160299999989.78        0.0000000000000000        0.0000000000000000       -320000.00000000000        0.0000000000000000        0.0000000000000000        2.5020883012476109E-008   0.0000000000000000        0.0000000000000000        1562.5000000000000        1.0000000000000000E-010   15625000000000.000        12.496786998878850        187451804983.18274        6.1791238879982274E-005   0.0000000000000000        0.0000000000000000        0.0000000000000000       -4.9771075227190752E-023   0.0000000000000000        0.0000000000000000        0.0000000000000000     
   257785299999989.78        0.0000000000000000        0.0000000000000000       -320000.00000000000        0.0000000000000000        0.0000000000000000        2.0736950548771255E-008   0.0000000000000000        0.0000000000000000        1562.5000000000000        1.0000000000000011E-010   15624999999999.982        12.496772428281535        187451586424.22281        6.1790951359741992E-005   0.0000000000000000        0.0000000000000000        0.0000000000000000       -4.1272765253593608E-023   0.0000000000000000        0.0000000000000000        0.0000000000000000     
   273410299999989.78        0.0000000000000000        0.0000000000000000       -320000.00000000000        0.0000000000000000        0.0000000000000000        1.9902258038277553E-008   0.0000000000000000        0.0000000000000000        1562.5000000000000        1.0000000000000100E-010   15624999999999.844        12.496723525207377        187450852878.10876        6.1789975544788113E-005   0.0000000000000000        0.0000000000000000        0.0000000000000000       -3.9634758137039069E-023   0.0000000000000000        0.0000000000000000        0.0000000000000000     
   289035299999989.44        0.0000000000000000        0.0000000000000000       -320000.00000000000        0.0000000000000000        0.0000000000000000        1.6442542685597699E-008   0.0000000000000000        0.0000000000000000        1562.5000000000000        1.0000000000000100E-010   15624999999999.844        12.496709185633494        187450637784.50052        6.1789691867287326E-005   0.0000000000000000        0.0000000000000000        0.0000000000000000       -3.2760938604262248E-023   0.0000000000000000        0.0000000000000000        0.0000000000000000     
   304660299999989.44        0.0000000000000000        0.0000000000000000       -320000.00000000000        0.0000000000000000        0.0000000000000000        1.5465803760742264E-008   0.0000000000000000        0.0000000000000000        1562.5000000000000        1.0000000000000007E-010   15624999999999.992        12.496673095630277        187450096434.45401        6.1788970770227549E-005   0.0000000000000000        0.0000000000000000        0.0000000000000000       -3.0837329677276827E-023   0.0000000000000000        0.0000000000000000        0.0000000000000000     
   320285299999989.44        0.0000000000000000        0.0000000000000000       -320000.00000000000        0.0000000000000000        0.0000000000000000        1.2693678883444741E-008   0.0000000000000000        0.0000000000000000        1562.5000000000000        1.0000000000000000E-010   15625000000000.000        12.496660132803836        187449901992.05750        6.1788713753371035E-005   0.0000000000000000        0.0000000000000000        0.0000000000000000       -2.5321940797765232E-023   0.0000000000000000        0.0000000000000000        0.0000000000000000     
   335910299999989.44        0.0000000000000000        0.0000000000000000       -320000.00000000000        0.0000000000000000        0.0000000000000000        1.1653956676316263E-008   0.0000000000000000        0.0000000000000000        1562.5000000000000        1.0000000000000000E-010   15625000000000.000        12.496634089718627        187449511345.77939        6.1788192685322042E-005   0.0000000000000000        0.0000000000000000        0.0000000000000000       -2.3268689538645702E-023   0.0000000000000000        0.0000000000000000        0.0000000000000000     
   351535299999989.44        0.0000000000000000        0.0000000000000000       -320000.00000000000        0.0000000000000000        0.0000000000000000        9.4344399534971219E-009   0.0000000000000000        0.0000000000000000        1562.5000000000000        1.0000000000000000E-010   15625000000000.000        12.496623234955390        187449348524.33081        6.1787976988543231E-005   0.0000000000000000        0.0000000000000000        0.0000000000000000       -1.8847132037833865E-023   0.0000000000000000        0.0000000000000000        0.0000000000000000     
   367160299999989.44        0.0000000000000000        0.0000000000000000       -320000.00000000000        0.0000000000000000        0.0000000000000000        8.3912849974444556E-009   0.0000000000000000        0.0000000000000000        1562.5000000000000        1.0000000000000000E-010   15625000000000.000        12.496605053647844        187449075804.71765        6.1787612659928591E-005   0.0000000000000000        0.0000000000000000        0.0000000000000000       -1.6782573467434908E-023   0.0000000000000000        0.0000000000000000        0.0000000000000000     
   382785299999989.44        0.0000000000000000        0.0000000000000000       -320000.00000000000        0.0000000000000000        0.0000000000000000        6.5998654889165206E-009   0.0000000000000000        0.0000000000000000        1562.5000000000000        1.0000000000000000E-010   15625000000000.000        12.496596704369372        187448950565.54056        6.1787446332791361E-005   0.0000000000000000        0.0000000000000000        0.0000000000000000       -1.3210193947666278E-023   0.0000000000000000        0.0000000000000000        0.0000000000000000     
   398410299999989.44        0.0000000000000000        0.0000000000000000       -320000.00000000000        0.0000000000000000        0.0000000000000000        5.5925821924816851E-009   0.0000000000000000        0.0000000000000000        1562.5000000000000        1.0000000000000000E-010   15625000000000.000        12.496584724489258        187448770867.33887        6.1787205777790461E-005   0.0000000000000000        0.0000000000000000        0.0000000000000000       -1.1213336605607471E-023   0.0000000000000000        0.0000000000000000        0.0000000000000000     
   414035299999989.44        0.0000000000000000        0.0000000000000000       -320000.00000000000        0.0000000000000000        0.0000000000000000        4.1201687692615332E-009   0.0000000000000000        0.0000000000000000        1562.5000000000000        1.0000000000000000E-010   15625000000000.000        12.496579033236676        187448685498.55014        6.1787091987194158E-005   0.0000000000000000        0.0000000000000000        0.0000000000000000       -8.2753736755942345E-024   0.0000000000000000        0.0000000000000000        0.0000000000000000     
   429660299999989.44        0.0000000000000000        0.0000000000000000       -320000.00000000000        0.0000000000000000        0.0000000000000000        3.1709214323824874E-009   0.0000000000000000        0.0000000000000000        1562.5000000000000        1.0000000000000000E-010   15625000000000.000        12.496572044544205        187448580668.16306        6.1786951114673518E-005   0.0000000000000000        0.0000000000000000        0.0000000000000000       -6.3917202633087537E-024   0.0000000000000000        0.0000000000000000        0.0000000000000000     
   445285299999989.44        0.0000000000000000        0.0000000000000000       -320000.00000000000        0.0000000000000000        0.0000000000000000        1.9255354976848693E-009   0.0000000000000000        0.0000000000000000        1562.5000000000000        1.0000000000000000E-010   15625000000000.000        12.496568998525415        187448534977.88120        6.1786889698832437E-005   0.0000000000000000        0.0000000000000000        0.0000000000000000       -3.9068567574144250E-024   0.0000000000000000        0.0000000000000000        0.0000000000000000     
   460910299999989.44        0.0000000000000000        0.0000000000000000       -320000.00000000000        0.0000000000000000        0.0000000000000000        1.0447261373036838E-009   0.0000000000000000        0.0000000000000000        1562.5000000000000        1.0000000000000000E-010   15625000000000.000        12.496566162847115        187448492442.70670        6.1786831766308926E-005   0.0000000000000000        0.0000000000000000        0.0000000000000000       -2.1587278286914914E-024   0.0000000000000000        0.0000000000000000        0.0000000000000000     
   476535299999989.44        0.0000000000000000        0.0000000000000000       -320000.00000000000        0.0000000000000000        0.0000000000000000       -4.8741385300825991E-011   0.0000000000000000        0.0000000000000000        1562.5000000000000        1.0000000000000000E-010   15625000000000.000        12.496565643114781        187448484646.72168        6.1786820399556050E-005   0.0000000000000000        0.0000000000000000        0.0000000000000000        2.1211285476894555E-026   0.0000000000000000        0.0000000000000000        0.0000000000000000     
   492160299999989.44        0.0000000000000000        0.0000000000000000       -320000.00000000000        0.0000000000000000        0.0000000000000000       -8.5633016066707274E-010   0.0000000000000000        0.0000000000000000        1562.5000000000000        1.0000000000000000E-010   15625000000000.000        12.496566421690243        187448496325.35364        6.1786834584501627E-005   0.0000000000000000        0.0000000000000000        0.0000000000000000        1.6228088575984012E-024   0.0000000000000000        0.0000000000000000        0.0000000000000000     
   507785299999989.44        0.0000000000000000        0.0000000000000000       -320000.00000000000        0.0000000000000000        0.0000000000000000       -1.8571389712283705E-009   0.0000000000000000        0.0000000000000000        1562.5000000000000        1.0000000000000000E-010   15625000000000.000        12.496568237893493        187448523568.40237        6.1786869471137484E-005   0.0000000000000000        0.0000000000000000        0.0000000000000000        3.6147443709068027E-024   0.0000000000000000        0.0000000000000000        0.0000000000000000     
   523410299999989.44        0.0000000000000000        0.0000000000000000       -320000.00000000000        0.0000000000000000        0.0000000000000000       -2.5867720137107337E-009   0.0000000000000000        0.0000000000000000        1562.5000000000000        1.0000000000000000E-010   15625000000000.000        12.496572327238187        187448584908.57278        6.1786949603816188E-005   0.0000000000000000        0.0000000000000000        0.0000000000000000        5.0592907063571018E-024   0.0000000000000000        0.0000000000000000        0.0000000000000000     
   539035299999989.44        0.0000000000000000        0.0000000000000000       -320000.00000000000        0.0000000000000000        0.0000000000000000       -3.5392397022846697E-009   0.0000000000000000        0.0000000000000000        1562.5000000000000        9.9999999999999551E-011   15625000000000.068        12.496576229894107        187448643448.41241        6.1787025735549525E-005   0.0000000000000000        0.0000000000000000        0.0000000000000000        6.9506618583927389E-024   0.0000000000000000        0.0000000000000000        0.0000000000000000     
   554660299999989.44        0.0000000000000000        0.0000000000000000       -320000.00000000000        0.0000000000000000        0.0000000000000000       -4.1820616761340680E-009   0.0000000000000000        0.0000000000000000        1562.5000000000000        9.9999999999995053E-011   15625000000000.771        12.496583504993739        187448752574.91531        6.1787169174396100E-005   0.0000000000000000        0.0000000000000000        0.0000000000000000        8.2200655032361448E-024   0.0000000000000000        0.0000000000000000        0.0000000000000000     
   570285299999991.12        0.0000000000000000        0.0000000000000000       -320000.00000000000        0.0000000000000000        0.0000000000000000       -5.1161064641410531E-009   0.0000000000000000        0.0000000000000000        1562.5000000000000        9.9999999999995053E-011   15625000000000.771        12.496589180962522        187448837714.44708        6.1787280263535263E-005   0.0000000000000000        0.0000000000000000        0.0000000000000000        1.0069682744034848E-023   0.0000000000000000        0.0000000000000000        0.0000000000000000     
   585910299999991.12        0.0000000000000000        0.0000000000000000       -320000.00000000000        0.0000000000000000        0.0000000000000000       -5.6572810188647795E-009   0.0000000000000000        0.0000000000000000        1562.5000000000000        9.9999999999999551E-011   15625000000000.068        12.496599642873360        187448994643.10123        6.1787486848522525E-005   0.0000000000000000        0.0000000000000000        0.0000000000000000        1.1134687887896835E-023   0.0000000000000000        0.0000000000000000        0.0000000000000000     
   601535299999991.12        0.0000000000000000        0.0000000000000000       -320000.00000000000        0.0000000000000000        0.0000000000000000       -6.5872644732343615E-009   0.0000000000000000        0.0000000000000000        1562.5000000000000        1.0000000000000000E-010   15625000000000.000        12.496606703797649        187449100556.96472        6.1787625125314289E-005   0.0000000000000000        0.0000000000000000        0.0000000000000000        1.2970792423851531E-023   0.0000000000000000        0.0000000000000000        0.0000000000000000     
   617160299999991.12        0.0000000000000000        0.0000000000000000       -320000.00000000000        0.0000000000000000        0.0000000000000000       -7.0066498076558820E-009   0.0000000000000000        0.0000000000000000        1562.5000000000000        1.0000000000000000E-010   15625000000000.000        12.496620423284204        187449306349.26306        6.1787896064563800E-005   0.0000000000000000        0.0000000000000000        0.0000000000000000        1.3792439043444862E-023   0.0000000000000000        0.0000000000000000        0.0000000000000000     
   632785299999991.12        0.0000000000000000        0.0000000000000000       -320000.00000000000        0.0000000000000000        0.0000000000000000       -7.9300642220083656E-009   0.0000000000000000        0.0000000000000000        1562.5000000000000        1.0000000000000000E-010   15625000000000.000        12.496628397658940        187449425964.88406        6.1788052150281461E-005   0.0000000000000000        0.0000000000000000        0.0000000000000000        1.5609905004449617E-023   0.0000000000000000        0.0000000000000000        0.0000000000000000     
   648410299999991.12        0.0000000000000000        0.0000000000000000       -320000.00000000000        0.0000000000000000        0.0000000000000000       -8.2059074327205463E-009   0.0000000000000000        0.0000000000000000        1562.5000000000000        1.0000000000000000E-010   15625000000000.000        12.496645451904998        187449681778.57495        6.1788388763492100E-005   0.0000000000000000        0.0000000000000000        0.0000000000000000        1.6146660265708872E-023   0.0000000000000000        0.0000000000000000        0.0000000000000000     
   664035299999991.12        0.0000000000000000        0.0000000000000000       -320000.00000000000        0.0000000000000000        0.0000000000000000       -9.1008509029879157E-009   0.0000000000000000        0.0000000000000000        1562.5000000000000        1.0000000000000000E-010   15625000000000.000        12.496653793046793        187449806895.70187        6.1788551850407953E-005   0.0000000000000000        0.0000000000000000        0.0000000000000000        1.7902360867754855E-023   0.0000000000000000        0.0000000000000000        0.0000000000000000     
   679660299999991.12        0.0000000000000000        0.0000000000000000       -320000.00000000000        0.0000000000000000        0.0000000000000000       -9.2155863060876987E-009   0.0000000000000000        0.0000000000000000        1562.5000000000000        1.0000000000000000E-010   15625000000000.000        12.496674188916016        187450112833.74023        6.1788954060898520E-005   0.0000000000000000        0.0000000000000000        0.0000000000000000        1.8121358357927525E-023   0.0000000000000000        0.0000000000000000        0.0000000000000000     
   695285299999991.12        0.0000000000000000        0.0000000000000000       -320000.00000000000        0.0000000000000000        0.0000000000000000       -1.0038887917894129E-008   0.0000000000000000        0.0000000000000000        1562.5000000000000        1.0000000000000000E-010   15625000000000.000        12.496682307219826        187450234608.29736        6.1789112561542675E-005   0.0000000000000000        0.0000000000000000        0.0000000000000000        1.9730722743427814E-023   0.0000000000000000        0.0000000000000000        0.0000000000000000     
   710910299999991.12        0.0000000000000000        0.0000000000000000       -320000.00000000000        0.0000000000000000        0.0000000000000000       -9.9857765423287981E-009   0.0000000000000000        0.0000000000000000        1562.5000000000000        1.0000000000000000E-010   15625000000000.000        12.496705892395932        187450588385.93893        6.1789577161529101E-005   0.0000000000000000        0.0000000000000000        0.0000000000000000        1.9620517470605135E-023   0.0000000000000000        0.0000000000000000        0.0000000000000000     
   726535299999991.12        0.0000000000000000        0.0000000000000000       -320000.00000000000        0.0000000000000000        0.0000000000000000       -1.0673258145270265E-008   0.0000000000000000        0.0000000000000000        1562.5000000000000        1.0000000000000000E-010   15625000000000.000        12.496713214078209        187450698211.17310        6.1789719865130925E-005   0.0000000000000000        0.0000000000000000        0.0000000000000000        2.0958251150366159E-023   0.0000000000000000        0.0000000000000000        0.0000000000000000     
   742160299999991.12        0.0000000000000000        0.0000000000000000       -320000.00000000000        0.0000000000000000        0.0000000000000000       -1.0462044119982790E-008   0.0000000000000000        0.0000000000000000        1562.5000000000000        1.0000000000000000E-010   15625000000000.000        12.496739584499965        187451093767.49945        6.1790238719067493E-005   0.0000000000000000        0.0000000000000000        0.0000000000000000        2.0539504645736342E-023   0.0000000000000000        0.0000000000000000        0.0000000000000000     
   757785299999991.12        0.0000000000000000        0.0000000000000000       -320000.00000000000        0.0000000000000000        0.0000000000000000       -1.0932326989644728E-008   0.0000000000000000        0.0000000000000000        1562.5000000000000        1.0000000000000000E-010   15625000000000.000        12.496745630740197        187451184461.10294        6.1790356330340142E-005   0.0000000000000000        0.0000000000000000        0.0000000000000000        2.1447327338551482E-023   0.0000000000000000        0.0000000000000000        0.0000000000000000     
   773410299999991.12        0.0000000000000000        0.0000000000000000       -320000.00000000000        0.0000000000000000        0.0000000000000000       -1.0591723081411941E-008   0.0000000000000000        0.0000000000000000        1562.5000000000000        1.0000000000000000E-010   15625000000000.000        12.496774049863111        187451610747.94666        6.1790914823679080E-005   0.0000000000000000        0.0000000000000000        0.0000000000000000        2.0777044775229711E-023   0.0000000000000000        0.0000000000000000        0.0000000000000000     
   789035299999991.12        0.0000000000000000        0.0000000000000000       -320000.00000000000        0.0000000000000000        0.0000000000000000       -1.0758043538698513E-008   0.0000000000000000        0.0000000000000000        1562.5000000000000        1.0000000000000000E-010   15625000000000.000        12.496778520027920        187451677800.41876        6.1791001566767012E-005   0.0000000000000000        0.0000000000000000        0.0000000000000000        2.1081285816444065E-023   0.0000000000000000        0.0000000000000000        0.0000000000000000     
   804660299999991.12        0.0000000000000000        0.0000000000000000       -320000.00012138061        0.0000000000000000        0.0000000000000000       -1.0343471885131818E-008   0.0000000000000000        0.0000000000000000        1562.5000000000000        1.0000000000000000E-010   15625000000000.000        12.496807873101627        187452118096.52438        6.1791577746589507E-005   0.0000000000000000        0.0000000000000000        0.0000000000000000        2.0247474663978702E-023   0.0000000000000000        0.0000000000000000        0.0000000000000000     
   820285299999991.12        0.0000000000000000        0.0000000000000000       -320000.00127665792        0.0000000000000000        0.0000000000000000       -1.0088702520283793E-008   0.0000000000000000        0.0000000000000000        1562.5000000000000        1.0000000000000000E-010   15625000000000.000        12.496810708693626        187452160630.40439        6.1791632583417037E-005   0.0000000000000000        0.0000000000000000        0.0000000000000000        1.9786770993561751E-023   0.0000000000000000        0.0000000000000000        0.0000000000000000     
   835910299999991.12        0.0000000000000000        0.0000000000000000       -320000.00138536352        0.0000000000000000        0.0000000000000000       -9.6467241359268347E-009   0.0000000000000000        0.0000000000000000        1562.5000000000000        1.0000000000000000E-010   15625000000000.000        12.496839516878037        187452592753.17053        6.1792197460177828E-005   0.0000000000000000        0.0000000000000000        0.0000000000000000        1.8893097907327071E-023   0.0000000000000000        0.0000000000000000        0.0000000000000000     
   851535299999991.12        0.0000000000000000        0.0000000000000000       -320000.00169079710        0.0000000000000000        0.0000000000000000       -8.9635228413235365E-009   0.0000000000000000        0.0000000000000000        1562.5000000000000        1.0000000000000000E-010   15625000000000.000        12.496840923129680        187452613846.94519        6.1792224470006392E-005   0.0000000000000000        0.0000000000000000        0.0000000000000000        1.7552146039516375E-023   0.0000000000000000        0.0000000000000000        0.0000000000000000     
   867160299999991.12        0.0000000000000000        0.0000000000000000       -320000.00168466748        0.0000000000000000        0.0000000000000000       -8.5287669712768795E-009   0.0000000000000000        0.0000000000000000        1562.5000000000000        1.0000000000000000E-010   15625000000000.000        12.496867432778084        187453011491.67120        6.1792743792411201E-005   0.0000000000000000        0.0000000000000000        0.0000000000000000        1.6693158464725349E-023   0.0000000000000000        0.0000000000000000        0.0000000000000000     
   882785299999991.12        0.0000000000000000        0.0000000000000000       -320000.00175205496        0.0000000000000000        0.0000000000000000       -7.3845841733637812E-009   0.0000000000000000        0.0000000000000000        1562.5000000000000        1.0000000000000000E-010   15625000000000.000        12.496867835103531        187453017526.55295        6.1792751315848125E-005   0.0000000000000000        0.0000000000000000        0.0000000000000000        1.4438855382340202E-023   0.0000000000000000        0.0000000000000000        0.0000000000000000     
   898410299999991.12        0.0000000000000000        0.0000000000000000       -320000.00201892521        0.0000000000000000        0.0000000000000000       -6.9337741698911950E-009   0.0000000000000000        0.0000000000000000        1562.5000000000000        1.0000000000000000E-010   15625000000000.000        12.496890191464937        187453352871.97403        6.1793188936184768E-005   0.0000000000000000        0.0000000000000000        0.0000000000000000        1.3677230526094874E-023   0.0000000000000000        0.0000000000000000        0.0000000000000000     
   914035299999991.12        0.0000000000000000        0.0000000000000000       -320000.00247239933        0.0000000000000000        0.0000000000000000       -1.0918524993486941E-008   0.0000000000000000        0.0000000000000000        1562.5000000000000        1.0000000000000000E-010   15625000000000.000        12.496890135243797        187453352028.65692        6.1793187603039097E-005   0.0000000000000000        0.0000000000000000        0.0000000000000000        1.0581415619727539E-023   0.0000000000000000        0.0000000000000000        0.0000000000000000     
   929660299999991.12        0.0000000000000000        0.0000000000000000       -320000.01385971898        0.0000000000000000        0.0000000000000000       -2.5907632936737660E-007   0.0000000000000000        0.0000000000000000        1562.5000000000000        1.0000000170867087E-010   15624999733020.182        12.496906825334682        187453599177.05518        6.1793509881948765E-005   0.0000000000000000        0.0000000000000000        0.0000000000000000        9.9306279616362834E-024   0.0000000000000000        0.0000000000000000        0.0000000000000000     
   945285299999991.12        0.0000000000000000        0.0000000000000000       -320004.95982183155        0.0000000000000000        0.0000000000000000       -5.3984407229427551E-005   0.0000000000000000        0.0000000000000000        1562.5000000000000        1.0000001708670262E-010   15624997330203.172        12.496908775141112        187453599597.47754        6.1793509889065550E-005   0.0000000000000000        0.0000000000000000        0.0000000000000000        6.1698755334482240E-024   0.0000000000000000        0.0000000000000000        0.0000000000000000     
   960910293592480.00        0.0000000000000000        0.0000000000000000       -320157.39205409185        0.0000000000000000        0.0000000000000000       -1.8505443735815389E-003   0.0000000000000000        0.0000000000000000        1562.5000000000000        9.9999990843213258E-011   15625001430748.062        12.496914668787580        187453737196.55264        6.1793690061541013E-005   0.0000000000000000        0.0000000000000000        0.0000000000000000        5.5640378666132703E-024   0.0000000000000000        0.0000000000000000        0.0000000000000000     
   976535299999991.25        0.0000000000000000        0.0000000000000000       -319950.64322185196        0.0000000000000000        0.0000000000000000        5.8068160411455460E-004   0.0000000000000000        0.0000000000000000        1562.5000000000000        9.9096751350103487E-011   15767418999234.105        12.384037953696746        187453742705.62018        6.1793699509926880E-005   0.0000000000000000        0.0000000000000000        0.0000000000000000        8.7758415124198245E-025   0.0000000000000000        0.0000000000000000        0.0000000000000000     
   992160334338160.00        0.0000000000000000        0.0000000000000000       -319187.28401056351        0.0000000000000000        0.0000000000000000        9.5610815947518024E-003   0.0000000000000000        0.0000000000000000        1562.5000000000000        6.8979751141032261E-011   22651574906459.094        8.6203416685807834        187453742424.12311        6.1793700185551801E-005   0.0000000000000000        0.0000000000000000        0.0000000000000000        5.3693441315315344E-025   0.0000000000000000        0.0000000000000000        0.0000000000000000     
