   15000.000000000000     
  -992182701058000.38        0.0000000000000000        0.0000000000000000        319856.56992370437        0.0000000000000000        0.0000000000000000       -9.5615422743021913E-003   0.0000000000000000        0.0000000000000000        1562.5000000000000        6.8979861010833140E-011   22651538827464.621        8.6207480842716713        187462281554.56418        6.1804596033389561E-005   0.0000000000000000        0.0000000000000000        0.0000000000000000       -6.7347992346701426E-024   0.0000000000000000        0.0000000000000000        0.0000000000000000     
  -976557700000001.62        0.0000000000000000        0.0000000000000000        319991.29079564079        0.0000000000000000        0.0000000000000000       -5.8068410703537529E-004   0.0000000000000000        0.0000000000000000        1562.5000000000000        9.9096865073377116E-011   15767400904590.008        12.384620401773756        187462343928.89407        6.1804671586654378E-005   0.0000000000000000        0.0000000000000000        0.0000000000000000       -1.5630812347462212E-023   0.0000000000000000        0.0000000000000000        0.0000000000000000     
  -960932700000000.00        0.0000000000000000        0.0000000000000000        320027.79174736259        0.0000000000000000        0.0000000000000000        1.8523749463735259E-003   0.0000000000000000        0.0000000000000000        1562.5000000000000        9.9999999717866649E-011   15625000044083.338        12.497470989576163        187462065372.53543        6.1804329704405535E-005   0.0000000000000000        0.0000000000000000        0.0000000000000000       -7.5860329424184634E-023   0.0000000000000000        0.0000000000000000        0.0000000000000000     
  -945307700000001.50        0.0000000000000000        0.0000000000000000        320001.23252038262        0.0000000000000000        0.0000000000000000        5.2537482356863797E-005   0.0000000000000000        0.0000000000000000        1562.5000000000000        1.0000000000000397E-010   15624999999999.381        12.497350981578068        187460264723.66354        6.1802100548988585E-005   0.0000000000000000        0.0000000000000000        0.0000000000000000       -8.1838621586360269E-023   0.0000000000000000        0.0000000000000000        0.0000000000000000     
  -929682700000001.50        0.0000000000000000        0.0000000000000000        320000.00215532829        0.0000000000000000        0.0000000000000000        1.0588490566909885E-007   0.0000000000000000        0.0000000000000000        1562.5000000000000        1.0000000000000040E-010   15624999999999.938        12.497337673388644        187460065100.82889        6.1801858786962401E-005   0.0000000000000000        0.0000000000000000        0.0000000000000000       -1.0719702885158946E-022   0.0000000000000000        0.0000000000000000        0.0000000000000000     
  -914057700000001.50        0.0000000000000000        0.0000000000000000        320000.00169164920        0.0000000000000000        0.0000000000000000        6.2861741808664761E-008   0.0000000000000000        0.0000000000000000        1562.5000000000000        1.0000000000000000E-010   15625000000000.000        12.497169638664094        187457544579.96140        6.1798691277990830E-005   0.0000000000000000        0.0000000000000000        0.0000000000000000       -1.1532210925868501E-022   0.0000000000000000        0.0000000000000000        0.0000000000000000     
  -898432700000001.50        0.0000000000000000        0.0000000000000000        320000.00118490553        0.0000000000000000        0.0000000000000000        5.9114148970264829E-008   0.0000000000000000        0.0000000000000000        1562.5000000000000        1.0000000000000000E-010   15625000000000.000        12.497143949816833        187457159247.25247        6.1798223528563735E-005   0.0000000000000000        0.0000000000000000        0.0000000000000000       -1.1262980707027614E-022   0.0000000000000000        0.0000000000000000        0.0000000000000000     
  -882807700000001.50        0.0000000000000000        0.0000000000000000        320000.00082486094        0.0000000000000000        0.0000000000000000        6.1595498574923914E-008   0.0000000000000000        0.0000000000000000        1562.5000000000000        1.0000000000000000E-010   15625000000000.000        12.496987030709779        187454805460.64664        6.1795207342003241E-005   0.0000000000000000        0.0000000000000000        0.0000000000000000       -1.1777589620138160E-022   0.0000000000000000        0.0000000000000000        0.0000000000000000     
  -867182700000001.50        0.0000000000000000        0.0000000000000000        320000.00075191603        0.0000000000000000        0.0000000000000000        5.1803391826391078E-008   0.0000000000000000        0.0000000000000000        1562.5000000000000        1.0000000000000000E-010   15625000000000.000        12.496947077902908        187454206168.54361        6.1794461969186942E-005   0.0000000000000000        0.0000000000000000        0.0000000000000000       -1.0024590823718914E-022   0.0000000000000000        0.0000000000000000        0.0000000000000000     
  -851557700000001.50        0.0000000000000000        0.0000000000000000        320000.00066811859        0.0000000000000000        0.0000000000000000        5.0820089146682330E-008   0.0000000000000000        0.0000000000000000        1562.5000000000000        1.0000000000000000E-010   15625000000000.000        12.496828704761286        187452430571.41925        6.1792140910683235E-005   0.0000000000000000        0.0000000000000000        0.0000000000000000       -9.9051927391211163E-023   0.0000000000000000        0.0000000000000000        0.0000000000000000     
  -835932700000001.50        0.0000000000000000        0.0000000000000000        320000.00051699043        0.0000000000000000        0.0000000000000000        4.0152184965475980E-008   0.0000000000000000        0.0000000000000000        1562.5000000000000        1.0000000000000000E-010   15625000000000.000        12.496784598725585        187451768980.88373        6.1791295626174844E-005   0.0000000000000000        0.0000000000000000        0.0000000000000000       -7.9014360744885570E-023   0.0000000000000000        0.0000000000000000        0.0000000000000000     
  -820307700000001.50        0.0000000000000000        0.0000000000000000        320000.00036082813        0.0000000000000000        0.0000000000000000        3.6665851564724543E-008   0.0000000000000000        0.0000000000000000        1562.5000000000000        1.0000000000000000E-010   15625000000000.000        12.496706043922844        187450590658.84262        6.1789726299352516E-005   0.0000000000000000        0.0000000000000000        0.0000000000000000       -7.2852494061937174E-023   0.0000000000000000        0.0000000000000000        0.0000000000000000     
  -804682700000001.50        0.0000000000000000        0.0000000000000000        320000.00000000000        0.0000000000000000        0.0000000000000000        2.8107388348352318E-008   0.0000000000000000        0.0000000000000000        1562.5000000000000        1.0000000000000000E-010   15625000000000.000        12.496667974057866        187450019610.86795        6.1788977697214799E-005   0.0000000000000000        0.0000000000000000        0.0000000000000000       -5.6292324994520335E-023   0.0000000000000000        0.0000000000000000        0.0000000000000000     
  -789057700000001.50        0.0000000000000000        0.0000000000000000        320000.00000000000        0.0000000000000000        0.0000000000000000        2.3969039782111333E-008   0.0000000000000000        0.0000000000000000        1562.5000000000000        1.0000000000000000E-010   15625000000000.000        12.496619895263901        187449298428.95850        6.1788000515010464E-005   0.0000000000000000        0.0000000000000000        0.0000000000000000       -4.8521863719805614E-023   0.0000000000000000        0.0000000000000000        0.0000000000000000     
  -773432700000001.50        0.0000000000000000        0.0000000000000000        320000.00000000000        0.0000000000000000        0.0000000000000000        1.8023538130625813E-008   0.0000000000000000        0.0000000000000000        1562.5000000000000        1.0000000000000000E-010   15625000000000.000        12.496592253555567        187448883803.33350        6.1787443847722420E-005   0.0000000000000000        0.0000000000000000        0.0000000000000000       -3.6766287356509822E-023   0.0000000000000000        0.0000000000000000        0.0000000000000000     
  -757807700000001.50        0.0000000000000000        0.0000000000000000        320000.00000000000        0.0000000000000000        0.0000000000000000        1.4503017869982226E-008   0.0000000000000000        0.0000000000000000        1562.5000000000000        1.0000000000000000E-010   15625000000000.000        12.496564432486483        187448466487.29721        6.1786869095381376E-005   0.0000000000000000        0.0000000000000000        0.0000000000000000       -2.9899084882666481E-023   0.0000000000000000        0.0000000000000000        0.0000000000000000     
  -742182700000001.50        0.0000000000000000        0.0000000000000000        320000.00000000000        0.0000000000000000        0.0000000000000000        1.0726398272868902E-008   0.0000000000000000        0.0000000000000000        1562.5000000000000        1.0000000000000000E-010   15625000000000.000        12.496546723747967        187448200856.21948        6.1786504535746984E-005   0.0000000000000000        0.0000000000000000        0.0000000000000000       -2.2281607648751785E-023   0.0000000000000000        0.0000000000000000        0.0000000000000000     
  -726557700000001.50        0.0000000000000000        0.0000000000000000        320000.00000000000        0.0000000000000000        0.0000000000000000        8.2351947203157790E-009   0.0000000000000000        0.0000000000000000        1562.5000000000000        1.0000000000000000E-010   15625000000000.000        12.496531333907203        187447970008.60803        6.1786181477933830E-005   0.0000000000000000        0.0000000000000000        0.0000000000000000       -1.7280366807909580E-023   0.0000000000000000        0.0000000000000000        0.0000000000000000     
  -710932700000001.50        0.0000000000000000        0.0000000000000000        320000.00000000000        0.0000000000000000        0.0000000000000000        5.9876870964464204E-009   0.0000000000000000        0.0000000000000000        1562.5000000000000        1.0000000000000000E-010   15625000000000.000        12.496521002198294        187447815032.97437        6.1785964419329599E-005   0.0000000000000000        0.0000000000000000        0.0000000000000000       -1.2661417275991865E-023   0.0000000000000000        0.0000000000000000        0.0000000000000000     
  -695307700000001.50        0.0000000000000000        0.0000000000000000        320000.00000000000        0.0000000000000000        0.0000000000000000        4.4287864288602646E-009   0.0000000000000000        0.0000000000000000        1562.5000000000000        1.0000000000000000E-010   15625000000000.000        12.496512830341205        187447692455.11804        6.1785790122002255E-005   0.0000000000000000        0.0000000000000000        0.0000000000000000       -9.4543839425422876E-024   0.0000000000000000        0.0000000000000000        0.0000000000000000     
  -679682700000001.50        0.0000000000000000        0.0000000000000000        320000.00000000000        0.0000000000000000        0.0000000000000000        3.1633529561394548E-009   0.0000000000000000        0.0000000000000000        1562.5000000000000        1.0000000000000000E-010   15625000000000.000        12.496507222724519        187447608340.86774        6.1785670063584241E-005   0.0000000000000000        0.0000000000000000        0.0000000000000000       -6.8058532968027821E-024   0.0000000000000000        0.0000000000000000        0.0000000000000000     
  -664057700000001.50        0.0000000000000000        0.0000000000000000        320000.00000000000        0.0000000000000000        0.0000000000000000        2.2708985271202447E-009   0.0000000000000000        0.0000000000000000        1562.5000000000000        1.0000000000000000E-010   15625000000000.000        12.496503050335694        187447545755.03537        6.1785579641408960E-005   0.0000000000000000        0.0000000000000000        0.0000000000000000       -4.9295838939006931E-024   0.0000000000000000        0.0000000000000000        0.0000000000000000     
  -648432700000001.50        0.0000000000000000        0.0000000000000000        320000.00000000000        0.0000000000000000        0.0000000000000000        1.5932246157889909E-009   0.0000000000000000        0.0000000000000000        1562.5000000000000        1.0000000000000000E-010   15625000000000.000        12.496500177368295        187447502660.52441        6.1785517030276251E-005   0.0000000000000000        0.0000000000000000        0.0000000000000000       -3.4856262985530697E-024   0.0000000000000000        0.0000000000000000        0.0000000000000000     
  -632807700000001.50        0.0000000000000000        0.0000000000000000        320000.00000000000        0.0000000000000000        0.0000000000000000        1.1160476962044944E-009   0.0000000000000000        0.0000000000000000        1562.5000000000000        1.0000000000000000E-010   15625000000000.000        12.496498125824898        187447471887.37344        6.1785471861121945E-005   0.0000000000000000        0.0000000000000000        0.0000000000000000       -2.4623639085123606E-024   0.0000000000000000        0.0000000000000000        0.0000000000000000     
  -617182700000001.50        0.0000000000000000        0.0000000000000000        320000.00000000000        0.0000000000000000        0.0000000000000000        7.6944621813872842E-010   0.0000000000000000        0.0000000000000000        1562.5000000000000        1.0000000000000000E-010   15625000000000.000        12.496496722345139        187447450835.17706        6.1785440756592430E-005   0.0000000000000000        0.0000000000000000        0.0000000000000000       -1.7108218608423668E-024   0.0000000000000000        0.0000000000000000        0.0000000000000000     
  -601557700000001.50        0.0000000000000000        0.0000000000000000        320000.00000000000        0.0000000000000000        0.0000000000000000        5.2794033559172487E-010   0.0000000000000000        0.0000000000000000        1562.5000000000000        1.0000000000000000E-010   15625000000000.000        12.496495749086481        187447436236.29718        6.1785418991781475E-005   0.0000000000000000        0.0000000000000000        0.0000000000000000       -1.1833135230140608E-024   0.0000000000000000        0.0000000000000000        0.0000000000000000     
  -585932700000001.50        0.0000000000000000        0.0000000000000000        320000.00000000000        0.0000000000000000        0.0000000000000000        3.5796277826705470E-010   0.0000000000000000        0.0000000000000000        1562.5000000000000        9.9999999999999810E-011   15625000000000.031        12.496495090732818        187447426360.99261        6.1785404165483137E-005   0.0000000000000000        0.0000000000000000        0.0000000000000000       -8.0842981184526044E-025   0.0000000000000000        0.0000000000000000        0.0000000000000000     
  -570307700000001.50        0.0000000000000000        0.0000000000000000        320000.00000000000        0.0000000000000000        0.0000000000000000        2.4117777142847069E-010   0.0000000000000000        0.0000000000000000        1562.5000000000000        9.9999999999997974E-011   15625000000000.318        12.496494644330047        187447419664.95450        6.1785394029643744E-005   0.0000000000000000        0.0000000000000000        0.0000000000000000       -5.4887468781532572E-025   0.0000000000000000        0.0000000000000000        0.0000000000000000     
  -554682700000000.81        0.0000000000000000        0.0000000000000000        320000.00000000000        0.0000000000000000        0.0000000000000000        1.6089316740113894E-010   0.0000000000000000        0.0000000000000000        1562.5000000000000        9.9999999999997974E-011   15625000000000.318        12.496494346408211        187447415196.12695        6.1785387216790294E-005   0.0000000000000000        0.0000000000000000        0.0000000000000000       -3.6886433642766316E-025   0.0000000000000000        0.0000000000000000        0.0000000000000000     
  -539057700000000.81        0.0000000000000000        0.0000000000000000        320000.00000000000        0.0000000000000000        0.0000000000000000        1.0650972836673262E-010   0.0000000000000000        0.0000000000000000        1562.5000000000000        9.9999999999999810E-011   15625000000000.031        12.496494148248305        187447412223.72488        6.1785382650701969E-005   0.0000000000000000        0.0000000000000000        0.0000000000000000       -2.4596455446030738E-025   0.0000000000000000        0.0000000000000000        0.0000000000000000     
  -523432700000000.81        0.0000000000000000        0.0000000000000000        320000.00000000000        0.0000000000000000        0.0000000000000000        6.9736285031105821E-011   0.0000000000000000        0.0000000000000000        1562.5000000000000        1.0000000000000000E-010   15625000000000.000        12.496494018088992        187447410271.33487        6.1785379630774725E-005   0.0000000000000000        0.0000000000000000        0.0000000000000000       -1.6215679605648356E-025   0.0000000000000000        0.0000000000000000        0.0000000000000000     
  -507807700000000.81        0.0000000000000000        0.0000000000000000        320000.00000000000        0.0000000000000000        0.0000000000000000        4.5023584806187510E-011   0.0000000000000000        0.0000000000000000        1562.5000000000000        1.0000000000000000E-010   15625000000000.000        12.496493933436309        187447409001.54462        6.1785377653091517E-005   0.0000000000000000        0.0000000000000000        0.0000000000000000       -1.0537477032439294E-025   0.0000000000000000        0.0000000000000000        0.0000000000000000     
  -492182700000000.81        0.0000000000000000        0.0000000000000000        320000.00000000000        0.0000000000000000        0.0000000000000000        2.8293923550880610E-011   0.0000000000000000        0.0000000000000000        1562.5000000000000        1.0000000000000000E-010   15625000000000.000        12.496493879441191        187447408191.61783        6.1785376384096300E-005   0.0000000000000000        0.0000000000000000        0.0000000000000000       -6.6608664583677862E-026   0.0000000000000000        0.0000000000000000        0.0000000000000000     
  -476557700000000.81        0.0000000000000000        0.0000000000000000        320000.00000000000        0.0000000000000000        0.0000000000000000        1.6756524957645851E-011   0.0000000000000000        0.0000000000000000        1562.5000000000000        1.0000000000000000E-010   15625000000000.000        12.496493846355397        187447407695.33093        6.1785375601947350E-005   0.0000000000000000        0.0000000000000000        0.0000000000000000       -3.9633337555143119E-026   0.0000000000000000        0.0000000000000000        0.0000000000000000     
  -460932700000000.81        0.0000000000000000        0.0000000000000000        320000.00000000000        0.0000000000000000        0.0000000000000000        8.3568532616894661E-012   0.0000000000000000        0.0000000000000000        1562.5000000000000        1.0000000000000000E-010   15625000000000.000        12.496493827884240        187447407418.26358        6.1785375163967172E-005   0.0000000000000000        0.0000000000000000        0.0000000000000000       -1.9817696637371154E-026   0.0000000000000000        0.0000000000000000        0.0000000000000000     
  -445307700000000.81        0.0000000000000000        0.0000000000000000        320000.00000000000        0.0000000000000000        0.0000000000000000        1.5228453609011429E-012   0.0000000000000000        0.0000000000000000        1562.5000000000000        1.0000000000000000E-010   15625000000000.000        12.496493820641112        187447407309.61667        6.1785374991881207E-005   0.0000000000000000        0.0000000000000000        0.0000000000000000       -3.6026091687392978E-027   0.0000000000000000        0.0000000000000000        0.0000000000000000     
  -429682700000000.81        0.0000000000000000        0.0000000000000000        320000.00000000000        0.0000000000000000        0.0000000000000000       -5.0078931349164756E-012   0.0000000000000000        0.0000000000000000        1562.5000000000000        1.0000000000000000E-010   15625000000000.000        12.496493823204551        187447407348.06824        6.1785375053121486E-005   0.0000000000000000        0.0000000000000000        0.0000000000000000        1.1942935825767312E-026   0.0000000000000000        0.0000000000000000        0.0000000000000000     
  -414057700000000.81        0.0000000000000000        0.0000000000000000        320000.00000000000        0.0000000000000000        0.0000000000000000       -1.2495588496198994E-011   0.0000000000000000        0.0000000000000000        1562.5000000000000        1.0000000000000000E-010   15625000000000.000        12.496493836045996        187447407540.68991        6.1785375359425771E-005   0.0000000000000000        0.0000000000000000        0.0000000000000000        2.9706704399630928E-026   0.0000000000000000        0.0000000000000000        0.0000000000000000     
  -398432700000000.81        0.0000000000000000        0.0000000000000000        320000.00000000000        0.0000000000000000        0.0000000000000000       -2.2397033240135373E-011   0.0000000000000000        0.0000000000000000        1562.5000000000000        1.0000000000000000E-010   15625000000000.000        12.496493861629871        187447407924.44806        6.1785375967122471E-005   0.0000000000000000        0.0000000000000000        0.0000000000000000        5.3014462466962247E-026   0.0000000000000000        0.0000000000000000        0.0000000000000000     
  -382807700000000.81        0.0000000000000000        0.0000000000000000        320000.00000000000        0.0000000000000000        0.0000000000000000       -3.6477320183046711E-011   0.0000000000000000        0.0000000000000000        1562.5000000000000        1.0000000000000000E-010   15625000000000.000        12.496493904968826        187447408574.53238        6.1785376991885509E-005   0.0000000000000000        0.0000000000000000        0.0000000000000000        8.5822160467673171E-026   0.0000000000000000        0.0000000000000000        0.0000000000000000     
  -367182700000000.81        0.0000000000000000        0.0000000000000000        320000.00000000000        0.0000000000000000        0.0000000000000000       -5.7339288569074394E-011   0.0000000000000000        0.0000000000000000        1562.5000000000000        1.0000000000000000E-010   15625000000000.000        12.496493973858403        187447409607.87601        6.1785378608947530E-005   0.0000000000000000        0.0000000000000000        0.0000000000000000        1.3404118559458974E-025   0.0000000000000000        0.0000000000000000        0.0000000000000000     
  -351557700000000.81        0.0000000000000000        0.0000000000000000        320000.00000000000        0.0000000000000000        0.0000000000000000       -8.8085640396347280E-011   0.0000000000000000        0.0000000000000000        1562.5000000000000        1.0000000000000000E-010   15625000000000.000        12.496494081649450        187447411224.74173        6.1785381124485357E-005   0.0000000000000000        0.0000000000000000        0.0000000000000000        2.0447462469591382E-025   0.0000000000000000        0.0000000000000000        0.0000000000000000     
  -335932700000000.81        0.0000000000000000        0.0000000000000000        320000.00000000000        0.0000000000000000        0.0000000000000000       -1.3440783240130160E-010   0.0000000000000000        0.0000000000000000        1562.5000000000000        1.0000000000000000E-010   15625000000000.000        12.496494245030112        187447413675.45166        6.1785384906568592E-005   0.0000000000000000        0.0000000000000000        0.0000000000000000        3.0988750299194613E-025   0.0000000000000000        0.0000000000000000        0.0000000000000000     
  -320307700000000.81        0.0000000000000000        0.0000000000000000        320000.00000000000        0.0000000000000000        0.0000000000000000       -2.0173028218226530E-010   0.0000000000000000        0.0000000000000000        1562.5000000000000        1.0000000000000000E-010   15625000000000.000        12.496494496437739        187447417446.56607        6.1785390693659152E-005   0.0000000000000000        0.0000000000000000        0.0000000000000000        4.6155014116923176E-025   0.0000000000000000        0.0000000000000000        0.0000000000000000     
  -304682700000000.81        0.0000000000000000        0.0000000000000000        320000.00000000000        0.0000000000000000        0.0000000000000000       -3.0331031693578577E-010   0.0000000000000000        0.0000000000000000        1562.5000000000000        1.0000000000000000E-010   15625000000000.000        12.496494866230508        187447422993.45758        6.1785399125023198E-005   0.0000000000000000        0.0000000000000000        0.0000000000000000        6.8915698589062010E-025   0.0000000000000000        0.0000000000000000        0.0000000000000000     
  -289057700000000.81        0.0000000000000000        0.0000000000000000        320000.00000000000        0.0000000000000000        0.0000000000000000       -4.4584204145640271E-010   0.0000000000000000        0.0000000000000000        1562.5000000000000        1.0000000000000000E-010   15625000000000.000        12.496495434473372        187447431517.10056        6.1785412021242230E-005   0.0000000000000000        0.0000000000000000        0.0000000000000000        1.0047346459954192E-024   0.0000000000000000        0.0000000000000000        0.0000000000000000     
  -273432700000000.81        0.0000000000000000        0.0000000000000000        320000.00000000000        0.0000000000000000        0.0000000000000000       -6.6277942102722521E-010   0.0000000000000000        0.0000000000000000        1562.5000000000000        1.0000000000000000E-010   15625000000000.000        12.496496238724541        187447443580.86807        6.1785430064607521E-005   0.0000000000000000        0.0000000000000000        0.0000000000000000        1.4834623892065351E-024   0.0000000000000000        0.0000000000000000        0.0000000000000000     
  -257807700000000.81        0.0000000000000000        0.0000000000000000        320000.00000000000        0.0000000000000000        0.0000000000000000       -9.5038710956108536E-010   0.0000000000000000        0.0000000000000000        1562.5000000000000        1.0000000000000000E-010   15625000000000.000        12.496497490448288        187447462356.72430        6.1785458073308172E-005   0.0000000000000000        0.0000000000000000        0.0000000000000000        2.1086321145477127E-024   0.0000000000000000        0.0000000000000000        0.0000000000000000     
  -242182700000000.81        0.0000000000000000        0.0000000000000000        320000.00000000000        0.0000000000000000        0.0000000000000000       -1.4010843964800537E-009   0.0000000000000000        0.0000000000000000        1562.5000000000000        1.0000000000000000E-010   15625000000000.000        12.496499160524250        187447487407.86374        6.1785494902759730E-005   0.0000000000000000        0.0000000000000000        0.0000000000000000        3.0883931752412567E-024   0.0000000000000000        0.0000000000000000        0.0000000000000000     
  -226557700000000.81        0.0000000000000000        0.0000000000000000        320000.00000000000        0.0000000000000000        0.0000000000000000       -1.9462884590632085E-009   0.0000000000000000        0.0000000000000000        1562.5000000000000        1.0000000000000000E-010   15625000000000.000        12.496501855729296        187447527835.93942        6.1785554376763102E-005   0.0000000000000000        0.0000000000000000        0.0000000000000000        4.2500354168048188E-024   0.0000000000000000        0.0000000000000000        0.0000000000000000     
  -210932700000000.81        0.0000000000000000        0.0000000000000000        320000.00000000000        0.0000000000000000        0.0000000000000000       -2.8590039303957977E-009   0.0000000000000000        0.0000000000000000        1562.5000000000000        1.0000000000000000E-010   15625000000000.000        12.496505126193279        187447576892.89914        6.1785625177498941E-005   0.0000000000000000        0.0000000000000000        0.0000000000000000        6.2051144885672232E-024   0.0000000000000000        0.0000000000000000        0.0000000000000000     
  -195307700000000.81        0.0000000000000000        0.0000000000000000        320000.00000000000        0.0000000000000000        0.0000000000000000       -3.8092731321144963E-009   0.0000000000000000        0.0000000000000000        1562.5000000000000        1.0000000000000000E-010   15625000000000.000        12.496510819043989        187447662285.65982        6.1785749089197361E-005   0.0000000000000000        0.0000000000000000        0.0000000000000000        8.1854287837457401E-024   0.0000000000000000        0.0000000000000000        0.0000000000000000     
  -179682700000000.81        0.0000000000000000        0.0000000000000000        320000.00000000000        0.0000000000000000        0.0000000000000000       -5.6148730944948535E-009   0.0000000000000000        0.0000000000000000        1562.5000000000000        1.0000000000000000E-010   15625000000000.000        12.496516739249115        187447751088.73669        6.1785874696350349E-005   0.0000000000000000        0.0000000000000000        0.0000000000000000        1.1996515127353037E-023   0.0000000000000000        0.0000000000000000        0.0000000000000000     
  -164057700000000.81        0.0000000000000000        0.0000000000000000        320000.00000000000        0.0000000000000000        0.0000000000000000       -7.0845044762719621E-009   0.0000000000000000        0.0000000000000000        1562.5000000000000        1.0000000000000000E-010   15625000000000.000        12.496528571890158        187447928578.35236        6.1786128724042921E-005   0.0000000000000000        0.0000000000000000        0.0000000000000000        1.4982578551837703E-023   0.0000000000000000        0.0000000000000000        0.0000000000000000     
  -148432700000000.81        0.0000000000000000        0.0000000000000000        320000.00000000000        0.0000000000000000        0.0000000000000000       -1.0567786635689004E-008   0.0000000000000000        0.0000000000000000        1562.5000000000000        1.0000000000000000E-010   15625000000000.000        12.496538153973075        187448072309.59613        6.1786327522216102E-005   0.0000000000000000        0.0000000000000000        0.0000000000000000        2.2222633380357694E-023   0.0000000000000000        0.0000000000000000        0.0000000000000000     
  -132807700000000.81        0.0000000000000000        0.0000000000000000        320000.00000000000        0.0000000000000000        0.0000000000000000       -1.2453855302337545E-008   0.0000000000000000        0.0000000000000000        1562.5000000000000        1.0000000000000000E-010   15625000000000.000        12.496562338849419        187448435082.74124        6.1786839297496771E-005   0.0000000000000000        0.0000000000000000        0.0000000000000000        2.5938053072425743E-023   0.0000000000000000        0.0000000000000000        0.0000000000000000     
  -117182700000000.81        0.0000000000000000        0.0000000000000000        320000.00000000000        0.0000000000000000        0.0000000000000000       -1.8933727622176433E-008   0.0000000000000000        0.0000000000000000        1562.5000000000000        1.0000000000000000E-010   15625000000000.000        12.496575358877562        187448630383.16342        6.1787102449329480E-005   0.0000000000000000        0.0000000000000000        0.0000000000000000        3.9182813205075793E-023   0.0000000000000000        0.0000000000000000        0.0000000000000000     
  -101557700000000.81        0.0000000000000000        0.0000000000000000        320000.00000000000        0.0000000000000000        0.0000000000000000       -2.0629722687025622E-008   0.0000000000000000        0.0000000000000000        1562.5000000000000        1.0000000000000000E-010   15625000000000.000        12.496623539176921        187449353087.65381        6.1788106222811307E-005   0.0000000000000000        0.0000000000000000        0.0000000000000000        4.2364506762566398E-023   0.0000000000000000        0.0000000000000000        0.0000000000000000     
  -85932700000000.812        0.0000000000000000        0.0000000000000000        319999.99989792518        0.0000000000000000        0.0000000000000000       -3.1958136406742400E-008   0.0000000000000000        0.0000000000000000        1562.5000000000000        9.9999999999999965E-011   15625000000000.004        12.496636155927481        187449542338.91226        6.1788351824022646E-005   0.0000000000000000        0.0000000000000000        0.0000000000000000        6.5115225411074414E-023   0.0000000000000000        0.0000000000000000        0.0000000000000000     
  -70307700000000.797        0.0000000000000000        0.0000000000000000        319999.99987444404        0.0000000000000000        0.0000000000000000       -3.2153996347432371E-008   0.0000000000000000        0.0000000000000000        1562.5000000000000        9.9999999999999965E-011   15625000000000.004        12.496727925341187        187450918880.11786        6.1790232240601075E-005   0.0000000000000000        0.0000000000000000        0.0000000000000000        6.5381334605288780E-023   0.0000000000000000        0.0000000000000000        0.0000000000000000     
  -54682700000000.797        0.0000000000000000        0.0000000000000000        320000.00000000000        0.0000000000000000        0.0000000000000000        6.6430244482569731E-009   0.0000000000000000        0.0000000000000000        1562.5000000000000        1.0000000008886279E-010   15624999986115.189        12.496730115206699        187450951561.52634        6.1790260480960955E-005   0.0000000000000000        0.0000000000000000        0.0000000000000000        1.0071370181971253E-022   0.0000000000000000        0.0000000000000000        0.0000000000000000     
  -39057700000000.797        0.0000000000000000        0.0000000000000000        319999.99925657286        0.0000000000000000        0.0000000000000000       -9.0651627974479450E-008   0.0000000000000000        0.0000000000000000        1562.5000000000000        1.0000000186597746E-010   15624999708441.025        12.496892921542017        187453390325.29224        6.1793537653905198E-005   0.0000000000000000        0.0000000000000000        0.0000000000000000        9.5841937516515168E-023   0.0000000000000000        0.0000000000000000        0.0000000000000000     
  -23432700333236.234        0.0000000000000000        0.0000000000000000        319955.49980902270        0.0000000000000000        0.0000000000000000       -2.9698815425354998E-003   0.0000000000000000        0.0000000000000000        1562.5000000000000        1.0000257154641820E-010   15624598206204.469        12.497199999005078        187453179539.55188        6.1793065329149340E-005   0.0000000000000000        0.0000000000000000        0.0000000000000000        1.4329418565238172E-022   0.0000000000000000        0.0000000000000000        0.0000000000000000     
  -7807703665060.4287        0.0000000000000000        0.0000000000000000        319511.46960328985        0.0000000000000000        0.0000000000000000       -3.2539790774485572E-002   0.0000000000000000        0.0000000000000000        1562.5000000000000        1.0002816300056455E-010   15620600770116.928        12.500742495961793        187458343545.07599        6.1798124483713424E-005   0.0000000000000000        0.0000000000000000        0.0000000000000000        1.3364874669460134E-022   0.0000000000000000        0.0000000000000000        0.0000000000000000     
   7807703665060.4287        0.0000000000000000        0.0000000000000000       -319511.46960328985        0.0000000000000000        0.0000000000000000        3.2539790774485572E-002   0.0000000000000000        0.0000000000000000        1562.5000000000000        1.0002816300056455E-010   15620600770116.928        12.500742495961793        187458343545.07599        6.1798124483713424E-005   0.0000000000000000        0.0000000000000000        0.0000000000000000       -1.3364874669460134E-022   0.0000000000000000        0.0000000000000000        0.0000000000000000     
   23432700333236.234        0.0000000000000000        0.0000000000000000       -319955.49980902270        0.0000000000000000        0.0000000000000000        2.9698815425354989E-003   0.0000000000000000        0.0000000000000000        1562.5000000000000        1.0000257154641820E-010   15624598206204.469        12.497199999005078        187453179539.55188        6.1793065329149340E-005   0.0000000000000000        0.0000000000000000        0.0000000000000000       -1.4329418565238172E-022   0.0000000000000000        0.0000000000000000        0.0000000000000000     
   39057700000000.797        0.0000000000000000        0.0000000000000000       -319999.99925657286        0.0000000000000000        0.0000000000000000        9.0651627973828929E-008   0.0000000000000000        0.0000000000000000        1562.5000000000000        1.0000000186597746E-010   15624999708441.025        12.496892921542017        187453390325.29224        6.1793537653905198E-005   0.0000000000000000        0.0000000000000000        0.0000000000000000       -9.5841937516515168E-023   0.0000000000000000        0.0000000000000000        0.0000000000000000     
   54682700000000.797        0.0000000000000000        0.0000000000000000       -320000.00000000000        0.0000000000000000        0.0000000000000000       -6.6430244455464677E-009   0.0000000000000000        0.0000000000000000        1562.5000000000000        1.0000000008886279E-010   15624999986115.191        12.496730115206699        187450951561.52634        6.1790260480960955E-005   0.0000000000000000        0.0000000000000000        0.0000000000000000       -1.0071370181971250E-022   0.0000000000000000        0.0000000000000000        0.0000000000000000     
   70307700000000.797        0.0000000000000000        0.0000000000000000       -319999.99987444404        0.0000000000000000        0.0000000000000000        3.2153996344830286E-008   0.0000000000000000        0.0000000000000000        1562.5000000000000        9.9999999999999965E-011   15625000000000.004        12.496727925341187        187450918880.11786        6.1790232240601075E-005   0.0000000000000000        0.0000000000000000        0.0000000000000000       -6.5381334605288780E-023   0.0000000000000000        0.0000000000000000        0.0000000000000000     
   85932700000000.812        0.0000000000000000        0.0000000000000000       -319999.99989792518        0.0000000000000000        0.0000000000000000        3.1958136406742400E-008   0.0000000000000000        0.0000000000000000        1562.5000000000000        9.9999999999999965E-011   15625000000000.004        12.496636155927481        187449542338.91226        6.1788351824022646E-005   0.0000000000000000        0.0000000000000000        0.0000000000000000       -6.5115225411074414E-023   0.0000000000000000        0.0000000000000000        0.0000000000000000     
   101557700000000.81        0.0000000000000000        0.0000000000000000       -320000.00000000000        0.0000000000000000        0.0000000000000000        2.0629722687025622E-008   0.0000000000000000        0.0000000000000000        1562.5000000000000        1.0000000000000000E-010   15625000000000.000        12.496623539176921        187449353087.65381        6.1788106222811307E-005   0.0000000000000000        0.0000000000000000        0.0000000000000000       -4.2364506762566398E-023   0.0000000000000000        0.0000000000000000        0.0000000000000000     
   117182700000000.81        0.0000000000000000        0.0000000000000000       -320000.00000000000        0.0000000000000000        0.0000000000000000        1.8933727622176433E-008   0.0000000000000000        0.0000000000000000        1562.5000000000000        1.0000000000000000E-010   15625000000000.000        12.496575358877562        187448630383.16342        6.1787102449329480E-005   0.0000000000000000        0.0000000000000000        0.0000000000000000       -3.9182813205075793E-023   0.0000000000000000        0.0000000000000000        0.0000000000000000     
   132807700000000.81        0.0000000000000000        0.0000000000000000       -320000.00000000000        0.0000000000000000        0.0000000000000000        1.2453855302337545E-008   0.0000000000000000        0.0000000000000000        1562.5000000000000        1.0000000000000000E-010   15625000000000.000        12.496562338849419        187448435082.74124        6.1786839297496771E-005   0.0000000000000000        0.0000000000000000        0.0000000000000000       -2.5938053072425743E-023   0.0000000000000000        0.0000000000000000        0.0000000000000000     
   148432700000000.81        0.0000000000000000        0.0000000000000000       -320000.00000000000        0.0000000000000000        0.0000000000000000        1.0567786636556366E-008   0.0000000000000000        0.0000000000000000        1562.5000000000000        1.0000000000000000E-010   15625000000000.000        12.496538153973075        187448072309.59613        6.1786327522216102E-005   0.0000000000000000        0.0000000000000000        0.0000000000000000       -2.2222633380357694E-023   0.0000000000000000        0.0000000000000000        0.0000000000000000     
   164057700000000.81        0.0000000000000000        0.0000000000000000       -320000.00000000000        0.0000000000000000        0.0000000000000000        7.0845044771393238E-009   0.0000000000000000        0.0000000000000000        1562.5000000000000        1.0000000000000000E-010   15625000000000.000        12.496528571890158        187447928578.35236        6.1786128724042921E-005   0.0000000000000000        0.0000000000000000        0.0000000000000000       -1.4982578551837703E-023   0.0000000000000000        0.0000000000000000        0.0000000000000000     
   179682700000000.81        0.0000000000000000        0.0000000000000000       -320000.00000000000        0.0000000000000000        0.0000000000000000        5.6148730938443322E-009   0.0000000000000000        0.0000000000000000        1562.5000000000000        1.0000000000000000E-010   15625000000000.000        12.496516739249115        187447751088.73669        6.1785874696350349E-005   0.0000000000000000        0.0000000000000000        0.0000000000000000       -1.1996515127353037E-023   0.0000000000000000        0.0000000000000000        0.0000000000000000     
   195307700000000.81        0.0000000000000000        0.0000000000000000       -320000.00000000000        0.0000000000000000        0.0000000000000000        3.8092731305966132E-009   0.0000000000000000        0.0000000000000000        1562.5000000000000        1.0000000000000000E-010   15625000000000.000        12.496510819043989        187447662285.65982        6.1785749089197361E-005   0.0000000000000000        0.0000000000000000        0.0000000000000000       -8.1854287837457401E-024   0.0000000000000000        0.0000000000000000        0.0000000000000000     
   210932700000000.81        0.0000000000000000        0.0000000000000000       -320000.00000000000        0.0000000000000000        0.0000000000000000        2.8590039301382120E-009   0.0000000000000000        0.0000000000000000        1562.5000000000000        1.0000000000000000E-010   15625000000000.000        12.496505126193279        187447576892.89914        6.1785625177498941E-005   0.0000000000000000        0.0000000000000000        0.0000000000000000       -6.2051144885672217E-024   0.0000000000000000        0.0000000000000000        0.0000000000000000     
   226557700000000.81        0.0000000000000000        0.0000000000000000       -320000.00000000000        0.0000000000000000        0.0000000000000000        1.9462884616652937E-009   0.0000000000000000        0.0000000000000000        1562.5000000000000        1.0000000000000000E-010   15625000000000.000        12.496501855729296        187447527835.93942        6.1785554376763102E-005   0.0000000000000000        0.0000000000000000        0.0000000000000000       -4.2500354168048188E-024   0.0000000000000000        0.0000000000000000        0.0000000000000000     
   242182700000000.81        0.0000000000000000        0.0000000000000000       -320000.00000000000        0.0000000000000000        0.0000000000000000        1.4010843970782337E-009   0.0000000000000000        0.0000000000000000        1562.5000000000000        1.0000000000000000E-010   15625000000000.000        12.496499160524250        187447487407.86374        6.1785494902759730E-005   0.0000000000000000        0.0000000000000000        0.0000000000000000       -3.0883931752412563E-024   0.0000000000000000        0.0000000000000000        0.0000000000000000     
   257807700000000.81        0.0000000000000000        0.0000000000000000       -320000.00000000000        0.0000000000000000        0.0000000000000000        9.5038711005332938E-010   0.0000000000000000        0.0000000000000000        1562.5000000000000        1.0000000000000000E-010   15625000000000.000        12.496497490448288        187447462356.72430        6.1785458073308172E-005   0.0000000000000000        0.0000000000000000        0.0000000000000000       -2.1086321145477138E-024   0.0000000000000000        0.0000000000000000        0.0000000000000000     
   273432700000000.81        0.0000000000000000        0.0000000000000000       -320000.00000000000        0.0000000000000000        0.0000000000000000        6.6277942102722521E-010   0.0000000000000000        0.0000000000000000        1562.5000000000000        1.0000000000000000E-010   15625000000000.000        12.496496238724541        187447443580.86807        6.1785430064607521E-005   0.0000000000000000        0.0000000000000000        0.0000000000000000       -1.4834623892065351E-024   0.0000000000000000        0.0000000000000000        0.0000000000000000     
   289057700000000.81        0.0000000000000000        0.0000000000000000       -320000.00000000000        0.0000000000000000        0.0000000000000000        4.4584204136182112E-010   0.0000000000000000        0.0000000000000000        1562.5000000000000        1.0000000000000000E-010   15625000000000.000        12.496495434473372        187447431517.10056        6.1785412021242230E-005   0.0000000000000000        0.0000000000000000        0.0000000000000000       -1.0047346459954197E-024   0.0000000000000000        0.0000000000000000        0.0000000000000000     
   304682700000000.81        0.0000000000000000        0.0000000000000000       -320000.00000000000        0.0000000000000000        0.0000000000000000        3.0331031628526446E-010   0.0000000000000000        0.0000000000000000        1562.5000000000000        1.0000000000000000E-010   15625000000000.000        12.496494866230508        187447422993.45758        6.1785399125023198E-005   0.0000000000000000        0.0000000000000000        0.0000000000000000       -6.8915698589062010E-025   0.0000000000000000        0.0000000000000000        0.0000000000000000     
   320307700000000.81        0.0000000000000000        0.0000000000000000       -320000.00000000000        0.0000000000000000        0.0000000000000000        2.0173028164016421E-010   0.0000000000000000        0.0000000000000000        1562.5000000000000        1.0000000000000000E-010   15625000000000.000        12.496494496437739        187447417446.56607        6.1785390693659152E-005   0.0000000000000000        0.0000000000000000        0.0000000000000000       -4.6155014116923167E-025   0.0000000000000000        0.0000000000000000        0.0000000000000000     
   335932700000000.81        0.0000000000000000        0.0000000000000000       -320000.00000000000        0.0000000000000000        0.0000000000000000        1.3440783240130160E-010   0.0000000000000000        0.0000000000000000        1562.5000000000000        1.0000000000000000E-010   15625000000000.000        12.496494245030112        187447413675.45166        6.1785384906568592E-005   0.0000000000000000        0.0000000000000000        0.0000000000000000       -3.0988750299194613E-025   0.0000000000000000        0.0000000000000000        0.0000000000000000     
   351557700000000.81        0.0000000000000000        0.0000000000000000       -320000.00000000000        0.0000000000000000        0.0000000000000000        8.8085640396347280E-011   0.0000000000000000        0.0000000000000000        1562.5000000000000        1.0000000000000000E-010   15625000000000.000        12.496494081649450        187447411224.74173        6.1785381124485357E-005   0.0000000000000000        0.0000000000000000        0.0000000000000000       -2.0447462469591382E-025   0.0000000000000000        0.0000000000000000        0.0000000000000000     
   367182700000000.81        0.0000000000000000        0.0000000000000000       -320000.00000000000        0.0000000000000000        0.0000000000000000        5.7339288569074394E-011   0.0000000000000000        0.0000000000000000        1562.5000000000000        1.0000000000000000E-010   15625000000000.000        12.496493973858403        187447409607.87601        6.1785378608947530E-005   0.0000000000000000        0.0000000000000000        0.0000000000000000       -1.3404118559458974E-025   0.0000000000000000        0.0000000000000000        0.0000000000000000     
   382807700000000.81        0.0000000000000000        0.0000000000000000       -320000.00000000000        0.0000000000000000        0.0000000000000000        3.6477320183046711E-011   0.0000000000000000        0.0000000000000000        1562.5000000000000        1.0000000000000000E-010   15625000000000.000        12.496493904968826        187447408574.53238        6.1785376991885509E-005   0.0000000000000000        0.0000000000000000        0.0000000000000000       -8.5822160467673171E-026   0.0000000000000000        0.0000000000000000        0.0000000000000000     
   398432700000000.81        0.0000000000000000        0.0000000000000000       -320000.00000000000        0.0000000000000000        0.0000000000000000        2.2397033240135373E-011   0.0000000000000000        0.0000000000000000        1562.5000000000000        1.0000000000000000E-010   15625000000000.000        12.496493861629871        187447407924.44806        6.1785375967122471E-005   0.0000000000000000        0.0000000000000000        0.0000000000000000       -5.3014462466962247E-026   0.0000000000000000        0.0000000000000000        0.0000000000000000     
   414057700000000.81        0.0000000000000000        0.0000000000000000       -320000.00000000000        0.0000000000000000        0.0000000000000000        1.2495589363560732E-011   0.0000000000000000        0.0000000000000000        1562.5000000000000        1.0000000000000000E-010   15625000000000.000        12.496493836045996        187447407540.68991        6.1785375359425771E-005   0.0000000000000000        0.0000000000000000        0.0000000000000000       -2.9706704399630928E-026   0.0000000000000000        0.0000000000000000        0.0000000000000000     
   429682700000000.81        0.0000000000000000        0.0000000000000000       -320000.00000000000        0.0000000000000000        0.0000000000000000        5.0078931349164756E-012   0.0000000000000000        0.0000000000000000        1562.5000000000000        1.0000000000000000E-010   15625000000000.000        12.496493823204551        187447407348.06824        6.1785375053121486E-005   0.0000000000000000        0.0000000000000000        0.0000000000000000       -1.1942935825767312E-026   0.0000000000000000        0.0000000000000000        0.0000000000000000     
   445307700000000.81        0.0000000000000000        0.0000000000000000       -320000.00000000000        0.0000000000000000        0.0000000000000000       -1.5228455777415774E-012   0.0000000000000000        0.0000000000000000        1562.5000000000000        1.0000000000000000E-010   15625000000000.000        12.496493820641112        187447407309.61667        6.1785374991881207E-005   0.0000000000000000        0.0000000000000000        0.0000000000000000        3.6026091687392978E-027   0.0000000000000000        0.0000000000000000        0.0000000000000000     
   460932700000000.81        0.0000000000000000        0.0000000000000000       -320000.00000000000        0.0000000000000000        0.0000000000000000       -8.3568534785299006E-012   0.0000000000000000        0.0000000000000000        1562.5000000000000        1.0000000000000000E-010   15625000000000.000        12.496493827884240        187447407418.26358        6.1785375163967172E-005   0.0000000000000000        0.0000000000000000        0.0000000000000000        1.9817696637371154E-026   0.0000000000000000        0.0000000000000000        0.0000000000000000     
   476557700000000.81        0.0000000000000000        0.0000000000000000       -320000.00000000000        0.0000000000000000        0.0000000000000000       -1.6756524090284113E-011   0.0000000000000000        0.0000000000000000        1562.5000000000000        1.0000000000000000E-010   15625000000000.000        12.496493846355397        187447407695.33093        6.1785375601947350E-005   0.0000000000000000        0.0000000000000000        0.0000000000000000        3.9633337555143119E-026   0.0000000000000000        0.0000000000000000        0.0000000000000000     
   492182700000000.81        0.0000000000000000        0.0000000000000000       -320000.00000000000        0.0000000000000000        0.0000000000000000       -2.8293923550880610E-011   0.0000000000000000        0.0000000000000000        1562.5000000000000        1.0000000000000000E-010   15625000000000.000        12.496493879441191        187447408191.61783        6.1785376384096300E-005   0.0000000000000000        0.0000000000000000        0.0000000000000000        6.6608664583677862E-026   0.0000000000000000        0.0000000000000000        0.0000000000000000     
   507807700000000.81        0.0000000000000000        0.0000000000000000       -320000.00000000000        0.0000000000000000        0.0000000000000000       -4.5023584806187510E-011   0.0000000000000000        0.0000000000000000        1562.5000000000000        1.0000000000000000E-010   15625000000000.000        12.496493933436309        187447409001.54462        6.1785377653091517E-005   0.0000000000000000        0.0000000000000000        0.0000000000000000        1.0537477032439294E-025   0.0000000000000000        0.0000000000000000        0.0000000000000000     
   523432700000000.81        0.0000000000000000        0.0000000000000000       -320000.00000000000        0.0000000000000000        0.0000000000000000       -6.9736285031105821E-011   0.0000000000000000        0.0000000000000000        1562.5000000000000        1.0000000000000000E-010   15625000000000.000        12.496494018088992        187447410271.33487        6.1785379630774725E-005   0.0000000000000000        0.0000000000000000        0.0000000000000000        1.6215679605648356E-025   0.0000000000000000        0.0000000000000000        0.0000000000000000     
   539057700000000.81        0.0000000000000000        0.0000000000000000       -320000.00000000000        0.0000000000000000        0.0000000000000000       -1.0650972836673262E-010   0.0000000000000000        0.0000000000000000        1562.5000000000000        9.9999999999999810E-011   15625000000000.031        12.496494148248305        187447412223.72488        6.1785382650701969E-005   0.0000000000000000        0.0000000000000000        0.0000000000000000        2.4596455446030738E-025   0.0000000000000000        0.0000000000000000        0.0000000000000000     
   554682700000000.81        0.0000000000000000        0.0000000000000000       -320000.00000000000        0.0000000000000000        0.0000000000000000       -1.6089316740113894E-010   0.0000000000000000        0.0000000000000000        1562.5000000000000        9.9999999999997974E-011   15625000000000.318        12.496494346408211        187447415196.12695        6.1785387216790294E-005   0.0000000000000000        0.0000000000000000        0.0000000000000000        3.6886433642766293E-025   0.0000000000000000        0.0000000000000000        0.0000000000000000     
   570307700000001.50        0.0000000000000000        0.0000000000000000       -320000.00000000000        0.0000000000000000        0.0000000000000000       -2.4117777110321004E-010   0.0000000000000000        0.0000000000000000        1562.5000000000000        9.9999999999997974E-011   15625000000000.318        12.496494644330047        187447419664.95450        6.1785394029643744E-005   0.0000000000000000        0.0000000000000000        0.0000000000000000        5.4887468781532609E-025   0.0000000000000000        0.0000000000000000        0.0000000000000000     
   585932700000001.50        0.0000000000000000        0.0000000000000000       -320000.00000000000        0.0000000000000000        0.0000000000000000       -3.5796277826705470E-010   0.0000000000000000        0.0000000000000000        1562.5000000000000        9.9999999999999810E-011   15625000000000.031        12.496495090732818        187447426360.99261        6.1785404165483137E-005   0.0000000000000000        0.0000000000000000        0.0000000000000000        8.0842981184526044E-025   0.0000000000000000        0.0000000000000000        0.0000000000000000     
   601557700000001.50        0.0000000000000000        0.0000000000000000       -320000.00000000000        0.0000000000000000        0.0000000000000000       -5.2794033472436314E-010   0.0000000000000000        0.0000000000000000        1562.5000000000000        1.0000000000000000E-010   15625000000000.000        12.496495749086481        187447436236.29718        6.1785418991781475E-005   0.0000000000000000        0.0000000000000000        0.0000000000000000        1.1833135230140608E-024   0.0000000000000000        0.0000000000000000        0.0000000000000000     
   617182700000001.50        0.0000000000000000        0.0000000000000000       -320000.00000000000        0.0000000000000000        0.0000000000000000       -7.6944621813872842E-010   0.0000000000000000        0.0000000000000000        1562.5000000000000        1.0000000000000000E-010   15625000000000.000        12.496496722345139        187447450835.17706        6.1785440756592430E-005   0.0000000000000000        0.0000000000000000        0.0000000000000000        1.7108218608423668E-024   0.0000000000000000        0.0000000000000000        0.0000000000000000     
   632807700000001.50        0.0000000000000000        0.0000000000000000       -320000.00000000000        0.0000000000000000        0.0000000000000000       -1.1160476962044944E-009   0.0000000000000000        0.0000000000000000        1562.5000000000000        1.0000000000000000E-010   15625000000000.000        12.496498125824898        187447471887.37344        6.1785471861121945E-005   0.0000000000000000        0.0000000000000000        0.0000000000000000        2.4623639085123606E-024   0.0000000000000000        0.0000000000000000        0.0000000000000000     
   648432700000001.50        0.0000000000000000        0.0000000000000000       -320000.00000000000        0.0000000000000000        0.0000000000000000       -1.5932246157889909E-009   0.0000000000000000        0.0000000000000000        1562.5000000000000        1.0000000000000000E-010   15625000000000.000        12.496500177368295        187447502660.52441        6.1785517030276251E-005   0.0000000000000000        0.0000000000000000        0.0000000000000000        3.4856262985530697E-024   0.0000000000000000        0.0000000000000000        0.0000000000000000     
   664057700000001.50        0.0000000000000000        0.0000000000000000       -320000.00000000000        0.0000000000000000        0.0000000000000000       -2.2708985279876064E-009   0.0000000000000000        0.0000000000000000        1562.5000000000000        1.0000000000000000E-010   15625000000000.000        12.496503050335694        187447545755.03537        6.1785579641408960E-005   0.0000000000000000        0.0000000000000000        0.0000000000000000        4.9295838939006931E-024   0.0000000000000000        0.0000000000000000        0.0000000000000000     
   679682700000001.50        0.0000000000000000        0.0000000000000000       -320000.00000000000        0.0000000000000000        0.0000000000000000       -3.1633529561394548E-009   0.0000000000000000        0.0000000000000000        1562.5000000000000        1.0000000000000000E-010   15625000000000.000        12.496507222724519        187447608340.86774        6.1785670063584241E-005   0.0000000000000000        0.0000000000000000        0.0000000000000000        6.8058532968027821E-024   0.0000000000000000        0.0000000000000000        0.0000000000000000     
   695307700000001.50        0.0000000000000000        0.0000000000000000       -320000.00000000000        0.0000000000000000        0.0000000000000000       -4.4287864283181635E-009   0.0000000000000000        0.0000000000000000        1562.5000000000000        1.0000000000000000E-010   15625000000000.000        12.496512830341205        187447692455.11804        6.1785790122002255E-005   0.0000000000000000        0.0000000000000000        0.0000000000000000        9.4543839425422876E-024   0.0000000000000000        0.0000000000000000        0.0000000000000000     
   710932700000001.50        0.0000000000000000        0.0000000000000000       -320000.00000000000        0.0000000000000000        0.0000000000000000       -5.9876870964464204E-009   0.0000000000000000        0.0000000000000000        1562.5000000000000        1.0000000000000000E-010   15625000000000.000        12.496521002198294        187447815032.97437        6.1785964419329599E-005   0.0000000000000000        0.0000000000000000        0.0000000000000000        1.2661417275991865E-023   0.0000000000000000        0.0000000000000000        0.0000000000000000     
   726557700000001.50        0.0000000000000000        0.0000000000000000       -320000.00000000000        0.0000000000000000        0.0000000000000000       -8.2351947203157790E-009   0.0000000000000000        0.0000000000000000        1562.5000000000000        1.0000000000000000E-010   15625000000000.000        12.496531333907203        187447970008.60803        6.1786181477933830E-005   0.0000000000000000        0.0000000000000000        0.0000000000000000        1.7280366807909580E-023   0.0000000000000000        0.0000000000000000        0.0000000000000000     
   742182700000001.50        0.0000000000000000        0.0000000000000000       -320000.00000000000        0.0000000000000000        0.0000000000000000       -1.0726398274239669E-008   0.0000000000000000        0.0000000000000000        1562.5000000000000        1.0000000000000000E-010   15625000000000.000        12.496546723747967        187448200856.21948        6.1786504535746984E-005   0.0000000000000000        0.0000000000000000        0.0000000000000000        2.2281607648751780E-023   0.0000000000000000        0.0000000000000000        0.0000000000000000     
   757807700000001.50        0.0000000000000000        0.0000000000000000       -320000.00000000000        0.0000000000000000        0.0000000000000000       -1.4503017869114864E-008   0.0000000000000000        0.0000000000000000        1562.5000000000000        1.0000000000000000E-010   15625000000000.000        12.496564432486483        187448466487.29721        6.1786869095381376E-005   0.0000000000000000        0.0000000000000000        0.0000000000000000        2.9899084882666481E-023   0.0000000000000000        0.0000000000000000        0.0000000000000000     
   773432700000001.50        0.0000000000000000        0.0000000000000000       -320000.00000000000        0.0000000000000000        0.0000000000000000       -1.8023538130300552E-008   0.0000000000000000        0.0000000000000000        1562.5000000000000        1.0000000000000000E-010   15625000000000.000        12.496592253555567        187448883803.33350        6.1787443847722420E-005   0.0000000000000000        0.0000000000000000        0.0000000000000000        3.6766287356509822E-023   0.0000000000000000        0.0000000000000000        0.0000000000000000     
   789057700000001.50        0.0000000000000000        0.0000000000000000       -320000.00000000000        0.0000000000000000        0.0000000000000000       -2.3969039781191902E-008   0.0000000000000000        0.0000000000000000        1562.5000000000000        1.0000000000000000E-010   15625000000000.000        12.496619895263901        187449298428.95850        6.1788000515010464E-005   0.0000000000000000        0.0000000000000000        0.0000000000000000        4.8521863719805620E-023   0.0000000000000000        0.0000000000000000        0.0000000000000000     
   804682700000001.50        0.0000000000000000        0.0000000000000000       -320000.00000000000        0.0000000000000000        0.0000000000000000       -2.8107388347514503E-008   0.0000000000000000        0.0000000000000000        1562.5000000000000        1.0000000000000000E-010   15625000000000.000        12.496667974057866        187450019610.86795        6.1788977697214799E-005   0.0000000000000000        0.0000000000000000        0.0000000000000000        5.6292324994520347E-023   0.0000000000000000        0.0000000000000000        0.0000000000000000     
   820307700000001.50        0.0000000000000000        0.0000000000000000       -320000.00036082813        0.0000000000000000        0.0000000000000000       -3.6665851566134006E-008   0.0000000000000000        0.0000000000000000        1562.5000000000000        1.0000000000000000E-010   15625000000000.000        12.496706043922844        187450590658.84262        6.1789726299352516E-005   0.0000000000000000        0.0000000000000000        0.0000000000000000        7.2852494061937186E-023   0.0000000000000000        0.0000000000000000        0.0000000000000000     
   835932700000001.50        0.0000000000000000        0.0000000000000000       -320000.00051699043        0.0000000000000000        0.0000000000000000       -4.0152184966343342E-008   0.0000000000000000        0.0000000000000000        1562.5000000000000        1.0000000000000000E-010   15625000000000.000        12.496784598725585        187451768980.88373        6.1791295626174844E-005   0.0000000000000000        0.0000000000000000        0.0000000000000000        7.9014360744885570E-023   0.0000000000000000        0.0000000000000000        0.0000000000000000     
   851557700000001.50        0.0000000000000000        0.0000000000000000       -320000.00066811859        0.0000000000000000        0.0000000000000000       -5.0820089145814968E-008   0.0000000000000000        0.0000000000000000        1562.5000000000000        1.0000000000000000E-010   15625000000000.000        12.496828704761286        187452430571.41925        6.1792140910683235E-005   0.0000000000000000        0.0000000000000000        0.0000000000000000        9.9051927391211163E-023   0.0000000000000000        0.0000000000000000        0.0000000000000000     
   867182700000001.50        0.0000000000000000        0.0000000000000000       -320000.00075191603        0.0000000000000000        0.0000000000000000       -5.1803391826391078E-008   0.0000000000000000        0.0000000000000000        1562.5000000000000        1.0000000000000000E-010   15625000000000.000        12.496947077902908        187454206168.54361        6.1794461969186942E-005   0.0000000000000000        0.0000000000000000        0.0000000000000000        1.0024590823718914E-022   0.0000000000000000        0.0000000000000000        0.0000000000000000     
   882807700000001.50        0.0000000000000000        0.0000000000000000       -320000.00082486094        0.0000000000000000        0.0000000000000000       -6.1595498574923914E-008   0.0000000000000000        0.0000000000000000        1562.5000000000000        1.0000000000000000E-010   15625000000000.000        12.496987030709779        187454805460.64664        6.1795207342003241E-005   0.0000000000000000        0.0000000000000000        0.0000000000000000        1.1777589620138160E-022   0.0000000000000000        0.0000000000000000        0.0000000000000000     
   898432700000001.50        0.0000000000000000        0.0000000000000000       -320000.00118490553        0.0000000000000000        0.0000000000000000       -5.9114148970264829E-008   0.0000000000000000        0.0000000000000000        1562.5000000000000        1.0000000000000000E-010   15625000000000.000        12.497143949816833        187457159247.25247        6.1798223528563735E-005   0.0000000000000000        0.0000000000000000        0.0000000000000000        1.1262980707027614E-022   0.0000000000000000        0.0000000000000000        0.0000000000000000     
   914057700000001.50        0.0000000000000000        0.0000000000000000       -320000.00169164920        0.0000000000000000        0.0000000000000000       -6.2861741808664761E-008   0.0000000000000000        0.0000000000000000        1562.5000000000000        1.0000000000000000E-010   15625000000000.000        12.497169638664094        187457544579.96140        6.1798691277990830E-005   0.0000000000000000        0.0000000000000000        0.0000000000000000        1.1532210925868501E-022   0.0000000000000000        0.0000000000000000        0.0000000000000000     
   929682700000001.50        0.0000000000000000        0.0000000000000000       -320000.00215532829        0.0000000000000000        0.0000000000000000       -1.0588490566996621E-007   0.0000000000000000        0.0000000000000000        1562.5000000000000        1.0000000000000040E-010   15624999999999.938        12.497337673388644        187460065100.82889        6.1801858786962401E-005   0.0000000000000000        0.0000000000000000        0.0000000000000000        1.0719702885158946E-022   0.0000000000000000        0.0000000000000000        0.0000000000000000     
   945307700000001.50        0.0000000000000000        0.0000000000000000       -320001.23252038262        0.0000000000000000        0.0000000000000000       -5.2537482356863797E-005   0.0000000000000000        0.0000000000000000        1562.5000000000000        1.0000000000000397E-010   15624999999999.381        12.497350981578068        187460264723.66354        6.1802100548988585E-005   0.0000000000000000        0.0000000000000000        0.0000000000000000        8.1838621586360269E-023   0.0000000000000000        0.0000000000000000        0.0000000000000000     
   960932700000000.00        0.0000000000000000        0.0000000000000000       -320027.79174736259        0.0000000000000000        0.0000000000000000       -1.8523749463735281E-003   0.0000000000000000        0.0000000000000000        1562.5000000000000        9.9999999717866649E-011   15625000044083.338        12.497470989576163        187462065372.53543        6.1804329704405535E-005   0.0000000000000000        0.0000000000000000        0.0000000000000000        7.5860329424184634E-023   0.0000000000000000        0.0000000000000000        0.0000000000000000     
   976557700000001.62        0.0000000000000000        0.0000000000000000       -319991.29079564079        0.0000000000000000        0.0000000000000000        5.8068410703537637E-004   0.0000000000000000        0.0000000000000000        1562.5000000000000        9.9096865073377116E-011   15767400904590.010        12.384620401773756        187462343928.89407        6.1804671586654378E-005   0.0000000000000000        0.0000000000000000        0.0000000000000000        1.5630812347462206E-023   0.0000000000000000        0.0000000000000000        0.0000000000000000     
   992182701058000.38        0.0000000000000000        0.0000000000000000       -319856.56992370437        0.0000000000000000        0.0000000000000000        9.5615422743021948E-003   0.0000000000000000        0.0000000000000000        1562.5000000000000        6.8979861010833114E-011   22651538827464.641        8.6207480842716695        187462281554.56418        6.1804596033389561E-005   0.0000000000000000        0.0000000000000000        0.0000000000000000        6.7347992346701220E-024   0.0000000000000000        0.0000000000000000        0.0000000000000000     
