   76000.000000000000     
  -992163207585325.12        0.0000000000000000        0.0000000000000000        319273.33372257854        0.0000000000000000        0.0000000000000000       -9.5611053120050506E-003   0.0000000000000000        0.0000000000000000        1562.5000000000000        6.8979773250359262E-011   22651567646199.289        8.6203614001236026        187454111414.00146        6.1794180702890448E-005   0.0000000000000000        0.0000000000000000        0.0000000000000000       -6.4003876361487590E-025   0.0000000000000000        0.0000000000000000        0.0000000000000000     
  -976538179999980.00        0.0000000000000000        0.0000000000000000        319955.86933845951        0.0000000000000000        0.0000000000000000       -5.8067913145946621E-004   0.0000000000000000        0.0000000000000000        1562.5000000000000        9.9096773923622173E-011   15767415407531.641        12.384065209831467        187454112573.47830        6.1794181272985078E-005   0.0000000000000000        0.0000000000000000        0.0000000000000000       -1.1223428766759782E-024   0.0000000000000000        0.0000000000000000        0.0000000000000000     
  -960913174717468.75        0.0000000000000000        0.0000000000000000        320140.73614290002        0.0000000000000000        0.0000000000000000        1.8507691988796189E-003   0.0000000000000000        0.0000000000000000        1562.5000000000000        9.9999992643945979E-011   15625001149383.527        12.496939250773066        187454102550.82101        6.1794166227327609E-005   0.0000000000000000        0.0000000000000000        0.0000000000000000       -6.6993740278727896E-024   0.0000000000000000        0.0000000000000000        0.0000000000000000     
  -945288179999979.88        0.0000000000000000        0.0000000000000000        320004.47483631334        0.0000000000000000        0.0000000000000000        5.3793228895282256E-005   0.0000000000000000        0.0000000000000000        1562.5000000000000        1.0000001408670061E-010   15624997798953.340        12.496931053593858        187453939397.83261        6.1793953091471775E-005   0.0000000000000000        0.0000000000000000        0.0000000000000000       -7.3857781795168642E-024   0.0000000000000000        0.0000000000000000        0.0000000000000000     
  -929663179999979.88        0.0000000000000000        0.0000000000000000        320000.01176424319        0.0000000000000000        0.0000000000000000        2.3347125210920486E-007   0.0000000000000000        0.0000000000000000        1562.5000000000000        1.0000000140867045E-010   15624999779895.248        12.496929298101398        187453936830.91272        6.1793950254662971E-005   0.0000000000000000        0.0000000000000000        0.0000000000000000       -1.1772387179530399E-023   0.0000000000000000        0.0000000000000000        0.0000000000000000     
  -914038179999979.88        0.0000000000000000        0.0000000000000000        320000.00247239933        0.0000000000000000        0.0000000000000000        1.1430497966117321E-008   0.0000000000000000        0.0000000000000000        1562.5000000000000        1.0000000000000000E-010   15625000000000.000        12.496909727701752        187453645915.52625        6.1793571333318190E-005   0.0000000000000000        0.0000000000000000        0.0000000000000000       -1.2545731618938265E-023   0.0000000000000000        0.0000000000000000        0.0000000000000000     
  -898413179999979.88        0.0000000000000000        0.0000000000000000        320000.00201892521        0.0000000000000000        0.0000000000000000        8.1744355735220387E-009   0.0000000000000000        0.0000000000000000        1562.5000000000000        1.0000000000000000E-010   15625000000000.000        12.496909603280313        187453644049.20468        6.1793569163541963E-005   0.0000000000000000        0.0000000000000000        0.0000000000000000       -1.6067499121995284E-023   0.0000000000000000        0.0000000000000000        0.0000000000000000     
  -882788179999979.88        0.0000000000000000        0.0000000000000000        320000.00175205496        0.0000000000000000        0.0000000000000000        8.6939790367911440E-009   0.0000000000000000        0.0000000000000000        1562.5000000000000        1.0000000000000000E-010   15625000000000.000        12.496883532273577        187453252984.10364        6.1793059353324755E-005   0.0000000000000000        0.0000000000000000        0.0000000000000000       -1.6982642519291412E-023   0.0000000000000000        0.0000000000000000        0.0000000000000000     
  -867163179999979.88        0.0000000000000000        0.0000000000000000        320000.00168466748        0.0000000000000000        0.0000000000000000        9.9343012403440650E-009   0.0000000000000000        0.0000000000000000        1562.5000000000000        1.0000000000000000E-010   15625000000000.000        12.496882763153605        187453241447.30408        6.1793044742426570E-005   0.0000000000000000        0.0000000000000000        0.0000000000000000       -1.9427229570524445E-023   0.0000000000000000        0.0000000000000000        0.0000000000000000     
  -851538179999979.88        0.0000000000000000        0.0000000000000000        320000.00169079710        0.0000000000000000        0.0000000000000000        1.0456257021361071E-008   0.0000000000000000        0.0000000000000000        1562.5000000000000        1.0000000000000000E-010   15625000000000.000        12.496852227996834        187452783419.95248        6.1792447053527383E-005   0.0000000000000000        0.0000000000000000        0.0000000000000000       -2.0455789960631872E-023   0.0000000000000000        0.0000000000000000        0.0000000000000000     
  -835913179999979.88        0.0000000000000000        0.0000000000000000        320000.00138536352        0.0000000000000000        0.0000000000000000        1.1118712813310385E-008   0.0000000000000000        0.0000000000000000        1562.5000000000000        1.0000000000000000E-010   15625000000000.000        12.496850144529033        187452752167.93546        6.1792406950426733E-005   0.0000000000000000        0.0000000000000000        0.0000000000000000       -2.1761020712707073E-023   0.0000000000000000        0.0000000000000000        0.0000000000000000     
  -820288179999979.88        0.0000000000000000        0.0000000000000000        320000.00127665792        0.0000000000000000        0.0000000000000000        1.1640424420516807E-008   0.0000000000000000        0.0000000000000000        1562.5000000000000        1.0000000000000000E-010   15625000000000.000        12.496817455940107        187452261839.10159        6.1791766352087887E-005   0.0000000000000000        0.0000000000000000        0.0000000000000000       -2.2810550885618508E-023   0.0000000000000000        0.0000000000000000        0.0000000000000000     
  -804663179999979.88        0.0000000000000000        0.0000000000000000        320000.00012138061        0.0000000000000000        0.0000000000000000        1.1782397058078238E-008   0.0000000000000000        0.0000000000000000        1562.5000000000000        1.0000000000000000E-010   15625000000000.000        12.496813580467107        187452203707.00656        6.1791691374054271E-005   0.0000000000000000        0.0000000000000000        0.0000000000000000       -2.3056593294070876E-023   0.0000000000000000        0.0000000000000000        0.0000000000000000     
  -789038179999979.88        0.0000000000000000        0.0000000000000000        320000.00000000000        0.0000000000000000        0.0000000000000000        1.2251574824705630E-008   0.0000000000000000        0.0000000000000000        1562.5000000000000        1.0000000000000000E-010   15625000000000.000        12.496780838556740        187451712578.35107        6.1791048860669896E-005   0.0000000000000000        0.0000000000000000        0.0000000000000000       -2.3998740688242701E-023   0.0000000000000000        0.0000000000000000        0.0000000000000000     
  -773413179999979.88        0.0000000000000000        0.0000000000000000        320000.00000000000        0.0000000000000000        0.0000000000000000        1.1914821054511770E-008   0.0000000000000000        0.0000000000000000        1562.5000000000000        1.0000000000000000E-010   15625000000000.000        12.496775005347979        187451625080.21967        6.1790935642121360E-005   0.0000000000000000        0.0000000000000000        0.0000000000000000       -2.3367078872254624E-023   0.0000000000000000        0.0000000000000000        0.0000000000000000     
  -757788179999979.88        0.0000000000000000        0.0000000000000000        320000.00000000000        0.0000000000000000        0.0000000000000000        1.2272785038792022E-008   0.0000000000000000        0.0000000000000000        1562.5000000000000        1.0000000000000000E-010   15625000000000.000        12.496743889734377        187451158346.01562        6.1790324143658911E-005   0.0000000000000000        0.0000000000000000        0.0000000000000000       -2.4074384827740950E-023   0.0000000000000000        0.0000000000000000        0.0000000000000000     
  -742163179999979.88        0.0000000000000000        0.0000000000000000        320000.00000000000        0.0000000000000000        0.0000000000000000        1.1610239017342971E-008   0.0000000000000000        0.0000000000000000        1562.5000000000000        1.0000000000000000E-010   15625000000000.000        12.496736271361629        187451044070.42441        6.1790175889587024E-005   0.0000000000000000        0.0000000000000000        0.0000000000000000       -2.2795344880652044E-023   0.0000000000000000        0.0000000000000000        0.0000000000000000     
  -726538179999979.88        0.0000000000000000        0.0000000000000000        320000.00000000000        0.0000000000000000        0.0000000000000000        1.1798250022936762E-008   0.0000000000000000        0.0000000000000000        1562.5000000000000        1.0000000000000000E-010   15625000000000.000        12.496707951990581        187450619279.85867        6.1789618491702854E-005   0.0000000000000000        0.0000000000000000        0.0000000000000000       -2.3172931971260993E-023   0.0000000000000000        0.0000000000000000        0.0000000000000000     
  -710913179999979.88        0.0000000000000000        0.0000000000000000        320000.00000000000        0.0000000000000000        0.0000000000000000        1.0926494625500748E-008   0.0000000000000000        0.0000000000000000        1562.5000000000000        1.0000000000000000E-010   15625000000000.000        12.496699001672139        187450485025.08206        6.1789443907351687E-005   0.0000000000000000        0.0000000000000000        0.0000000000000000       -2.1478114793168436E-023   0.0000000000000000        0.0000000000000000        0.0000000000000000     
  -695288179999979.88        0.0000000000000000        0.0000000000000000        320000.00000000000        0.0000000000000000        0.0000000000000000        1.0922296571304789E-008   0.0000000000000000        0.0000000000000000        1562.5000000000000        1.0000000000000000E-010   15625000000000.000        12.496674155150041        187450112327.25058        6.1788954116523051E-005   0.0000000000000000        0.0000000000000000        0.0000000000000000       -2.1480874800560342E-023   0.0000000000000000        0.0000000000000000        0.0000000000000000     
  -679663179999979.88        0.0000000000000000        0.0000000000000000        320000.00000000000        0.0000000000000000        0.0000000000000000        9.9434456862363829E-009   0.0000000000000000        0.0000000000000000        1562.5000000000000        1.0000000000000000E-010   15625000000000.000        12.496664498903337        187449967483.55002        6.1788765348337615E-005   0.0000000000000000        0.0000000000000000        0.0000000000000000       -1.9569176720630556E-023   0.0000000000000000        0.0000000000000000        0.0000000000000000     
  -664038179999979.88        0.0000000000000000        0.0000000000000000        320000.00000000000        0.0000000000000000        0.0000000000000000        9.7510925646316633E-009   0.0000000000000000        0.0000000000000000        1562.5000000000000        1.0000000000000000E-010   15625000000000.000        12.496643396242259        187449650943.63388        6.1788348753793367E-005   0.0000000000000000        0.0000000000000000        0.0000000000000000       -1.9202631651846849E-023   0.0000000000000000        0.0000000000000000        0.0000000000000000     
  -648413179999979.88        0.0000000000000000        0.0000000000000000        320000.00000000000        0.0000000000000000        0.0000000000000000        8.7409902462767621E-009   0.0000000000000000        0.0000000000000000        1562.5000000000000        1.0000000000000000E-010   15625000000000.000        12.496633713982947        187449505709.74417        6.1788159093378295E-005   0.0000000000000000        0.0000000000000000        0.0000000000000000       -1.7222507090096948E-023   0.0000000000000000        0.0000000000000000        0.0000000000000000     
  -632788179999979.88        0.0000000000000000        0.0000000000000000        320000.00000000000        0.0000000000000000        0.0000000000000000        8.3841853381059629E-009   0.0000000000000000        0.0000000000000000        1562.5000000000000        1.0000000000000000E-010   15625000000000.000        12.496616340783069        187449245111.74600        6.1787815679246812E-005   0.0000000000000000        0.0000000000000000        0.0000000000000000       -1.6530667162844491E-023   0.0000000000000000        0.0000000000000000        0.0000000000000000     
  -617163179999979.88        0.0000000000000000        0.0000000000000000        320000.00000000000        0.0000000000000000        0.0000000000000000        7.3905736040528371E-009   0.0000000000000000        0.0000000000000000        1562.5000000000000        1.0000000000000000E-010   15625000000000.000        12.496607268513818        187449109027.70728        6.1787637653644374E-005   0.0000000000000000        0.0000000000000000        0.0000000000000000       -1.4576082492007097E-023   0.0000000000000000        0.0000000000000000        0.0000000000000000     
  -601538179999979.88        0.0000000000000000        0.0000000000000000        320000.00000000000        0.0000000000000000        0.0000000000000000        6.9028116099179586E-009   0.0000000000000000        0.0000000000000000        1562.5000000000000        1.0000000000000000E-010   15625000000000.000        12.496593446049728        187448901690.74591        6.1787364150946508E-005   0.0000000000000000        0.0000000000000000        0.0000000000000000       -1.3622647880544520E-023   0.0000000000000000        0.0000000000000000        0.0000000000000000     
  -585913179999979.88        0.0000000000000000        0.0000000000000000        320000.00000000000        0.0000000000000000        0.0000000000000000        5.9477523090110262E-009   0.0000000000000000        0.0000000000000000        1562.5000000000000        9.9999999999999551E-011   15625000000000.068        12.496585516627443        187448782749.41245        6.1787208345446835E-005   0.0000000000000000        0.0000000000000000        0.0000000000000000       -1.1737457282551890E-023   0.0000000000000000        0.0000000000000000        0.0000000000000000     
  -570288179999979.88        0.0000000000000000        0.0000000000000000        320000.00000000000        0.0000000000000000        0.0000000000000000        5.3624782041942968E-009   0.0000000000000000        0.0000000000000000        1562.5000000000000        9.9999999999995053E-011   15625000000000.771        12.496575005905788        187448625088.59607        6.1787000268267000E-005   0.0000000000000000        0.0000000000000000        0.0000000000000000       -1.0586883511708355E-023   0.0000000000000000        0.0000000000000000        0.0000000000000000     
  -554663179999978.19        0.0000000000000000        0.0000000000000000        320000.00000000000        0.0000000000000000        0.0000000000000000        4.4465749736761088E-009   0.0000000000000000        0.0000000000000000        1562.5000000000000        9.9999999999995053E-011   15625000000000.771        12.496568630713400        187448529460.71024        6.1786874933958503E-005   0.0000000000000000        0.0000000000000000        0.0000000000000000       -8.7726473452097386E-024   0.0000000000000000        0.0000000000000000        0.0000000000000000     
  -539038179999978.19        0.0000000000000000        0.0000000000000000        320000.00000000000        0.0000000000000000        0.0000000000000000        3.7903119133853636E-009   0.0000000000000000        0.0000000000000000        1562.5000000000000        9.9999999999999551E-011   15625000000000.068        12.496561213614735        187448418204.22183        6.1786728184512940E-005   0.0000000000000000        0.0000000000000000        0.0000000000000000       -7.4763875582009152E-024   0.0000000000000000        0.0000000000000000        0.0000000000000000     
  -523413179999978.19        0.0000000000000000        0.0000000000000000        320000.00000000000        0.0000000000000000        0.0000000000000000        2.8960323519999696E-009   0.0000000000000000        0.0000000000000000        1562.5000000000000        1.0000000000000000E-010   15625000000000.000        12.496556694039176        187448350410.58765        6.1786639440232976E-005   0.0000000000000000        0.0000000000000000        0.0000000000000000       -5.6991437721431304E-024   0.0000000000000000        0.0000000000000000        0.0000000000000000     
  -507788179999978.19        0.0000000000000000        0.0000000000000000        320000.00000000000        0.0000000000000000        0.0000000000000000        2.1834659784037461E-009   0.0000000000000000        0.0000000000000000        1562.5000000000000        1.0000000000000000E-010   15625000000000.000        12.496552236881227        187448283553.21838        6.1786551560187938E-005   0.0000000000000000        0.0000000000000000        0.0000000000000000       -4.2865662319976795E-024   0.0000000000000000        0.0000000000000000        0.0000000000000000     
  -492163179999978.19        0.0000000000000000        0.0000000000000000        320000.00000000000        0.0000000000000000        0.0000000000000000        1.2787709104770796E-009   0.0000000000000000        0.0000000000000000        1562.5000000000000        1.0000000000000000E-010   15625000000000.000        12.496549797556103        187448246963.34152        6.1786503998293967E-005   0.0000000000000000        0.0000000000000000        0.0000000000000000       -2.4831951373983113E-024   0.0000000000000000        0.0000000000000000        0.0000000000000000     
  -476538179999978.19        0.0000000000000000        0.0000000000000000        320000.00000000000        0.0000000000000000        0.0000000000000000        5.1362552439543875E-010   0.0000000000000000        0.0000000000000000        1562.5000000000000        1.0000000000000000E-010   15625000000000.000        12.496548299007872        187448224485.11804        6.1786475141566033E-005   0.0000000000000000        0.0000000000000000        0.0000000000000000       -9.6245470169286026E-025   0.0000000000000000        0.0000000000000000        0.0000000000000000     
  -460913179999978.19        0.0000000000000000        0.0000000000000000        320000.00000000000        0.0000000000000000        0.0000000000000000       -4.4816526870500898E-010   0.0000000000000000        0.0000000000000000        1562.5000000000000        1.0000000000000000E-010   15625000000000.000        12.496548119174021        187448221787.61029        6.1786472428275503E-005   0.0000000000000000        0.0000000000000000        0.0000000000000000        9.5893668371234178E-025   0.0000000000000000        0.0000000000000000        0.0000000000000000     
  -445288179999978.19        0.0000000000000000        0.0000000000000000        320000.00000000000        0.0000000000000000        0.0000000000000000       -1.2706690844200904E-009   0.0000000000000000        0.0000000000000000        1562.5000000000000        1.0000000000000000E-010   15625000000000.000        12.496549759865131        187448246397.97693        6.1786506339859439E-005   0.0000000000000000        0.0000000000000000        0.0000000000000000        2.5957886165348340E-024   0.0000000000000000        0.0000000000000000        0.0000000000000000     
  -429663179999978.19        0.0000000000000000        0.0000000000000000        320000.00000000000        0.0000000000000000        0.0000000000000000       -2.3507650971091177E-009   0.0000000000000000        0.0000000000000000        1562.5000000000000        1.0000000000000000E-010   15625000000000.000        12.496551995061237        187448279925.91855        6.1786551616616297E-005   0.0000000000000000        0.0000000000000000        0.0000000000000000        4.7560161421858246E-024   0.0000000000000000        0.0000000000000000        0.0000000000000000     
  -414038179999978.19        0.0000000000000000        0.0000000000000000        320000.00000000000        0.0000000000000000        0.0000000000000000       -3.2384838479173145E-009   0.0000000000000000        0.0000000000000000        1562.5000000000000        1.0000000000000000E-010   15625000000000.000        12.496557189901853        187448357848.52777        6.1786656678889293E-005   0.0000000000000000        0.0000000000000000        0.0000000000000000        6.5225942783482999E-024   0.0000000000000000        0.0000000000000000        0.0000000000000000     
  -398413179999978.19        0.0000000000000000        0.0000000000000000        320000.00000000000        0.0000000000000000        0.0000000000000000       -4.5142944199385239E-009   0.0000000000000000        0.0000000000000000        1562.5000000000000        1.0000000000000000E-010   15625000000000.000        12.496561971903505        187448429578.55255        6.1786752544030287E-005   0.0000000000000000        0.0000000000000000        0.0000000000000000        9.0745036281988693E-024   0.0000000000000000        0.0000000000000000        0.0000000000000000     
  -382788179999978.19        0.0000000000000000        0.0000000000000000        320000.00000000000        0.0000000000000000        0.0000000000000000       -5.4710369253534944E-009   0.0000000000000000        0.0000000000000000        1562.5000000000000        1.0000000000000000E-010   15625000000000.000        12.496571433771392        187448571506.57086        6.1786943038573928E-005   0.0000000000000000        0.0000000000000000        0.0000000000000000        1.0976175133542145E-023   0.0000000000000000        0.0000000000000000        0.0000000000000000     
  -367163179999978.19        0.0000000000000000        0.0000000000000000        320000.00000000000        0.0000000000000000        0.0000000000000000       -7.0382630768597706E-009   0.0000000000000000        0.0000000000000000        1562.5000000000000        1.0000000000000000E-010   15625000000000.000        12.496578841272372        187448682619.08557        6.1787090958630517E-005   0.0000000000000000        0.0000000000000000        0.0000000000000000        1.4108644459643297E-023   0.0000000000000000        0.0000000000000000        0.0000000000000000     
  -351538179999978.19        0.0000000000000000        0.0000000000000000        320000.00000000000        0.0000000000000000        0.0000000000000000       -8.0558245728805013E-009   0.0000000000000000        0.0000000000000000        1562.5000000000000        1.0000000000000000E-010   15625000000000.000        12.496593658725859        187448904880.88785        6.1787388598562071E-005   0.0000000000000000        0.0000000000000000        0.0000000000000000        1.6126999890023198E-023   0.0000000000000000        0.0000000000000000        0.0000000000000000     
  -335913179999978.19        0.0000000000000000        0.0000000000000000        320000.00000000000        0.0000000000000000        0.0000000000000000       -1.0030196352629908E-008   0.0000000000000000        0.0000000000000000        1562.5000000000000        1.0000000000000000E-010   15625000000000.000        12.496603655460595        187449054831.90891        6.1787587685821228E-005   0.0000000000000000        0.0000000000000000        0.0000000000000000        2.0068162813057127E-023   0.0000000000000000        0.0000000000000000        0.0000000000000000     
  -320288179999978.19        0.0000000000000000        0.0000000000000000        320000.00000000000        0.0000000000000000        0.0000000000000000       -1.1080660355829398E-008   0.0000000000000000        0.0000000000000000        1562.5000000000000        1.0000000000000000E-010   15625000000000.000        12.496625383294736        187449380749.42102        6.1788023391625576E-005   0.0000000000000000        0.0000000000000000        0.0000000000000000        2.2146121920429566E-023   0.0000000000000000        0.0000000000000000        0.0000000000000000     
  -304663179999978.19        0.0000000000000000        0.0000000000000000        320000.00000000000        0.0000000000000000        0.0000000000000000       -1.3598075981537871E-008   0.0000000000000000        0.0000000000000000        1562.5000000000000        1.0000000000000018E-010   15624999999999.971        12.496637725438690        187449565881.57999        6.1788268589050359E-005   0.0000000000000000        0.0000000000000000        0.0000000000000000        2.7163324343335123E-023   0.0000000000000000        0.0000000000000000        0.0000000000000000     
  -289038179999978.19        0.0000000000000000        0.0000000000000000        320000.00000000000        0.0000000000000000        0.0000000000000000       -1.4628075854413525E-008   0.0000000000000000        0.0000000000000000        1562.5000000000000        1.0000000000000181E-010   15624999999999.719        12.496668480942981        187450027214.14130        6.1788884361990918E-005   0.0000000000000000        0.0000000000000000        0.0000000000000000        2.9194178675621610E-023   0.0000000000000000        0.0000000000000000        0.0000000000000000     
  -273413179999978.81        0.0000000000000000        0.0000000000000000        320000.00000000000        0.0000000000000000        0.0000000000000000       -1.7841285479464567E-008   0.0000000000000000        0.0000000000000000        1562.5000000000000        1.0000000000000181E-010   15624999999999.719        12.496682603430239        187450239051.45016        6.1789164228796565E-005   0.0000000000000000        0.0000000000000000        0.0000000000000000        3.5587156040521856E-023   0.0000000000000000        0.0000000000000000        0.0000000000000000     
  -257788179999978.81        0.0000000000000000        0.0000000000000000        320000.00000000000        0.0000000000000000        0.0000000000000000       -1.8770187812001046E-008   0.0000000000000000        0.0000000000000000        1562.5000000000000        1.0000000000000017E-010   15624999999999.973        12.496725152561863        187450877288.42761        6.1790014811166877E-005   0.0000000000000000        0.0000000000000000        0.0000000000000000        3.7411433274317683E-023   0.0000000000000000        0.0000000000000000        0.0000000000000000     
  -242163179999978.81        0.0000000000000000        0.0000000000000000        320000.00000000000        0.0000000000000000        0.0000000000000000       -2.2840325019563803E-008   0.0000000000000000        0.0000000000000000        1562.5000000000000        1.0000000000000000E-010   15625000000000.000        12.496740053019602        187451100795.29401        6.1790309280805965E-005   0.0000000000000000        0.0000000000000000        0.0000000000000000        4.5495337038624588E-023   0.0000000000000000        0.0000000000000000        0.0000000000000000     
  -226538179999978.81        0.0000000000000000        0.0000000000000000        320000.00000000000        0.0000000000000000        0.0000000000000000       -2.3564577058471102E-008   0.0000000000000000        0.0000000000000000        1562.5000000000000        1.0000000000000000E-010   15625000000000.000        12.496797862417660        187451967936.26486        6.1791463129374781E-005   0.0000000000000000        0.0000000000000000        0.0000000000000000        4.6909669132809707E-023   0.0000000000000000        0.0000000000000000        0.0000000000000000     
  -210913179999978.81        0.0000000000000000        0.0000000000000000        320000.00000000000        0.0000000000000000        0.0000000000000000       -2.8647403873440005E-008   0.0000000000000000        0.0000000000000000        1562.5000000000000        1.0000000000000000E-010   15625000000000.000        12.496812011370569        187452180170.55850        6.1791741798107008E-005   0.0000000000000000        0.0000000000000000        0.0000000000000000        5.6985160430931134E-023   0.0000000000000000        0.0000000000000000        0.0000000000000000     
  -195288179999978.81        0.0000000000000000        0.0000000000000000        320000.00000000000        0.0000000000000000        0.0000000000000000       -2.9066557803267145E-008   0.0000000000000000        0.0000000000000000        1562.5000000000000        1.0000000000000000E-010   15625000000000.000        12.496889234827867        187453338522.41800        6.1793280764081251E-005   0.0000000000000000        0.0000000000000000        0.0000000000000000        5.7765480377682490E-023   0.0000000000000000        0.0000000000000000        0.0000000000000000     
  -179663179999978.81        0.0000000000000000        0.0000000000000000        319999.99883037526        0.0000000000000000        0.0000000000000000       -3.5255660824360918E-008   0.0000000000000000        0.0000000000000000        1562.5000000000000        1.0000000000000000E-010   15625000000000.000        12.496900546060500        187453508190.90750        6.1793502368902862E-005   0.0000000000000000        0.0000000000000000        0.0000000000000000        7.0076041069401000E-023   0.0000000000000000        0.0000000000000000        0.0000000000000000     
  -164038179999978.81        0.0000000000000000        0.0000000000000000        319999.99876062747        0.0000000000000000        0.0000000000000000       -3.5258252417085606E-008   0.0000000000000000        0.0000000000000000        1562.5000000000000        1.0000000000000004E-010   15624999999999.994        12.497001913861014        187455028707.91510        6.1795519476557880E-005   0.0000000000000000        0.0000000000000000        0.0000000000000000        7.0014715700898151E-023   0.0000000000000000        0.0000000000000000        0.0000000000000000     
  -148413179999978.81        0.0000000000000000        0.0000000000000000        319999.99779665674        0.0000000000000000        0.0000000000000000       -4.2662274748254880E-008   0.0000000000000000        0.0000000000000000        1562.5000000000000        1.0000000000000053E-010   15624999999999.918        12.497007807724184        187455117115.86176        6.1795633188741741E-005   0.0000000000000000        0.0000000000000000        0.0000000000000000        8.4695174915015172E-023   0.0000000000000000        0.0000000000000000        0.0000000000000000     
  -132788179999979.00        0.0000000000000000        0.0000000000000000        319999.99774270563        0.0000000000000000        0.0000000000000000       -4.2158487585338094E-008   0.0000000000000000        0.0000000000000000        1562.5000000000000        1.0000000000000056E-010   15624999999999.912        12.497138395904390        187457075938.56479        6.1798228084080289E-005   0.0000000000000000        0.0000000000000000        0.0000000000000000        8.3646753687323660E-023   0.0000000000000000        0.0000000000000000        0.0000000000000000     
  -117163179999979.00        0.0000000000000000        0.0000000000000000        319999.99697022600        0.0000000000000000        0.0000000000000000       -5.0763526531075303E-008   0.0000000000000000        0.0000000000000000        1562.5000000000000        1.0000000000000004E-010   15624999999999.994        12.497135975114414        187457039626.71613        6.1798176984271904E-005   0.0000000000000000        0.0000000000000000        0.0000000000000000        1.0067252802338122E-022   0.0000000000000000        0.0000000000000000        0.0000000000000000     
  -101538179999979.00        0.0000000000000000        0.0000000000000000        319999.99693030876        0.0000000000000000        0.0000000000000000       -4.9732194311908554E-008   0.0000000000000000        0.0000000000000000        1562.5000000000000        9.9999999999999913E-011   15625000000000.014        12.497300854246058        187459512813.69101        6.1801449053889003E-005   0.0000000000000000        0.0000000000000000        0.0000000000000000        9.8598246180303104E-023   0.0000000000000000        0.0000000000000000        0.0000000000000000     
  -85913179999979.000        0.0000000000000000        0.0000000000000000        319999.99634725787        0.0000000000000000        0.0000000000000000       -5.9326272966098892E-008   0.0000000000000000        0.0000000000000000        1562.5000000000000        9.9999999999998983E-011   15625000000000.162        12.497287187581852        187459307813.72968        6.1801175688663365E-005   0.0000000000000000        0.0000000000000000        0.0000000000000000        1.1774704427225068E-022   0.0000000000000000        0.0000000000000000        0.0000000000000000     
  -70288179999978.656        0.0000000000000000        0.0000000000000000        319999.99632377672        0.0000000000000000        0.0000000000000000       -5.5955266992673876E-008   0.0000000000000000        0.0000000000000000        1562.5000000000000        9.9999999999998996E-011   15625000000000.158        12.497490977708450        187462364665.62863        6.1805215382483287E-005   0.0000000000000000        0.0000000000000000        0.0000000000000000        1.1474604165790714E-022   0.0000000000000000        0.0000000000000000        0.0000000000000000     
  -54663179999978.656        0.0000000000000000        0.0000000000000000        320000.00678541872        0.0000000000000000        0.0000000000000000        2.2518264698480820E-007   0.0000000000000000        0.0000000000000000        1562.5000000000000        1.0000000229058377E-010   15624999642096.293        12.497463752533530        187461951994.02988        6.1804668839931159E-005   0.0000000000000000        0.0000000000000000        0.0000000000000000        1.3558590073772413E-022   0.0000000000000000        0.0000000000000000        0.0000000000000000     
  -39038179999978.656        0.0000000000000000        0.0000000000000000        319999.98713993566        0.0000000000000000        0.0000000000000000       -3.1091582239171739E-007   0.0000000000000000        0.0000000000000000        1562.5000000000000        1.0000004793538747E-010   15624992510099.297        12.497715858195038        187465648010.54080        6.1809547306832779E-005   0.0000000000000000        0.0000000000000000        0.0000000000000000        1.3189722112149191E-022   0.0000000000000000        0.0000000000000000        0.0000000000000000     
  -23413188589659.844        0.0000000000000000        0.0000000000000000        319773.54614672484        0.0000000000000000        0.0000000000000000       -2.9958235757419913E-003   0.0000000000000000        0.0000000000000000        1562.5000000000000        1.0001326630122864E-010   15622927415388.346        12.499334455442170        187465147140.51416        6.1808701157074216E-005   0.0000000000000000        0.0000000000000000        0.0000000000000000        1.5404380461125111E-022   0.0000000000000000        0.0000000000000000        0.0000000000000000     
  -7788273859942.7842        0.0000000000000000        0.0000000000000000        317533.70577421814        0.0000000000000000        0.0000000000000000       -3.2305165260865645E-002   0.0000000000000000        0.0000000000000000        1562.5000000000000        1.0014275371605221E-010   15602726528075.707        12.515893009332073        187470773644.09232        6.1814353644687971E-005   0.0000000000000000        0.0000000000000000        0.0000000000000000        1.4847102737115905E-022   0.0000000000000000        0.0000000000000000        0.0000000000000000     
   7788273859942.7842        0.0000000000000000        0.0000000000000000       -317533.70577421814        0.0000000000000000        0.0000000000000000        3.2305165260865645E-002   0.0000000000000000        0.0000000000000000        1562.5000000000000        1.0014275371605221E-010   15602726528075.707        12.515893009332073        187470773644.09232        6.1814353644687971E-005   0.0000000000000000        0.0000000000000000        0.0000000000000000       -1.4847102737115905E-022   0.0000000000000000        0.0000000000000000        0.0000000000000000     
   23413188589659.844        0.0000000000000000        0.0000000000000000       -319773.54614672484        0.0000000000000000        0.0000000000000000        2.9958235757419930E-003   0.0000000000000000        0.0000000000000000        1562.5000000000000        1.0001326630122864E-010   15622927415388.346        12.499334455442170        187465147140.51416        6.1808701157074216E-005   0.0000000000000000        0.0000000000000000        0.0000000000000000       -1.5404380461125111E-022   0.0000000000000000        0.0000000000000000        0.0000000000000000     
   39038179999978.656        0.0000000000000000        0.0000000000000000       -319999.98713993566        0.0000000000000000        0.0000000000000000        3.1091582238889852E-007   0.0000000000000000        0.0000000000000000        1562.5000000000000        1.0000004793538744E-010   15624992510099.303        12.497715858195034        187465648010.54080        6.1809547306832779E-005   0.0000000000000000        0.0000000000000000        0.0000000000000000       -1.3189722112149195E-022   0.0000000000000000        0.0000000000000000        0.0000000000000000     
   54663179999978.656        0.0000000000000000        0.0000000000000000       -320000.00678541872        0.0000000000000000        0.0000000000000000       -2.2518264698339874E-007   0.0000000000000000        0.0000000000000000        1562.5000000000000        1.0000000229058377E-010   15624999642096.293        12.497463752533530        187461951994.02988        6.1804668839931159E-005   0.0000000000000000        0.0000000000000000        0.0000000000000000       -1.3558590073772413E-022   0.0000000000000000        0.0000000000000000        0.0000000000000000     
   70288179999978.656        0.0000000000000000        0.0000000000000000       -319999.99632377672        0.0000000000000000        0.0000000000000000        5.5955266993541238E-008   0.0000000000000000        0.0000000000000000        1562.5000000000000        9.9999999999998996E-011   15625000000000.158        12.497490977708450        187462364665.62863        6.1805215382483287E-005   0.0000000000000000        0.0000000000000000        0.0000000000000000       -1.1474604165790714E-022   0.0000000000000000        0.0000000000000000        0.0000000000000000     
   85913179999979.000        0.0000000000000000        0.0000000000000000       -319999.99634725787        0.0000000000000000        0.0000000000000000        5.9326272966098892E-008   0.0000000000000000        0.0000000000000000        1562.5000000000000        9.9999999999998983E-011   15625000000000.162        12.497287187581852        187459307813.72968        6.1801175688663365E-005   0.0000000000000000        0.0000000000000000        0.0000000000000000       -1.1774704427225068E-022   0.0000000000000000        0.0000000000000000        0.0000000000000000     
   101538179999979.00        0.0000000000000000        0.0000000000000000       -319999.99693030876        0.0000000000000000        0.0000000000000000        4.9732194311908554E-008   0.0000000000000000        0.0000000000000000        1562.5000000000000        9.9999999999999913E-011   15625000000000.014        12.497300854246058        187459512813.69101        6.1801449053889003E-005   0.0000000000000000        0.0000000000000000        0.0000000000000000       -9.8598246180303104E-023   0.0000000000000000        0.0000000000000000        0.0000000000000000     
   117163179999979.00        0.0000000000000000        0.0000000000000000       -319999.99697022600        0.0000000000000000        0.0000000000000000        5.0763526531075303E-008   0.0000000000000000        0.0000000000000000        1562.5000000000000        1.0000000000000004E-010   15624999999999.994        12.497135975114414        187457039626.71613        6.1798176984271904E-005   0.0000000000000000        0.0000000000000000        0.0000000000000000       -1.0067252802338122E-022   0.0000000000000000        0.0000000000000000        0.0000000000000000     
   132788179999979.00        0.0000000000000000        0.0000000000000000       -319999.99774270563        0.0000000000000000        0.0000000000000000        4.2158487585338094E-008   0.0000000000000000        0.0000000000000000        1562.5000000000000        1.0000000000000056E-010   15624999999999.912        12.497138395904390        187457075938.56479        6.1798228084080289E-005   0.0000000000000000        0.0000000000000000        0.0000000000000000       -8.3646753687323660E-023   0.0000000000000000        0.0000000000000000        0.0000000000000000     
   148413179999978.81        0.0000000000000000        0.0000000000000000       -319999.99779665674        0.0000000000000000        0.0000000000000000        4.2662274748254880E-008   0.0000000000000000        0.0000000000000000        1562.5000000000000        1.0000000000000053E-010   15624999999999.918        12.497007807724184        187455117115.86176        6.1795633188741741E-005   0.0000000000000000        0.0000000000000000        0.0000000000000000       -8.4695174915015172E-023   0.0000000000000000        0.0000000000000000        0.0000000000000000     
   164038179999978.81        0.0000000000000000        0.0000000000000000       -319999.99876062747        0.0000000000000000        0.0000000000000000        3.5258252417952967E-008   0.0000000000000000        0.0000000000000000        1562.5000000000000        1.0000000000000004E-010   15624999999999.994        12.497001913861014        187455028707.91510        6.1795519476557880E-005   0.0000000000000000        0.0000000000000000        0.0000000000000000       -7.0014715700898151E-023   0.0000000000000000        0.0000000000000000        0.0000000000000000     
   179663179999978.81        0.0000000000000000        0.0000000000000000       -319999.99883037526        0.0000000000000000        0.0000000000000000        3.5255660824144078E-008   0.0000000000000000        0.0000000000000000        1562.5000000000000        1.0000000000000000E-010   15625000000000.000        12.496900546060500        187453508190.90750        6.1793502368902862E-005   0.0000000000000000        0.0000000000000000        0.0000000000000000       -7.0076041069400988E-023   0.0000000000000000        0.0000000000000000        0.0000000000000000     
   195288179999978.81        0.0000000000000000        0.0000000000000000       -320000.00000000000        0.0000000000000000        0.0000000000000000        2.9066557803809246E-008   0.0000000000000000        0.0000000000000000        1562.5000000000000        1.0000000000000000E-010   15625000000000.000        12.496889234827867        187453338522.41800        6.1793280764081251E-005   0.0000000000000000        0.0000000000000000        0.0000000000000000       -5.7765480377682490E-023   0.0000000000000000        0.0000000000000000        0.0000000000000000     
   210913179999978.81        0.0000000000000000        0.0000000000000000       -320000.00000000000        0.0000000000000000        0.0000000000000000        2.8647403874241337E-008   0.0000000000000000        0.0000000000000000        1562.5000000000000        1.0000000000000000E-010   15625000000000.000        12.496812011370569        187452180170.55850        6.1791741798107008E-005   0.0000000000000000        0.0000000000000000        0.0000000000000000       -5.6985160430931111E-023   0.0000000000000000        0.0000000000000000        0.0000000000000000     
   226538179999978.81        0.0000000000000000        0.0000000000000000       -320000.00000000000        0.0000000000000000        0.0000000000000000        2.3564577057278479E-008   0.0000000000000000        0.0000000000000000        1562.5000000000000        1.0000000000000000E-010   15625000000000.000        12.496797862417660        187451967936.26486        6.1791463129374781E-005   0.0000000000000000        0.0000000000000000        0.0000000000000000       -4.6909669132809707E-023   0.0000000000000000        0.0000000000000000        0.0000000000000000     
   242163179999978.81        0.0000000000000000        0.0000000000000000       -320000.00000000000        0.0000000000000000        0.0000000000000000        2.2840325018884930E-008   0.0000000000000000        0.0000000000000000        1562.5000000000000        1.0000000000000000E-010   15625000000000.000        12.496740053019602        187451100795.29401        6.1790309280805965E-005   0.0000000000000000        0.0000000000000000        0.0000000000000000       -4.5495337038624588E-023   0.0000000000000000        0.0000000000000000        0.0000000000000000     
   257788179999978.81        0.0000000000000000        0.0000000000000000       -320000.00000000000        0.0000000000000000        0.0000000000000000        1.8770187813372565E-008   0.0000000000000000        0.0000000000000000        1562.5000000000000        1.0000000000000020E-010   15624999999999.969        12.496725152561867        187450877288.42761        6.1790014811166877E-005   0.0000000000000000        0.0000000000000000        0.0000000000000000       -3.7411433274317695E-023   0.0000000000000000        0.0000000000000000        0.0000000000000000     
   273413179999978.81        0.0000000000000000        0.0000000000000000       -320000.00000000000        0.0000000000000000        0.0000000000000000        1.7841285479572987E-008   0.0000000000000000        0.0000000000000000        1562.5000000000000        1.0000000000000181E-010   15624999999999.719        12.496682603430239        187450239051.45016        6.1789164228796565E-005   0.0000000000000000        0.0000000000000000        0.0000000000000000       -3.5587156040521856E-023   0.0000000000000000        0.0000000000000000        0.0000000000000000     
   289038179999978.19        0.0000000000000000        0.0000000000000000       -320000.00000000000        0.0000000000000000        0.0000000000000000        1.4628075854287296E-008   0.0000000000000000        0.0000000000000000        1562.5000000000000        1.0000000000000181E-010   15624999999999.719        12.496668480942981        187450027214.14130        6.1788884361990918E-005   0.0000000000000000        0.0000000000000000        0.0000000000000000       -2.9194178675621616E-023   0.0000000000000000        0.0000000000000000        0.0000000000000000     
   304663179999978.19        0.0000000000000000        0.0000000000000000       -320000.00000000000        0.0000000000000000        0.0000000000000000        1.3598075981971552E-008   0.0000000000000000        0.0000000000000000        1562.5000000000000        1.0000000000000017E-010   15624999999999.973        12.496637725438687        187449565881.57999        6.1788268589050359E-005   0.0000000000000000        0.0000000000000000        0.0000000000000000       -2.7163324343335117E-023   0.0000000000000000        0.0000000000000000        0.0000000000000000     
   320288179999978.19        0.0000000000000000        0.0000000000000000       -320000.00000000000        0.0000000000000000        0.0000000000000000        1.1080660354853616E-008   0.0000000000000000        0.0000000000000000        1562.5000000000000        1.0000000000000000E-010   15625000000000.000        12.496625383294736        187449380749.42102        6.1788023391625576E-005   0.0000000000000000        0.0000000000000000        0.0000000000000000       -2.2146121920429566E-023   0.0000000000000000        0.0000000000000000        0.0000000000000000     
   335913179999978.19        0.0000000000000000        0.0000000000000000       -320000.00000000000        0.0000000000000000        0.0000000000000000        1.0030196353497270E-008   0.0000000000000000        0.0000000000000000        1562.5000000000000        1.0000000000000000E-010   15625000000000.000        12.496603655460595        187449054831.90891        6.1787587685821228E-005   0.0000000000000000        0.0000000000000000        0.0000000000000000       -2.0068162813057127E-023   0.0000000000000000        0.0000000000000000        0.0000000000000000     
   351538179999978.19        0.0000000000000000        0.0000000000000000       -320000.00000000000        0.0000000000000000        0.0000000000000000        8.0558245728805013E-009   0.0000000000000000        0.0000000000000000        1562.5000000000000        1.0000000000000000E-010   15625000000000.000        12.496593658725859        187448904880.88785        6.1787388598562071E-005   0.0000000000000000        0.0000000000000000        0.0000000000000000       -1.6126999890023198E-023   0.0000000000000000        0.0000000000000000        0.0000000000000000     
   367163179999978.19        0.0000000000000000        0.0000000000000000       -320000.00000000000        0.0000000000000000        0.0000000000000000        7.0382630768597706E-009   0.0000000000000000        0.0000000000000000        1562.5000000000000        1.0000000000000000E-010   15625000000000.000        12.496578841272372        187448682619.08557        6.1787090958630517E-005   0.0000000000000000        0.0000000000000000        0.0000000000000000       -1.4108644459643297E-023   0.0000000000000000        0.0000000000000000        0.0000000000000000     
   382788179999978.19        0.0000000000000000        0.0000000000000000       -320000.00000000000        0.0000000000000000        0.0000000000000000        5.4710369253534944E-009   0.0000000000000000        0.0000000000000000        1562.5000000000000        1.0000000000000000E-010   15625000000000.000        12.496571433771392        187448571506.57086        6.1786943038573928E-005   0.0000000000000000        0.0000000000000000        0.0000000000000000       -1.0976175133542145E-023   0.0000000000000000        0.0000000000000000        0.0000000000000000     
   398413179999978.19        0.0000000000000000        0.0000000000000000       -320000.00000000000        0.0000000000000000        0.0000000000000000        4.5142944199385239E-009   0.0000000000000000        0.0000000000000000        1562.5000000000000        1.0000000000000000E-010   15625000000000.000        12.496561971903505        187448429578.55255        6.1786752544030287E-005   0.0000000000000000        0.0000000000000000        0.0000000000000000       -9.0745036281988693E-024   0.0000000000000000        0.0000000000000000        0.0000000000000000     
   414038179999978.19        0.0000000000000000        0.0000000000000000       -320000.00000000000        0.0000000000000000        0.0000000000000000        3.2384838479173145E-009   0.0000000000000000        0.0000000000000000        1562.5000000000000        1.0000000000000000E-010   15625000000000.000        12.496557189901853        187448357848.52777        6.1786656678889293E-005   0.0000000000000000        0.0000000000000000        0.0000000000000000       -6.5225942783482999E-024   0.0000000000000000        0.0000000000000000        0.0000000000000000     
   429663179999978.19        0.0000000000000000        0.0000000000000000       -320000.00000000000        0.0000000000000000        0.0000000000000000        2.3507650971091177E-009   0.0000000000000000        0.0000000000000000        1562.5000000000000        1.0000000000000000E-010   15625000000000.000        12.496551995061237        187448279925.91855        6.1786551616616297E-005   0.0000000000000000        0.0000000000000000        0.0000000000000000       -4.7560161421858246E-024   0.0000000000000000        0.0000000000000000        0.0000000000000000     
   445288179999978.19        0.0000000000000000        0.0000000000000000       -320000.00000000000        0.0000000000000000        0.0000000000000000        1.2706690847453511E-009   0.0000000000000000        0.0000000000000000        1562.5000000000000        1.0000000000000000E-010   15625000000000.000        12.496549759865131        187448246397.97693        6.1786506339859439E-005   0.0000000000000000        0.0000000000000000        0.0000000000000000       -2.5957886165348337E-024   0.0000000000000000        0.0000000000000000        0.0000000000000000     
   460913179999978.19        0.0000000000000000        0.0000000000000000       -320000.00000000000        0.0000000000000000        0.0000000000000000        4.4816526946395050E-010   0.0000000000000000        0.0000000000000000        1562.5000000000000        1.0000000000000000E-010   15625000000000.000        12.496548119174021        187448221787.61029        6.1786472428275503E-005   0.0000000000000000        0.0000000000000000        0.0000000000000000       -9.5893668371234178E-025   0.0000000000000000        0.0000000000000000        0.0000000000000000     
   476538179999978.19        0.0000000000000000        0.0000000000000000       -320000.00000000000        0.0000000000000000        0.0000000000000000       -5.1362552439543875E-010   0.0000000000000000        0.0000000000000000        1562.5000000000000        1.0000000000000000E-010   15625000000000.000        12.496548299007872        187448224485.11804        6.1786475141566033E-005   0.0000000000000000        0.0000000000000000        0.0000000000000000        9.6245470169286026E-025   0.0000000000000000        0.0000000000000000        0.0000000000000000     
   492163179999978.19        0.0000000000000000        0.0000000000000000       -320000.00000000000        0.0000000000000000        0.0000000000000000       -1.2787709104770796E-009   0.0000000000000000        0.0000000000000000        1562.5000000000000        1.0000000000000000E-010   15625000000000.000        12.496549797556103        187448246963.34152        6.1786503998293967E-005   0.0000000000000000        0.0000000000000000        0.0000000000000000        2.4831951373983113E-024   0.0000000000000000        0.0000000000000000        0.0000000000000000     
   507788179999978.19        0.0000000000000000        0.0000000000000000       -320000.00000000000        0.0000000000000000        0.0000000000000000       -2.1834659784037461E-009   0.0000000000000000        0.0000000000000000        1562.5000000000000        1.0000000000000000E-010   15625000000000.000        12.496552236881227        187448283553.21838        6.1786551560187938E-005   0.0000000000000000        0.0000000000000000        0.0000000000000000        4.2865662319976795E-024   0.0000000000000000        0.0000000000000000        0.0000000000000000     
   523413179999978.19        0.0000000000000000        0.0000000000000000       -320000.00000000000        0.0000000000000000        0.0000000000000000       -2.8960323519999696E-009   0.0000000000000000        0.0000000000000000        1562.5000000000000        1.0000000000000000E-010   15625000000000.000        12.496556694039176        187448350410.58765        6.1786639440232976E-005   0.0000000000000000        0.0000000000000000        0.0000000000000000        5.6991437721431304E-024   0.0000000000000000        0.0000000000000000        0.0000000000000000     
   539038179999978.19        0.0000000000000000        0.0000000000000000       -320000.00000000000        0.0000000000000000        0.0000000000000000       -3.7903119133853636E-009   0.0000000000000000        0.0000000000000000        1562.5000000000000        9.9999999999999551E-011   15625000000000.068        12.496561213614735        187448418204.22183        6.1786728184512940E-005   0.0000000000000000        0.0000000000000000        0.0000000000000000        7.4763875582009152E-024   0.0000000000000000        0.0000000000000000        0.0000000000000000     
   554663179999978.19        0.0000000000000000        0.0000000000000000       -320000.00000000000        0.0000000000000000        0.0000000000000000       -4.4465749729171673E-009   0.0000000000000000        0.0000000000000000        1562.5000000000000        9.9999999999995053E-011   15625000000000.771        12.496568630713400        187448529460.71024        6.1786874933958503E-005   0.0000000000000000        0.0000000000000000        0.0000000000000000        8.7726473452097386E-024   0.0000000000000000        0.0000000000000000        0.0000000000000000     
   570288179999979.88        0.0000000000000000        0.0000000000000000       -320000.00000000000        0.0000000000000000        0.0000000000000000       -5.3624782040858765E-009   0.0000000000000000        0.0000000000000000        1562.5000000000000        9.9999999999995053E-011   15625000000000.771        12.496575005905788        187448625088.59607        6.1787000268267000E-005   0.0000000000000000        0.0000000000000000        0.0000000000000000        1.0586883511708355E-023   0.0000000000000000        0.0000000000000000        0.0000000000000000     
   585913179999979.88        0.0000000000000000        0.0000000000000000       -320000.00000000000        0.0000000000000000        0.0000000000000000       -5.9477523090110262E-009   0.0000000000000000        0.0000000000000000        1562.5000000000000        9.9999999999999551E-011   15625000000000.068        12.496585516627443        187448782749.41245        6.1787208345446835E-005   0.0000000000000000        0.0000000000000000        0.0000000000000000        1.1737457282551890E-023   0.0000000000000000        0.0000000000000000        0.0000000000000000     
   601538179999979.88        0.0000000000000000        0.0000000000000000       -320000.00000000000        0.0000000000000000        0.0000000000000000       -6.9028116090505968E-009   0.0000000000000000        0.0000000000000000        1562.5000000000000        1.0000000000000000E-010   15625000000000.000        12.496593446049728        187448901690.74591        6.1787364150946508E-005   0.0000000000000000        0.0000000000000000        0.0000000000000000        1.3622647880544520E-023   0.0000000000000000        0.0000000000000000        0.0000000000000000     
   617163179999979.88        0.0000000000000000        0.0000000000000000       -320000.00000000000        0.0000000000000000        0.0000000000000000       -7.3905736040528371E-009   0.0000000000000000        0.0000000000000000        1562.5000000000000        1.0000000000000000E-010   15625000000000.000        12.496607268513818        187449109027.70728        6.1787637653644374E-005   0.0000000000000000        0.0000000000000000        0.0000000000000000        1.4576082492007097E-023   0.0000000000000000        0.0000000000000000        0.0000000000000000     
   632788179999979.88        0.0000000000000000        0.0000000000000000       -320000.00000000000        0.0000000000000000        0.0000000000000000       -8.3841853381059629E-009   0.0000000000000000        0.0000000000000000        1562.5000000000000        1.0000000000000000E-010   15625000000000.000        12.496616340783069        187449245111.74600        6.1787815679246812E-005   0.0000000000000000        0.0000000000000000        0.0000000000000000        1.6530667162844491E-023   0.0000000000000000        0.0000000000000000        0.0000000000000000     
   648413179999979.88        0.0000000000000000        0.0000000000000000       -320000.00000000000        0.0000000000000000        0.0000000000000000       -8.7409902462767621E-009   0.0000000000000000        0.0000000000000000        1562.5000000000000        1.0000000000000000E-010   15625000000000.000        12.496633713982947        187449505709.74417        6.1788159093378295E-005   0.0000000000000000        0.0000000000000000        0.0000000000000000        1.7222507090096948E-023   0.0000000000000000        0.0000000000000000        0.0000000000000000     
   664038179999979.88        0.0000000000000000        0.0000000000000000       -320000.00000000000        0.0000000000000000        0.0000000000000000       -9.7510925646316633E-009   0.0000000000000000        0.0000000000000000        1562.5000000000000        1.0000000000000000E-010   15625000000000.000        12.496643396242259        187449650943.63388        6.1788348753793367E-005   0.0000000000000000        0.0000000000000000        0.0000000000000000        1.9202631651846849E-023   0.0000000000000000        0.0000000000000000        0.0000000000000000     
   679663179999979.88        0.0000000000000000        0.0000000000000000       -320000.00000000000        0.0000000000000000        0.0000000000000000       -9.9434456853690211E-009   0.0000000000000000        0.0000000000000000        1562.5000000000000        1.0000000000000000E-010   15625000000000.000        12.496664498903337        187449967483.55002        6.1788765348337615E-005   0.0000000000000000        0.0000000000000000        0.0000000000000000        1.9569176720630556E-023   0.0000000000000000        0.0000000000000000        0.0000000000000000     
   695288179999979.88        0.0000000000000000        0.0000000000000000       -320000.00000000000        0.0000000000000000        0.0000000000000000       -1.0922296571630050E-008   0.0000000000000000        0.0000000000000000        1562.5000000000000        1.0000000000000000E-010   15625000000000.000        12.496674155150041        187450112327.25058        6.1788954116523051E-005   0.0000000000000000        0.0000000000000000        0.0000000000000000        2.1480874800560342E-023   0.0000000000000000        0.0000000000000000        0.0000000000000000     
   710913179999979.88        0.0000000000000000        0.0000000000000000       -320000.00000000000        0.0000000000000000        0.0000000000000000       -1.0926494625067067E-008   0.0000000000000000        0.0000000000000000        1562.5000000000000        1.0000000000000000E-010   15625000000000.000        12.496699001672139        187450485025.08206        6.1789443907351687E-005   0.0000000000000000        0.0000000000000000        0.0000000000000000        2.1478114793168436E-023   0.0000000000000000        0.0000000000000000        0.0000000000000000     
   726538179999979.88        0.0000000000000000        0.0000000000000000       -320000.00000000000        0.0000000000000000        0.0000000000000000       -1.1798250022936762E-008   0.0000000000000000        0.0000000000000000        1562.5000000000000        1.0000000000000000E-010   15625000000000.000        12.496707951990581        187450619279.85867        6.1789618491702854E-005   0.0000000000000000        0.0000000000000000        0.0000000000000000        2.3172931971260993E-023   0.0000000000000000        0.0000000000000000        0.0000000000000000     
   742163179999979.88        0.0000000000000000        0.0000000000000000       -320000.00000000000        0.0000000000000000        0.0000000000000000       -1.1610239016544973E-008   0.0000000000000000        0.0000000000000000        1562.5000000000000        1.0000000000000000E-010   15625000000000.000        12.496736271361629        187451044070.42441        6.1790175889587024E-005   0.0000000000000000        0.0000000000000000        0.0000000000000000        2.2795344880652038E-023   0.0000000000000000        0.0000000000000000        0.0000000000000000     
   757788179999979.88        0.0000000000000000        0.0000000000000000       -320000.00000000000        0.0000000000000000        0.0000000000000000       -1.2272785038792022E-008   0.0000000000000000        0.0000000000000000        1562.5000000000000        1.0000000000000000E-010   15625000000000.000        12.496743889734377        187451158346.01562        6.1790324143658911E-005   0.0000000000000000        0.0000000000000000        0.0000000000000000        2.4074384827740950E-023   0.0000000000000000        0.0000000000000000        0.0000000000000000     
   773413179999979.88        0.0000000000000000        0.0000000000000000       -320000.00000000000        0.0000000000000000        0.0000000000000000       -1.1914821054403350E-008   0.0000000000000000        0.0000000000000000        1562.5000000000000        1.0000000000000000E-010   15625000000000.000        12.496775005347979        187451625080.21967        6.1790935642121360E-005   0.0000000000000000        0.0000000000000000        0.0000000000000000        2.3367078872254624E-023   0.0000000000000000        0.0000000000000000        0.0000000000000000     
   789038179999979.88        0.0000000000000000        0.0000000000000000       -320000.00000000000        0.0000000000000000        0.0000000000000000       -1.2251574823010384E-008   0.0000000000000000        0.0000000000000000        1562.5000000000000        1.0000000000000000E-010   15625000000000.000        12.496780838556740        187451712578.35107        6.1791048860669896E-005   0.0000000000000000        0.0000000000000000        0.0000000000000000        2.3998740688242707E-023   0.0000000000000000        0.0000000000000000        0.0000000000000000     
   804663179999979.88        0.0000000000000000        0.0000000000000000       -320000.00012138061        0.0000000000000000        0.0000000000000000       -1.1782397060524524E-008   0.0000000000000000        0.0000000000000000        1562.5000000000000        1.0000000000000000E-010   15625000000000.000        12.496813580467107        187452203707.00656        6.1791691374054271E-005   0.0000000000000000        0.0000000000000000        0.0000000000000000        2.3056593294070882E-023   0.0000000000000000        0.0000000000000000        0.0000000000000000     
   820288179999979.88        0.0000000000000000        0.0000000000000000       -320000.00127665792        0.0000000000000000        0.0000000000000000       -1.1640424419974706E-008   0.0000000000000000        0.0000000000000000        1562.5000000000000        1.0000000000000000E-010   15625000000000.000        12.496817455940107        187452261839.10159        6.1791766352087887E-005   0.0000000000000000        0.0000000000000000        0.0000000000000000        2.2810550885618508E-023   0.0000000000000000        0.0000000000000000        0.0000000000000000     
   835913179999979.88        0.0000000000000000        0.0000000000000000       -320000.00138536352        0.0000000000000000        0.0000000000000000       -1.1118712812876704E-008   0.0000000000000000        0.0000000000000000        1562.5000000000000        1.0000000000000000E-010   15625000000000.000        12.496850144529033        187452752167.93546        6.1792406950426733E-005   0.0000000000000000        0.0000000000000000        0.0000000000000000        2.1761020712707073E-023   0.0000000000000000        0.0000000000000000        0.0000000000000000     
   851538179999979.88        0.0000000000000000        0.0000000000000000       -320000.00169079710        0.0000000000000000        0.0000000000000000       -1.0456257020493709E-008   0.0000000000000000        0.0000000000000000        1562.5000000000000        1.0000000000000000E-010   15625000000000.000        12.496852227996834        187452783419.95248        6.1792447053527383E-005   0.0000000000000000        0.0000000000000000        0.0000000000000000        2.0455789960631872E-023   0.0000000000000000        0.0000000000000000        0.0000000000000000     
   867163179999979.88        0.0000000000000000        0.0000000000000000       -320000.00168466748        0.0000000000000000        0.0000000000000000       -9.9343012403440650E-009   0.0000000000000000        0.0000000000000000        1562.5000000000000        1.0000000000000000E-010   15625000000000.000        12.496882763153605        187453241447.30408        6.1793044742426570E-005   0.0000000000000000        0.0000000000000000        0.0000000000000000        1.9427229570524445E-023   0.0000000000000000        0.0000000000000000        0.0000000000000000     
   882788179999979.88        0.0000000000000000        0.0000000000000000       -320000.00175205496        0.0000000000000000        0.0000000000000000       -8.6939790367911440E-009   0.0000000000000000        0.0000000000000000        1562.5000000000000        1.0000000000000000E-010   15625000000000.000        12.496883532273577        187453252984.10364        6.1793059353324755E-005   0.0000000000000000        0.0000000000000000        0.0000000000000000        1.6982642519291412E-023   0.0000000000000000        0.0000000000000000        0.0000000000000000     
   898413179999979.88        0.0000000000000000        0.0000000000000000       -320000.00201892521        0.0000000000000000        0.0000000000000000       -8.1744355735220387E-009   0.0000000000000000        0.0000000000000000        1562.5000000000000        1.0000000000000000E-010   15625000000000.000        12.496909603280313        187453644049.20468        6.1793569163541963E-005   0.0000000000000000        0.0000000000000000        0.0000000000000000        1.6067499121995284E-023   0.0000000000000000        0.0000000000000000        0.0000000000000000     
   914038179999979.88        0.0000000000000000        0.0000000000000000       -320000.00247239933        0.0000000000000000        0.0000000000000000       -1.1430497966117321E-008   0.0000000000000000        0.0000000000000000        1562.5000000000000        1.0000000000000000E-010   15625000000000.000        12.496909727701752        187453645915.52625        6.1793571333318190E-005   0.0000000000000000        0.0000000000000000        0.0000000000000000        1.2545731618938265E-023   0.0000000000000000        0.0000000000000000        0.0000000000000000     
   929663179999979.88        0.0000000000000000        0.0000000000000000       -320000.01176424319        0.0000000000000000        0.0000000000000000       -2.3347125210920486E-007   0.0000000000000000        0.0000000000000000        1562.5000000000000        1.0000000140867045E-010   15624999779895.248        12.496929298101398        187453936830.91272        6.1793950254662971E-005   0.0000000000000000        0.0000000000000000        0.0000000000000000        1.1772387179530399E-023   0.0000000000000000        0.0000000000000000        0.0000000000000000     
   945288179999979.88        0.0000000000000000        0.0000000000000000       -320004.47483631334        0.0000000000000000        0.0000000000000000       -5.3793228895282256E-005   0.0000000000000000        0.0000000000000000        1562.5000000000000        1.0000001408670061E-010   15624997798953.340        12.496931053593858        187453939397.83261        6.1793953091471775E-005   0.0000000000000000        0.0000000000000000        0.0000000000000000        7.3857781795168642E-024   0.0000000000000000        0.0000000000000000        0.0000000000000000     
   960913174717468.75        0.0000000000000000        0.0000000000000000       -320140.73614290002        0.0000000000000000        0.0000000000000000       -1.8507691988796197E-003   0.0000000000000000        0.0000000000000000        1562.5000000000000        9.9999992643945979E-011   15625001149383.527        12.496939250773066        187454102550.82101        6.1794166227327609E-005   0.0000000000000000        0.0000000000000000        0.0000000000000000        6.6993740278727896E-024   0.0000000000000000        0.0000000000000000        0.0000000000000000     
   976538179999980.00        0.0000000000000000        0.0000000000000000       -319955.86933845951        0.0000000000000000        0.0000000000000000        5.8067913145946686E-004   0.0000000000000000        0.0000000000000000        1562.5000000000000        9.9096773923622173E-011   15767415407531.641        12.384065209831467        187454112573.47830        6.1794181272985078E-005   0.0000000000000000        0.0000000000000000        0.0000000000000000        1.1223428766759780E-024   0.0000000000000000        0.0000000000000000        0.0000000000000000     
   992163207585325.12        0.0000000000000000        0.0000000000000000       -319273.33372257854        0.0000000000000000        0.0000000000000000        9.5611053120050506E-003   0.0000000000000000        0.0000000000000000        1562.5000000000000        6.8979773250359262E-011   22651567646199.293        8.6203614001236026        187454111414.00146        6.1794180702890448E-005   0.0000000000000000        0.0000000000000000        0.0000000000000000        6.4003876361487489E-025   0.0000000000000000        0.0000000000000000        0.0000000000000000     
