   58000.000000000000     
  -992168955926998.88        0.0000000000000000        0.0000000000000000        319445.43413731700        0.0000000000000000        0.0000000000000000       -9.5611635642727458E-003   0.0000000000000000        0.0000000000000000        1562.5000000000000        6.8979811744324210E-011   22651555005563.867        8.6204110225373345        187455085869.67047        6.1795446763244903E-005   0.0000000000000000        0.0000000000000000        0.0000000000000000       -9.6675875519008985E-025   0.0000000000000000        0.0000000000000000        0.0000000000000000     
  -976543939999975.38        0.0000000000000000        0.0000000000000000        319966.32157170621        0.0000000000000000        0.0000000000000000       -5.8067585097626938E-004   0.0000000000000000        0.0000000000000000        1562.5000000000000        9.9096813777278668E-011   15767409066367.547        12.384134734622998        187455089562.05939        6.1795450811226918E-005   0.0000000000000000        0.0000000000000000        0.0000000000000000       -1.8717920413688560E-024   0.0000000000000000        0.0000000000000000        0.0000000000000000     
  -960918936967464.12        0.0000000000000000        0.0000000000000000        320107.41823824344        0.0000000000000000        0.0000000000000000        1.8512214208885730E-003   0.0000000000000000        0.0000000000000000        1562.5000000000000        9.9999995752806123E-011   15625000663624.072        12.497003896625795        187455066410.96701        6.1795419346556164E-005   0.0000000000000000        0.0000000000000000        0.0000000000000000       -1.0281555233865646E-023   0.0000000000000000        0.0000000000000000        0.0000000000000000     
  -945293939999975.25        0.0000000000000000        0.0000000000000000        320003.50998336269        0.0000000000000000        0.0000000000000000        5.3411785040573239E-005   0.0000000000000000        0.0000000000000000        1562.5000000000000        1.0000000808669773E-010   15624998736453.582        12.496989102320912        187454821375.90887        6.1795100963849586E-005   0.0000000000000000        0.0000000000000000        0.0000000000000000       -1.1239010773022225E-023   0.0000000000000000        0.0000000000000000        0.0000000000000000     
  -929668939999975.25        0.0000000000000000        0.0000000000000000        320000.00800341705        0.0000000000000000        0.0000000000000000        1.8342406998441645E-007   0.0000000000000000        0.0000000000000000        1562.5000000000000        1.0000000080866989E-010   15624999873645.334        12.496987587022788        187454812289.45117        6.1795089655432858E-005   0.0000000000000000        0.0000000000000000        0.0000000000000000       -1.7544821947863515E-023   0.0000000000000000        0.0000000000000000        0.0000000000000000     
  -914043939999975.25        0.0000000000000000        0.0000000000000000        320000.00247239933        0.0000000000000000        0.0000000000000000        1.3637824687066784E-008   0.0000000000000000        0.0000000000000000        1562.5000000000000        1.0000000000000000E-010   15625000000000.000        12.496958902327579        187454383534.91367        6.1794533093857251E-005   0.0000000000000000        0.0000000000000000        0.0000000000000000       -1.8721134266228243E-023   0.0000000000000000        0.0000000000000000        0.0000000000000000     
  -898418939999975.25        0.0000000000000000        0.0000000000000000        320000.00201892521        0.0000000000000000        0.0000000000000000        1.1983877754274765E-008   0.0000000000000000        0.0000000000000000        1562.5000000000000        1.0000000000000000E-010   15625000000000.000        12.496958142387767        187454372135.81650        6.1794518738143991E-005   0.0000000000000000        0.0000000000000000        0.0000000000000000       -2.3397894818367493E-023   0.0000000000000000        0.0000000000000000        0.0000000000000000     
  -882793939999975.25        0.0000000000000000        0.0000000000000000        320000.00175205496        0.0000000000000000        0.0000000000000000        1.2738874541886680E-008   0.0000000000000000        0.0000000000000000        1562.5000000000000        1.0000000000000000E-010   15625000000000.000        12.496920751205449        187453811268.08173        6.1793789711388428E-005   0.0000000000000000        0.0000000000000000        0.0000000000000000       -2.4808757246374992E-023   0.0000000000000000        0.0000000000000000        0.0000000000000000     
  -867168939999975.25        0.0000000000000000        0.0000000000000000        320000.00168466748        0.0000000000000000        0.0000000000000000        1.4126439007033227E-008   0.0000000000000000        0.0000000000000000        1562.5000000000000        1.0000000000000000E-010   15625000000000.000        12.496918633949727        187453779509.24588        6.1793749269564195E-005   0.0000000000000000        0.0000000000000000        0.0000000000000000       -2.7553721700535754E-023   0.0000000000000000        0.0000000000000000        0.0000000000000000     
  -851543939999975.25        0.0000000000000000        0.0000000000000000        320000.00169079710        0.0000000000000000        0.0000000000000000        1.4909536605841427E-008   0.0000000000000000        0.0000000000000000        1562.5000000000000        1.0000000000000000E-010   15625000000000.000        12.496876403133003        187453146046.99500        6.1792924495687816E-005   0.0000000000000000        0.0000000000000000        0.0000000000000000       -2.9088703958625501E-023   0.0000000000000000        0.0000000000000000        0.0000000000000000     
  -835918939999975.25        0.0000000000000000        0.0000000000000000        320000.00138536352        0.0000000000000000        0.0000000000000000        1.5328806277595264E-008   0.0000000000000000        0.0000000000000000        1562.5000000000000        1.0000000000000000E-010   15625000000000.000        12.496871917443203        187453078761.64801        6.1792838249512413E-005   0.0000000000000000        0.0000000000000000        0.0000000000000000       -2.9940976996540093E-023   0.0000000000000000        0.0000000000000000        0.0000000000000000     
  -820293939999975.25        0.0000000000000000        0.0000000000000000        320000.00127665792        0.0000000000000000        0.0000000000000000        1.6047904502890010E-008   0.0000000000000000        0.0000000000000000        1562.5000000000000        1.0000000000000000E-010   15625000000000.000        12.496828656785997        187452429851.78995        6.1791991647921769E-005   0.0000000000000000        0.0000000000000000        0.0000000000000000       -3.1377926384541380E-023   0.0000000000000000        0.0000000000000000        0.0000000000000000     
  -804668939999975.25        0.0000000000000000        0.0000000000000000        320000.00012138061        0.0000000000000000        0.0000000000000000        1.5678173864251270E-008   0.0000000000000000        0.0000000000000000        1562.5000000000000        1.0000000000000000E-010   15625000000000.000        12.496821316683699        187452319750.25546        6.1791849880850962E-005   0.0000000000000000        0.0000000000000000        0.0000000000000000       -3.0648492504417759E-023   0.0000000000000000        0.0000000000000000        0.0000000000000000     
  -789043939999975.25        0.0000000000000000        0.0000000000000000        320000.00000000000        0.0000000000000000        0.0000000000000000        1.6220853766776062E-008   0.0000000000000000        0.0000000000000000        1562.5000000000000        1.0000000000000000E-010   15625000000000.000        12.496780101236315        187451701518.54468        6.1791041459908117E-005   0.0000000000000000        0.0000000000000000        0.0000000000000000       -3.1742911895648220E-023   0.0000000000000000        0.0000000000000000        0.0000000000000000     
  -773418939999975.25        0.0000000000000000        0.0000000000000000        320000.00000000000        0.0000000000000000        0.0000000000000000        1.5245868061050506E-008   0.0000000000000000        0.0000000000000000        1562.5000000000000        1.0000000000000000E-010   15625000000000.000        12.496770069244315        187451551038.66470        6.1790846944959779E-005   0.0000000000000000        0.0000000000000000        0.0000000000000000       -2.9884748006579113E-023   0.0000000000000000        0.0000000000000000        0.0000000000000000     
  -757793939999975.25        0.0000000000000000        0.0000000000000000        320000.00000000000        0.0000000000000000        0.0000000000000000        1.5526963252535298E-008   0.0000000000000000        0.0000000000000000        1562.5000000000000        1.0000000000000000E-010   15625000000000.000        12.496732966790427        187450994501.85635        6.1790117414872736E-005   0.0000000000000000        0.0000000000000000        0.0000000000000000       -3.0456063590649424E-023   0.0000000000000000        0.0000000000000000        0.0000000000000000     
  -742168939999975.25        0.0000000000000000        0.0000000000000000        320000.00000000000        0.0000000000000000        0.0000000000000000        1.4223263804374021E-008   0.0000000000000000        0.0000000000000000        1562.5000000000000        1.0000000000000000E-010   15625000000000.000        12.496720950365532        187450814255.48294        6.1789883550702302E-005   0.0000000000000000        0.0000000000000000        0.0000000000000000       -2.7937897171232146E-023   0.0000000000000000        0.0000000000000000        0.0000000000000000     
  -726543939999975.25        0.0000000000000000        0.0000000000000000        320000.00000000000        0.0000000000000000        0.0000000000000000        1.4199524247562272E-008   0.0000000000000000        0.0000000000000000        1562.5000000000000        1.0000000000000000E-010   15625000000000.000        12.496689032709131        187450335490.63696        6.1789254378636388E-005   0.0000000000000000        0.0000000000000000        0.0000000000000000       -2.7918137193253904E-023   0.0000000000000000        0.0000000000000000        0.0000000000000000     
  -710918939999975.25        0.0000000000000000        0.0000000000000000        320000.00000000000        0.0000000000000000        0.0000000000000000        1.2768567561684244E-008   0.0000000000000000        0.0000000000000000        1562.5000000000000        1.0000000000000000E-010   15625000000000.000        12.496676041156869        187450140617.35300        6.1789000595884047E-005   0.0000000000000000        0.0000000000000000        0.0000000000000000       -2.5137173267604849E-023   0.0000000000000000        0.0000000000000000        0.0000000000000000     
  -695293939999975.25        0.0000000000000000        0.0000000000000000        320000.00000000000        0.0000000000000000        0.0000000000000000        1.2466279579604087E-008   0.0000000000000000        0.0000000000000000        1562.5000000000000        1.0000000000000000E-010   15625000000000.000        12.496649580207555        187449743703.11328        6.1788477661607816E-005   0.0000000000000000        0.0000000000000000        0.0000000000000000       -2.4572275020935325E-023   0.0000000000000000        0.0000000000000000        0.0000000000000000     
  -679668939999975.25        0.0000000000000000        0.0000000000000000        320000.00000000000        0.0000000000000000        0.0000000000000000        1.1054443185820541E-008   0.0000000000000000        0.0000000000000000        1562.5000000000000        1.0000000000000000E-010   15625000000000.000        12.496636657239820        187449549858.59726        6.1788224281012665E-005   0.0000000000000000        0.0000000000000000        0.0000000000000000       -2.1815450772667139E-023   0.0000000000000000        0.0000000000000000        0.0000000000000000     
  -664043939999975.25        0.0000000000000000        0.0000000000000000        320000.00000000000        0.0000000000000000        0.0000000000000000        1.0540691879210962E-008   0.0000000000000000        0.0000000000000000        1562.5000000000000        1.0000000000000000E-010   15625000000000.000        12.496615389466909        187449230842.00363        6.1787802924217358E-005   0.0000000000000000        0.0000000000000000        0.0000000000000000       -2.0831338367240568E-023   0.0000000000000000        0.0000000000000000        0.0000000000000000     
  -648418939999975.25        0.0000000000000000        0.0000000000000000        320000.00000000000        0.0000000000000000        0.0000000000000000        9.2367692179992974E-009   0.0000000000000000        0.0000000000000000        1562.5000000000000        1.0000000000000000E-010   15625000000000.000        12.496603409670827        187449051145.06238        6.1787567175748882E-005   0.0000000000000000        0.0000000000000000        0.0000000000000000       -1.8274575442961054E-023   0.0000000000000000        0.0000000000000000        0.0000000000000000     
  -632793939999975.25        0.0000000000000000        0.0000000000000000        320000.00000000000        0.0000000000000000        0.0000000000000000        8.5941840698846318E-009   0.0000000000000000        0.0000000000000000        1562.5000000000000        1.0000000000000000E-010   15625000000000.000        12.496586782555912        187448801738.33865        6.1787236962357935E-005   0.0000000000000000        0.0000000000000000        0.0000000000000000       -1.7029424137692566E-023   0.0000000000000000        0.0000000000000000        0.0000000000000000     
  -617168939999975.25        0.0000000000000000        0.0000000000000000        320000.00000000000        0.0000000000000000        0.0000000000000000        7.4400724595767951E-009   0.0000000000000000        0.0000000000000000        1562.5000000000000        1.0000000000000000E-010   15625000000000.000        12.496576349788450        187448645246.82672        6.1787030933815781E-005   0.0000000000000000        0.0000000000000000        0.0000000000000000       -1.4757264437177387E-023   0.0000000000000000        0.0000000000000000        0.0000000000000000     
  -601543939999975.25        0.0000000000000000        0.0000000000000000        320000.00000000000        0.0000000000000000        0.0000000000000000        6.7448315405259748E-009   0.0000000000000000        0.0000000000000000        1562.5000000000000        1.0000000000000000E-010   15625000000000.000        12.496563708516735        187448455627.75101        6.1786779309496730E-005   0.0000000000000000        0.0000000000000000        0.0000000000000000       -1.3398824056305652E-023   0.0000000000000000        0.0000000000000000        0.0000000000000000     
  -585918939999975.25        0.0000000000000000        0.0000000000000000        320000.00000000000        0.0000000000000000        0.0000000000000000        5.7484481764333822E-009   0.0000000000000000        0.0000000000000000        1562.5000000000000        9.9999999999999551E-011   15625000000000.068        12.496555149189195        187448327237.83875        6.1786609730196990E-005   0.0000000000000000        0.0000000000000000        0.0000000000000000       -1.1429073457456850E-023   0.0000000000000000        0.0000000000000000        0.0000000000000000     
  -570293939999975.25        0.0000000000000000        0.0000000000000000        320000.00000000000        0.0000000000000000        0.0000000000000000        5.0563696948276350E-009   0.0000000000000000        0.0000000000000000        1562.5000000000000        9.9999999999995053E-011   15625000000000.771        12.496545859032098        187448187885.49072        6.1786424439524726E-005   0.0000000000000000        0.0000000000000000        0.0000000000000000       -1.0066854859804497E-023   0.0000000000000000        0.0000000000000000        0.0000000000000000     
  -554668939999973.56        0.0000000000000000        0.0000000000000000        320000.00000000000        0.0000000000000000        0.0000000000000000        4.2031898268013448E-009   0.0000000000000000        0.0000000000000000        1562.5000000000000        9.9999999999995053E-011   15625000000000.771        12.496539279261409        187448089188.93039        6.1786293730989273E-005   0.0000000000000000        0.0000000000000000        0.0000000000000000       -8.3723936422347879E-024   0.0000000000000000        0.0000000000000000        0.0000000000000000     
  -539043939999973.56        0.0000000000000000        0.0000000000000000        320000.00000000000        0.0000000000000000        0.0000000000000000        3.5436046980541009E-009   0.0000000000000000        0.0000000000000000        1562.5000000000000        9.9999999999999551E-011   15625000000000.068        12.496532795223308        187447991928.35046        6.1786164231001473E-005   0.0000000000000000        0.0000000000000000        0.0000000000000000       -7.0654585870117126E-024   0.0000000000000000        0.0000000000000000        0.0000000000000000     
  -523418939999973.56        0.0000000000000000        0.0000000000000000        320000.00000000000        0.0000000000000000        0.0000000000000000        2.8024911256630653E-009   0.0000000000000000        0.0000000000000000        1562.5000000000000        1.0000000000000000E-010   15625000000000.000        12.496528168671214        187447922530.06818        6.1786072167813684E-005   0.0000000000000000        0.0000000000000000        0.0000000000000000       -5.5864552805393851E-024   0.0000000000000000        0.0000000000000000        0.0000000000000000     
  -507793939999973.56        0.0000000000000000        0.0000000000000000        320000.00000000000        0.0000000000000000        0.0000000000000000        2.1804519684757106E-009   0.0000000000000000        0.0000000000000000        1562.5000000000000        1.0000000000000000E-010   15625000000000.000        12.496524080636449        187447861209.54669        6.1785990524310488E-005   0.0000000000000000        0.0000000000000000        0.0000000000000000       -4.3461762519343248E-024   0.0000000000000000        0.0000000000000000        0.0000000000000000     
  -492168939999973.56        0.0000000000000000        0.0000000000000000        320000.00000000000        0.0000000000000000        0.0000000000000000        1.5090875156490828E-009   0.0000000000000000        0.0000000000000000        1562.5000000000000        1.0000000000000000E-010   15625000000000.000        12.496521332419551        187447819986.29324        6.1785935877168926E-005   0.0000000000000000        0.0000000000000000        0.0000000000000000       -2.9997817334532018E-024   0.0000000000000000        0.0000000000000000        0.0000000000000000     
  -476543939999973.56        0.0000000000000000        0.0000000000000000        320000.00000000000        0.0000000000000000        0.0000000000000000        9.0867265960990326E-010   0.0000000000000000        0.0000000000000000        1562.5000000000000        1.0000000000000000E-010   15625000000000.000        12.496519391335230        187447790870.02844        6.1785897321354582E-005   0.0000000000000000        0.0000000000000000        0.0000000000000000       -1.7966164761419250E-024   0.0000000000000000        0.0000000000000000        0.0000000000000000     
  -460918939999973.56        0.0000000000000000        0.0000000000000000        320000.00000000000        0.0000000000000000        0.0000000000000000        2.5408826475406734E-010   0.0000000000000000        0.0000000000000000        1562.5000000000000        1.0000000000000000E-010   15625000000000.000        12.496518471276461        187447777069.14688        6.1785879279222693E-005   0.0000000000000000        0.0000000000000000        0.0000000000000000       -4.7864091484399225E-025   0.0000000000000000        0.0000000000000000        0.0000000000000000     
  -445293939999973.56        0.0000000000000000        0.0000000000000000        320000.00000000000        0.0000000000000000        0.0000000000000000       -3.5488644289625397E-010   0.0000000000000000        0.0000000000000000        1562.5000000000000        1.0000000000000000E-010   15625000000000.000        12.496518617067185        187447779256.00775        6.1785882772594260E-005   0.0000000000000000        0.0000000000000000        0.0000000000000000        7.4521967134526240E-025   0.0000000000000000        0.0000000000000000        0.0000000000000000     
  -429668939999973.56        0.0000000000000000        0.0000000000000000        320000.00000000000        0.0000000000000000        0.0000000000000000       -1.0568614252065119E-009   0.0000000000000000        0.0000000000000000        1562.5000000000000        1.0000000000000000E-010   15625000000000.000        12.496519546849894        187447793202.74841        6.1785901874429080E-005   0.0000000000000000        0.0000000000000000        0.0000000000000000        2.1616094090463194E-024   0.0000000000000000        0.0000000000000000        0.0000000000000000     
  -414043939999973.56        0.0000000000000000        0.0000000000000000        320000.00000000000        0.0000000000000000        0.0000000000000000       -1.7121036424322601E-009   0.0000000000000000        0.0000000000000000        1562.5000000000000        1.0000000000000000E-010   15625000000000.000        12.496521943749430        187447829156.24142        6.1785950826667474E-005   0.0000000000000000        0.0000000000000000        0.0000000000000000        3.4787752185922003E-024   0.0000000000000000        0.0000000000000000        0.0000000000000000     
  -398418939999973.56        0.0000000000000000        0.0000000000000000        320000.00000000000        0.0000000000000000        0.0000000000000000       -2.5394423200921567E-009   0.0000000000000000        0.0000000000000000        1562.5000000000000        1.0000000000000000E-010   15625000000000.000        12.496524836487222        187447872547.30829        6.1786009342018947E-005   0.0000000000000000        0.0000000000000000        0.0000000000000000        5.1480772152457290E-024   0.0000000000000000        0.0000000000000000        0.0000000000000000     
  -382793939999973.56        0.0000000000000000        0.0000000000000000        320000.00000000000        0.0000000000000000        0.0000000000000000       -3.2785243709791637E-009   0.0000000000000000        0.0000000000000000        1562.5000000000000        1.0000000000000000E-010   15625000000000.000        12.496529924145637        187447948862.18454        6.1786112637402560E-005   0.0000000000000000        0.0000000000000000        0.0000000000000000        6.6306349317757954E-024   0.0000000000000000        0.0000000000000000        0.0000000000000000     
  -367168939999973.56        0.0000000000000000        0.0000000000000000        320000.00000000000        0.0000000000000000        0.0000000000000000       -4.3272752434196588E-009   0.0000000000000000        0.0000000000000000        1562.5000000000000        1.0000000000000000E-010   15625000000000.000        12.496534971331346        187448024569.97018        6.1786214296033942E-005   0.0000000000000000        0.0000000000000000        0.0000000000000000        8.7433144639256811E-024   0.0000000000000000        0.0000000000000000        0.0000000000000000     
  -351543939999973.56        0.0000000000000000        0.0000000000000000        320000.00000000000        0.0000000000000000        0.0000000000000000       -5.1785559412911641E-009   0.0000000000000000        0.0000000000000000        1562.5000000000000        1.0000000000000000E-010   15625000000000.000        12.496543539143294        187448153087.14941        6.1786387774616936E-005   0.0000000000000000        0.0000000000000000        0.0000000000000000        1.0444699316879944E-023   0.0000000000000000        0.0000000000000000        0.0000000000000000     
  -335918939999973.56        0.0000000000000000        0.0000000000000000        320000.00000000000        0.0000000000000000        0.0000000000000000       -6.5685196715013845E-009   0.0000000000000000        0.0000000000000000        1562.5000000000000        1.0000000000000000E-010   15625000000000.000        12.496550958239352        187448264373.59027        6.1786536712799158E-005   0.0000000000000000        0.0000000000000000        0.0000000000000000        1.3238104520390802E-023   0.0000000000000000        0.0000000000000000        0.0000000000000000     
  -320293939999973.56        0.0000000000000000        0.0000000000000000        320000.00000000000        0.0000000000000000        0.0000000000000000       -7.5402365171901591E-009   0.0000000000000000        0.0000000000000000        1562.5000000000000        1.0000000000000000E-010   15625000000000.000        12.496564249607724        187448463744.11581        6.1786805231994237E-005   0.0000000000000000        0.0000000000000000        0.0000000000000000        1.5171562000374930E-023   0.0000000000000000        0.0000000000000000        0.0000000000000000     
  -304668939999973.56        0.0000000000000000        0.0000000000000000        320000.00000000000        0.0000000000000000        0.0000000000000000       -9.4209338902953508E-009   0.0000000000000000        0.0000000000000000        1562.5000000000000        1.0000000000000022E-010   15624999999999.965        12.496574184520366        187448612767.80505        6.1787004011456081E-005   0.0000000000000000        0.0000000000000000        0.0000000000000000        1.8941247291835557E-023   0.0000000000000000        0.0000000000000000        0.0000000000000000     
  -289043939999973.56        0.0000000000000000        0.0000000000000000        320000.00000000000        0.0000000000000000        0.0000000000000000       -1.0489124266047715E-008   0.0000000000000000        0.0000000000000000        1562.5000000000000        1.0000000000000219E-010   15624999999999.660        12.496594033309846        187448910499.64359        6.1787404123797845E-005   0.0000000000000000        0.0000000000000000        0.0000000000000000        2.1056342937988817E-023   0.0000000000000000        0.0000000000000000        0.0000000000000000     
  -273418939999974.31        0.0000000000000000        0.0000000000000000        320000.00000000000        0.0000000000000000        0.0000000000000000       -1.3043892873907603E-008   0.0000000000000000        0.0000000000000000        1562.5000000000000        1.0000000000000219E-010   15624999999999.660        12.496606403869233        187449096058.03439        6.1787650762497515E-005   0.0000000000000000        0.0000000000000000        0.0000000000000000        2.6163443671152911E-023   0.0000000000000000        0.0000000000000000        0.0000000000000000     
  -257793939999974.31        0.0000000000000000        0.0000000000000000        320000.00000000000        0.0000000000000000        0.0000000000000000       -1.4141569984146182E-008   0.0000000000000000        0.0000000000000000        1562.5000000000000        1.0000000000000021E-010   15624999999999.969        12.496635395631923        187449530934.47842        6.1788233850181636E-005   0.0000000000000000        0.0000000000000000        0.0000000000000000        2.8325461195327675E-023   0.0000000000000000        0.0000000000000000        0.0000000000000000     
  -242168939999974.31        0.0000000000000000        0.0000000000000000        320000.00000000000        0.0000000000000000        0.0000000000000000       -1.7585974168696770E-008   0.0000000000000000        0.0000000000000000        1562.5000000000000        1.0000000000000000E-010   15625000000000.000        12.496649704026913        187449745560.40369        6.1788518038994851E-005   0.0000000000000000        0.0000000000000000        0.0000000000000000        3.5192745412666071E-023   0.0000000000000000        0.0000000000000000        0.0000000000000000     
  -226543939999974.31        0.0000000000000000        0.0000000000000000        320000.00000000000        0.0000000000000000        0.0000000000000000       -1.8597828590348738E-008   0.0000000000000000        0.0000000000000000        1562.5000000000000        1.0000000000000000E-010   15625000000000.000        12.496691337068919        187450370056.03375        6.1789353406772733E-005   0.0000000000000000        0.0000000000000000        0.0000000000000000        3.7173338305916560E-023   0.0000000000000000        0.0000000000000000        0.0000000000000000     
  -210918939999974.31        0.0000000000000000        0.0000000000000000        320000.00000000000        0.0000000000000000        0.0000000000000000       -2.3167871244070533E-008   0.0000000000000000        0.0000000000000000        1562.5000000000000        1.0000000000000000E-010   15625000000000.000        12.496706459127820        187450596886.91730        6.1789652476116296E-005   0.0000000000000000        0.0000000000000000        0.0000000000000000        4.6260978055465560E-023   0.0000000000000000        0.0000000000000000        0.0000000000000000     
  -195293939999974.31        0.0000000000000000        0.0000000000000000        320000.00000000000        0.0000000000000000        0.0000000000000000       -2.3937666740838801E-008   0.0000000000000000        0.0000000000000000        1562.5000000000000        1.0000000000000000E-010   15625000000000.000        12.496765258547983        187451478878.21970        6.1790829480831911E-005   0.0000000000000000        0.0000000000000000        0.0000000000000000        4.7750793954476563E-023   0.0000000000000000        0.0000000000000000        0.0000000000000000     
  -179668939999974.31        0.0000000000000000        0.0000000000000000        319999.99987811316        0.0000000000000000        0.0000000000000000       -2.9861382850596654E-008   0.0000000000000000        0.0000000000000000        1562.5000000000000        1.0000000000000000E-010   15625000000000.000        12.496779273062682        187451689095.94022        6.1791105165173870E-005   0.0000000000000000        0.0000000000000000        0.0000000000000000        5.9503649654414852E-023   0.0000000000000000        0.0000000000000000        0.0000000000000000     
  -164043939999974.31        0.0000000000000000        0.0000000000000000        319999.99980836536        0.0000000000000000        0.0000000000000000       -3.0219450841597959E-008   0.0000000000000000        0.0000000000000000        1562.5000000000000        1.0000000000000002E-010   15625000000000.000        12.496860789882168        187452911848.23248        6.1792733063929919E-005   0.0000000000000000        0.0000000000000000        0.0000000000000000        6.0156290301307763E-023   0.0000000000000000        0.0000000000000000        0.0000000000000000     
  -148418939999974.31        0.0000000000000000        0.0000000000000000        319999.99884439463        0.0000000000000000        0.0000000000000000       -3.7656325852546573E-008   0.0000000000000000        0.0000000000000000        1562.5000000000000        1.0000000000000004E-010   15624999999999.994        12.496870922386055        187453063835.79074        6.1792930513756617E-005   0.0000000000000000        0.0000000000000000        0.0000000000000000        7.4920358274771371E-023   0.0000000000000000        0.0000000000000000        0.0000000000000000     
  -132793939999974.33        0.0000000000000000        0.0000000000000000        319999.99879044353        0.0000000000000000        0.0000000000000000       -3.7439199847396671E-008   0.0000000000000000        0.0000000000000000        1562.5000000000000        1.0000000000000004E-010   15624999999999.994        12.496981541387195        187454723120.80780        6.1795134603867427E-005   0.0000000000000000        0.0000000000000000        0.0000000000000000        7.4423753021938560E-023   0.0000000000000000        0.0000000000000000        0.0000000000000000     
  -117168939999974.33        0.0000000000000000        0.0000000000000000        319999.99801796390        0.0000000000000000        0.0000000000000000       -4.6495935589650033E-008   0.0000000000000000        0.0000000000000000        1562.5000000000000        1.0000000000000003E-010   15624999999999.994        12.496984285639369        187454764284.59048        6.1795184900151831E-005   0.0000000000000000        0.0000000000000000        0.0000000000000000        9.2345937805495057E-023   0.0000000000000000        0.0000000000000000        0.0000000000000000     
  -101543939999974.33        0.0000000000000000        0.0000000000000000        319999.99797804665        0.0000000000000000        0.0000000000000000       -4.5593948787292012E-008   0.0000000000000000        0.0000000000000000        1562.5000000000000        9.9999999999999939E-011   15625000000000.010        12.497130799497885        187456961992.46838        6.1798098107361014E-005   0.0000000000000000        0.0000000000000000        0.0000000000000000        9.0516057554010486E-023   0.0000000000000000        0.0000000000000000        0.0000000000000000     
  -85918939999974.328        0.0000000000000000        0.0000000000000000        319999.99739499576        0.0000000000000000        0.0000000000000000       -5.6136229178552273E-008   0.0000000000000000        0.0000000000000000        1562.5000000000000        9.9999999999999396E-011   15625000000000.096        12.497122270932000        187456834063.98111        6.1797925205497805E-005   0.0000000000000000        0.0000000000000000        0.0000000000000000        1.1144374278576428E-022   0.0000000000000000        0.0000000000000000        0.0000000000000000     
  -70293939999974.117        0.0000000000000000        0.0000000000000000        319999.99737151462        0.0000000000000000        0.0000000000000000       -5.3474173419798858E-008   0.0000000000000000        0.0000000000000000        1562.5000000000000        9.9999999999999396E-011   15625000000000.096        12.497311211744577        187459668176.16977        6.1801675071990441E-005   0.0000000000000000        0.0000000000000000        0.0000000000000000        1.0830636480245143E-022   0.0000000000000000        0.0000000000000000        0.0000000000000000     
  -54668939999974.117        0.0000000000000000        0.0000000000000000        320000.00331748137        0.0000000000000000        0.0000000000000000        1.5645467873968780E-007   0.0000000000000000        0.0000000000000000        1562.5000000000000        1.0000000133289042E-010   15624999791735.873        12.497287873701522        187459315606.89557        6.1801206657402223E-005   0.0000000000000000        0.0000000000000000        0.0000000000000000        1.3172918323160809E-022   0.0000000000000000        0.0000000000000000        0.0000000000000000     
  -39043939999974.117        0.0000000000000000        0.0000000000000000        319999.99205977510        0.0000000000000000        0.0000000000000000       -2.4136830774107796E-007   0.0000000000000000        0.0000000000000000        1562.5000000000000        1.0000002791667027E-010   15624995638021.486        12.497528013698005        187462867872.07935        6.1805898475117746E-005   0.0000000000000000        0.0000000000000000        0.0000000000000000        1.2755785842439419E-022   0.0000000000000000        0.0000000000000000        0.0000000000000000     
  -23418944998310.516        0.0000000000000000        0.0000000000000000        319827.40199523431        0.0000000000000000        0.0000000000000000       -2.9881608439153930E-003   0.0000000000000000        0.0000000000000000        1562.5000000000000        1.0001007098016534E-010   15623426567809.209        12.498751593037650        187462394594.98758        6.1805089617474502E-005   0.0000000000000000        0.0000000000000000        0.0000000000000000        1.5279588389130881E-022   0.0000000000000000        0.0000000000000000        0.0000000000000000     
  -7793994703808.7549        0.0000000000000000        0.0000000000000000        318115.82025538932        0.0000000000000000        0.0000000000000000       -3.2374244580462938E-002   0.0000000000000000        0.0000000000000000        1562.5000000000000        1.0010892992517123E-010   15607998219219.076        12.511478900127257        187467974777.26395        6.1810679652935148E-005   0.0000000000000000        0.0000000000000000        0.0000000000000000        1.4690574734302944E-022   0.0000000000000000        0.0000000000000000        0.0000000000000000     
   7793994703808.7549        0.0000000000000000        0.0000000000000000       -318115.82025538932        0.0000000000000000        0.0000000000000000        3.2374244580462938E-002   0.0000000000000000        0.0000000000000000        1562.5000000000000        1.0010892992517123E-010   15607998219219.076        12.511478900127257        187467974777.26395        6.1810679652935148E-005   0.0000000000000000        0.0000000000000000        0.0000000000000000       -1.4690574734302944E-022   0.0000000000000000        0.0000000000000000        0.0000000000000000     
   23418944998310.516        0.0000000000000000        0.0000000000000000       -319827.40199523431        0.0000000000000000        0.0000000000000000        2.9881608439153930E-003   0.0000000000000000        0.0000000000000000        1562.5000000000000        1.0001007098016534E-010   15623426567809.209        12.498751593037650        187462394594.98758        6.1805089617474502E-005   0.0000000000000000        0.0000000000000000        0.0000000000000000       -1.5279588389130881E-022   0.0000000000000000        0.0000000000000000        0.0000000000000000     
   39043939999974.117        0.0000000000000000        0.0000000000000000       -319999.99205977510        0.0000000000000000        0.0000000000000000        2.4136830774064428E-007   0.0000000000000000        0.0000000000000000        1562.5000000000000        1.0000002791667026E-010   15624995638021.488        12.497528013698004        187462867872.07935        6.1805898475117746E-005   0.0000000000000000        0.0000000000000000        0.0000000000000000       -1.2755785842439412E-022   0.0000000000000000        0.0000000000000000        0.0000000000000000     
   54668939999974.117        0.0000000000000000        0.0000000000000000       -320000.00331748137        0.0000000000000000        0.0000000000000000       -1.5645467874001306E-007   0.0000000000000000        0.0000000000000000        1562.5000000000000        1.0000000133289042E-010   15624999791735.873        12.497287873701522        187459315606.89557        6.1801206657402223E-005   0.0000000000000000        0.0000000000000000        0.0000000000000000       -1.3172918323160809E-022   0.0000000000000000        0.0000000000000000        0.0000000000000000     
   70293939999974.117        0.0000000000000000        0.0000000000000000       -319999.99737151462        0.0000000000000000        0.0000000000000000        5.3474173419798858E-008   0.0000000000000000        0.0000000000000000        1562.5000000000000        9.9999999999999396E-011   15625000000000.096        12.497311211744577        187459668176.16977        6.1801675071990441E-005   0.0000000000000000        0.0000000000000000        0.0000000000000000       -1.0830636480245143E-022   0.0000000000000000        0.0000000000000000        0.0000000000000000     
   85918939999974.328        0.0000000000000000        0.0000000000000000       -319999.99739499576        0.0000000000000000        0.0000000000000000        5.6136229178552273E-008   0.0000000000000000        0.0000000000000000        1562.5000000000000        9.9999999999999396E-011   15625000000000.096        12.497122270932000        187456834063.98111        6.1797925205497805E-005   0.0000000000000000        0.0000000000000000        0.0000000000000000       -1.1144374278576428E-022   0.0000000000000000        0.0000000000000000        0.0000000000000000     
   101543939999974.33        0.0000000000000000        0.0000000000000000       -319999.99797804665        0.0000000000000000        0.0000000000000000        4.5593948787292012E-008   0.0000000000000000        0.0000000000000000        1562.5000000000000        9.9999999999999939E-011   15625000000000.010        12.497130799497885        187456961992.46838        6.1798098107361014E-005   0.0000000000000000        0.0000000000000000        0.0000000000000000       -9.0516057554010486E-023   0.0000000000000000        0.0000000000000000        0.0000000000000000     
   117168939999974.33        0.0000000000000000        0.0000000000000000       -319999.99801796390        0.0000000000000000        0.0000000000000000        4.6495935589650033E-008   0.0000000000000000        0.0000000000000000        1562.5000000000000        1.0000000000000003E-010   15624999999999.994        12.496984285639369        187454764284.59048        6.1795184900151831E-005   0.0000000000000000        0.0000000000000000        0.0000000000000000       -9.2345937805495057E-023   0.0000000000000000        0.0000000000000000        0.0000000000000000     
   132793939999974.33        0.0000000000000000        0.0000000000000000       -319999.99879044353        0.0000000000000000        0.0000000000000000        3.7439199847396671E-008   0.0000000000000000        0.0000000000000000        1562.5000000000000        1.0000000000000004E-010   15624999999999.994        12.496981541387195        187454723120.80780        6.1795134603867427E-005   0.0000000000000000        0.0000000000000000        0.0000000000000000       -7.4423753021938560E-023   0.0000000000000000        0.0000000000000000        0.0000000000000000     
   148418939999974.31        0.0000000000000000        0.0000000000000000       -319999.99884439463        0.0000000000000000        0.0000000000000000        3.7656325852546573E-008   0.0000000000000000        0.0000000000000000        1562.5000000000000        1.0000000000000004E-010   15624999999999.994        12.496870922386055        187453063835.79074        6.1792930513756617E-005   0.0000000000000000        0.0000000000000000        0.0000000000000000       -7.4920358274771371E-023   0.0000000000000000        0.0000000000000000        0.0000000000000000     
   164043939999974.31        0.0000000000000000        0.0000000000000000       -319999.99980836536        0.0000000000000000        0.0000000000000000        3.0219450841597959E-008   0.0000000000000000        0.0000000000000000        1562.5000000000000        1.0000000000000002E-010   15625000000000.000        12.496860789882168        187452911848.23248        6.1792733063929919E-005   0.0000000000000000        0.0000000000000000        0.0000000000000000       -6.0156290301307763E-023   0.0000000000000000        0.0000000000000000        0.0000000000000000     
   179668939999974.31        0.0000000000000000        0.0000000000000000       -319999.99987811316        0.0000000000000000        0.0000000000000000        2.9861382850162973E-008   0.0000000000000000        0.0000000000000000        1562.5000000000000        1.0000000000000000E-010   15625000000000.000        12.496779273062682        187451689095.94022        6.1791105165173870E-005   0.0000000000000000        0.0000000000000000        0.0000000000000000       -5.9503649654414852E-023   0.0000000000000000        0.0000000000000000        0.0000000000000000     
   195293939999974.31        0.0000000000000000        0.0000000000000000       -320000.00000000000        0.0000000000000000        0.0000000000000000        2.3937666740621960E-008   0.0000000000000000        0.0000000000000000        1562.5000000000000        1.0000000000000000E-010   15625000000000.000        12.496765258547983        187451478878.21970        6.1790829480831911E-005   0.0000000000000000        0.0000000000000000        0.0000000000000000       -4.7750793954476569E-023   0.0000000000000000        0.0000000000000000        0.0000000000000000     
   210918939999974.31        0.0000000000000000        0.0000000000000000       -320000.00000000000        0.0000000000000000        0.0000000000000000        2.3167871243101098E-008   0.0000000000000000        0.0000000000000000        1562.5000000000000        1.0000000000000000E-010   15625000000000.000        12.496706459127820        187450596886.91730        6.1789652476116296E-005   0.0000000000000000        0.0000000000000000        0.0000000000000000       -4.6260978055465536E-023   0.0000000000000000        0.0000000000000000        0.0000000000000000     
   226543939999974.31        0.0000000000000000        0.0000000000000000       -320000.00000000000        0.0000000000000000        0.0000000000000000        1.8597828592733983E-008   0.0000000000000000        0.0000000000000000        1562.5000000000000        1.0000000000000000E-010   15625000000000.000        12.496691337068919        187450370056.03375        6.1789353406772733E-005   0.0000000000000000        0.0000000000000000        0.0000000000000000       -3.7173338305916560E-023   0.0000000000000000        0.0000000000000000        0.0000000000000000     
   242168939999974.31        0.0000000000000000        0.0000000000000000       -320000.00000000000        0.0000000000000000        0.0000000000000000        1.7585974170625034E-008   0.0000000000000000        0.0000000000000000        1562.5000000000000        1.0000000000000000E-010   15625000000000.000        12.496649704026913        187449745560.40369        6.1788518038994851E-005   0.0000000000000000        0.0000000000000000        0.0000000000000000       -3.5192745412666060E-023   0.0000000000000000        0.0000000000000000        0.0000000000000000     
   257793939999974.31        0.0000000000000000        0.0000000000000000       -320000.00000000000        0.0000000000000000        0.0000000000000000        1.4141569985045602E-008   0.0000000000000000        0.0000000000000000        1562.5000000000000        1.0000000000000022E-010   15624999999999.965        12.496635395631923        187449530934.47842        6.1788233850181636E-005   0.0000000000000000        0.0000000000000000        0.0000000000000000       -2.8325461195327663E-023   0.0000000000000000        0.0000000000000000        0.0000000000000000     
   273418939999974.31        0.0000000000000000        0.0000000000000000       -320000.00000000000        0.0000000000000000        0.0000000000000000        1.3043892870546576E-008   0.0000000000000000        0.0000000000000000        1562.5000000000000        1.0000000000000219E-010   15624999999999.660        12.496606403869233        187449096058.03439        6.1787650762497515E-005   0.0000000000000000        0.0000000000000000        0.0000000000000000       -2.6163443671152911E-023   0.0000000000000000        0.0000000000000000        0.0000000000000000     
   289043939999973.56        0.0000000000000000        0.0000000000000000       -320000.00000000000        0.0000000000000000        0.0000000000000000        1.0489124266645107E-008   0.0000000000000000        0.0000000000000000        1562.5000000000000        1.0000000000000219E-010   15624999999999.658        12.496594033309846        187448910499.64359        6.1787404123797845E-005   0.0000000000000000        0.0000000000000000        0.0000000000000000       -2.1056342937988823E-023   0.0000000000000000        0.0000000000000000        0.0000000000000000     
   304668939999973.56        0.0000000000000000        0.0000000000000000       -320000.00000000000        0.0000000000000000        0.0000000000000000        9.4209338881269465E-009   0.0000000000000000        0.0000000000000000        1562.5000000000000        1.0000000000000021E-010   15624999999999.969        12.496574184520364        187448612767.80505        6.1787004011456081E-005   0.0000000000000000        0.0000000000000000        0.0000000000000000       -1.8941247291835566E-023   0.0000000000000000        0.0000000000000000        0.0000000000000000     
   320293939999973.56        0.0000000000000000        0.0000000000000000       -320000.00000000000        0.0000000000000000        0.0000000000000000        7.5402365187080421E-009   0.0000000000000000        0.0000000000000000        1562.5000000000000        1.0000000000000000E-010   15625000000000.000        12.496564249607724        187448463744.11581        6.1786805231994237E-005   0.0000000000000000        0.0000000000000000        0.0000000000000000       -1.5171562000374930E-023   0.0000000000000000        0.0000000000000000        0.0000000000000000     
   335918939999973.56        0.0000000000000000        0.0000000000000000       -320000.00000000000        0.0000000000000000        0.0000000000000000        6.5685196723687462E-009   0.0000000000000000        0.0000000000000000        1562.5000000000000        1.0000000000000000E-010   15625000000000.000        12.496550958239352        187448264373.59027        6.1786536712799158E-005   0.0000000000000000        0.0000000000000000        0.0000000000000000       -1.3238104520390802E-023   0.0000000000000000        0.0000000000000000        0.0000000000000000     
   351543939999973.56        0.0000000000000000        0.0000000000000000       -320000.00000000000        0.0000000000000000        0.0000000000000000        5.1785559404238023E-009   0.0000000000000000        0.0000000000000000        1562.5000000000000        1.0000000000000000E-010   15625000000000.000        12.496543539143294        187448153087.14941        6.1786387774616936E-005   0.0000000000000000        0.0000000000000000        0.0000000000000000       -1.0444699316879944E-023   0.0000000000000000        0.0000000000000000        0.0000000000000000     
   367168939999973.56        0.0000000000000000        0.0000000000000000       -320000.00000000000        0.0000000000000000        0.0000000000000000        4.3272752434196588E-009   0.0000000000000000        0.0000000000000000        1562.5000000000000        1.0000000000000000E-010   15625000000000.000        12.496534971331346        187448024569.97018        6.1786214296033942E-005   0.0000000000000000        0.0000000000000000        0.0000000000000000       -8.7433144639256811E-024   0.0000000000000000        0.0000000000000000        0.0000000000000000     
   382793939999973.56        0.0000000000000000        0.0000000000000000       -320000.00000000000        0.0000000000000000        0.0000000000000000        3.2785243709791637E-009   0.0000000000000000        0.0000000000000000        1562.5000000000000        1.0000000000000000E-010   15625000000000.000        12.496529924145637        187447948862.18454        6.1786112637402560E-005   0.0000000000000000        0.0000000000000000        0.0000000000000000       -6.6306349317757954E-024   0.0000000000000000        0.0000000000000000        0.0000000000000000     
   398418939999973.56        0.0000000000000000        0.0000000000000000       -320000.00000000000        0.0000000000000000        0.0000000000000000        2.5394423200921567E-009   0.0000000000000000        0.0000000000000000        1562.5000000000000        1.0000000000000000E-010   15625000000000.000        12.496524836487222        187447872547.30829        6.1786009342018947E-005   0.0000000000000000        0.0000000000000000        0.0000000000000000       -5.1480772152457290E-024   0.0000000000000000        0.0000000000000000        0.0000000000000000     
   414043939999973.56        0.0000000000000000        0.0000000000000000       -320000.00000000000        0.0000000000000000        0.0000000000000000        1.7121036424322601E-009   0.0000000000000000        0.0000000000000000        1562.5000000000000        1.0000000000000000E-010   15625000000000.000        12.496521943749430        187447829156.24142        6.1785950826667474E-005   0.0000000000000000        0.0000000000000000        0.0000000000000000       -3.4787752185922003E-024   0.0000000000000000        0.0000000000000000        0.0000000000000000     
   429668939999973.56        0.0000000000000000        0.0000000000000000       -320000.00000000000        0.0000000000000000        0.0000000000000000        1.0568614260738736E-009   0.0000000000000000        0.0000000000000000        1562.5000000000000        1.0000000000000000E-010   15625000000000.000        12.496519546849894        187447793202.74841        6.1785901874429080E-005   0.0000000000000000        0.0000000000000000        0.0000000000000000       -2.1616094090463194E-024   0.0000000000000000        0.0000000000000000        0.0000000000000000     
   445293939999973.56        0.0000000000000000        0.0000000000000000       -320000.00000000000        0.0000000000000000        0.0000000000000000        3.5488644289625397E-010   0.0000000000000000        0.0000000000000000        1562.5000000000000        1.0000000000000000E-010   15625000000000.000        12.496518617067185        187447779256.00775        6.1785882772594260E-005   0.0000000000000000        0.0000000000000000        0.0000000000000000       -7.4521967134526230E-025   0.0000000000000000        0.0000000000000000        0.0000000000000000     
   460918939999973.56        0.0000000000000000        0.0000000000000000       -320000.00000000000        0.0000000000000000        0.0000000000000000       -2.5408826421196625E-010   0.0000000000000000        0.0000000000000000        1562.5000000000000        1.0000000000000000E-010   15625000000000.000        12.496518471276461        187447777069.14688        6.1785879279222693E-005   0.0000000000000000        0.0000000000000000        0.0000000000000000        4.7864091484399225E-025   0.0000000000000000        0.0000000000000000        0.0000000000000000     
   476543939999973.56        0.0000000000000000        0.0000000000000000       -320000.00000000000        0.0000000000000000        0.0000000000000000       -9.0867265960990326E-010   0.0000000000000000        0.0000000000000000        1562.5000000000000        1.0000000000000000E-010   15625000000000.000        12.496519391335230        187447790870.02844        6.1785897321354582E-005   0.0000000000000000        0.0000000000000000        0.0000000000000000        1.7966164761419250E-024   0.0000000000000000        0.0000000000000000        0.0000000000000000     
   492168939999973.56        0.0000000000000000        0.0000000000000000       -320000.00000000000        0.0000000000000000        0.0000000000000000       -1.5090875156490828E-009   0.0000000000000000        0.0000000000000000        1562.5000000000000        1.0000000000000000E-010   15625000000000.000        12.496521332419551        187447819986.29324        6.1785935877168926E-005   0.0000000000000000        0.0000000000000000        0.0000000000000000        2.9997817334532018E-024   0.0000000000000000        0.0000000000000000        0.0000000000000000     
   507793939999973.56        0.0000000000000000        0.0000000000000000       -320000.00000000000        0.0000000000000000        0.0000000000000000       -2.1804519684757106E-009   0.0000000000000000        0.0000000000000000        1562.5000000000000        1.0000000000000000E-010   15625000000000.000        12.496524080636449        187447861209.54669        6.1785990524310488E-005   0.0000000000000000        0.0000000000000000        0.0000000000000000        4.3461762519343248E-024   0.0000000000000000        0.0000000000000000        0.0000000000000000     
   523418939999973.56        0.0000000000000000        0.0000000000000000       -320000.00000000000        0.0000000000000000        0.0000000000000000       -2.8024911265304271E-009   0.0000000000000000        0.0000000000000000        1562.5000000000000        1.0000000000000000E-010   15625000000000.000        12.496528168671214        187447922530.06818        6.1786072167813684E-005   0.0000000000000000        0.0000000000000000        0.0000000000000000        5.5864552805393851E-024   0.0000000000000000        0.0000000000000000        0.0000000000000000     
   539043939999973.56        0.0000000000000000        0.0000000000000000       -320000.00000000000        0.0000000000000000        0.0000000000000000       -3.5436046980541009E-009   0.0000000000000000        0.0000000000000000        1562.5000000000000        9.9999999999999551E-011   15625000000000.068        12.496532795223308        187447991928.35046        6.1786164231001473E-005   0.0000000000000000        0.0000000000000000        0.0000000000000000        7.0654585870117126E-024   0.0000000000000000        0.0000000000000000        0.0000000000000000     
   554668939999973.56        0.0000000000000000        0.0000000000000000       -320000.00000000000        0.0000000000000000        0.0000000000000000       -4.2031898263676639E-009   0.0000000000000000        0.0000000000000000        1562.5000000000000        9.9999999999995053E-011   15625000000000.771        12.496539279261409        187448089188.93039        6.1786293730989273E-005   0.0000000000000000        0.0000000000000000        0.0000000000000000        8.3723936422347879E-024   0.0000000000000000        0.0000000000000000        0.0000000000000000     
   570293939999975.25        0.0000000000000000        0.0000000000000000       -320000.00000000000        0.0000000000000000        0.0000000000000000       -5.0563696943939541E-009   0.0000000000000000        0.0000000000000000        1562.5000000000000        9.9999999999995053E-011   15625000000000.771        12.496545859032098        187448187885.49072        6.1786424439524726E-005   0.0000000000000000        0.0000000000000000        0.0000000000000000        1.0066854859804497E-023   0.0000000000000000        0.0000000000000000        0.0000000000000000     
   585918939999975.25        0.0000000000000000        0.0000000000000000       -320000.00000000000        0.0000000000000000        0.0000000000000000       -5.7484481764333822E-009   0.0000000000000000        0.0000000000000000        1562.5000000000000        9.9999999999999551E-011   15625000000000.068        12.496555149189195        187448327237.83875        6.1786609730196990E-005   0.0000000000000000        0.0000000000000000        0.0000000000000000        1.1429073457456850E-023   0.0000000000000000        0.0000000000000000        0.0000000000000000     
   601543939999975.25        0.0000000000000000        0.0000000000000000       -320000.00000000000        0.0000000000000000        0.0000000000000000       -6.7448315396586130E-009   0.0000000000000000        0.0000000000000000        1562.5000000000000        1.0000000000000000E-010   15625000000000.000        12.496563708516735        187448455627.75101        6.1786779309496730E-005   0.0000000000000000        0.0000000000000000        0.0000000000000000        1.3398824056305652E-023   0.0000000000000000        0.0000000000000000        0.0000000000000000     
   617168939999975.25        0.0000000000000000        0.0000000000000000       -320000.00000000000        0.0000000000000000        0.0000000000000000       -7.4400724595767951E-009   0.0000000000000000        0.0000000000000000        1562.5000000000000        1.0000000000000000E-010   15625000000000.000        12.496576349788450        187448645246.82672        6.1787030933815781E-005   0.0000000000000000        0.0000000000000000        0.0000000000000000        1.4757264437177387E-023   0.0000000000000000        0.0000000000000000        0.0000000000000000     
   632793939999975.25        0.0000000000000000        0.0000000000000000       -320000.00000000000        0.0000000000000000        0.0000000000000000       -8.5941840698846318E-009   0.0000000000000000        0.0000000000000000        1562.5000000000000        1.0000000000000000E-010   15625000000000.000        12.496586782555912        187448801738.33865        6.1787236962357935E-005   0.0000000000000000        0.0000000000000000        0.0000000000000000        1.7029424137692566E-023   0.0000000000000000        0.0000000000000000        0.0000000000000000     
   648418939999975.25        0.0000000000000000        0.0000000000000000       -320000.00000000000        0.0000000000000000        0.0000000000000000       -9.2367692179992974E-009   0.0000000000000000        0.0000000000000000        1562.5000000000000        1.0000000000000000E-010   15625000000000.000        12.496603409670827        187449051145.06238        6.1787567175748882E-005   0.0000000000000000        0.0000000000000000        0.0000000000000000        1.8274575442961054E-023   0.0000000000000000        0.0000000000000000        0.0000000000000000     
   664043939999975.25        0.0000000000000000        0.0000000000000000       -320000.00000000000        0.0000000000000000        0.0000000000000000       -1.0540691879210962E-008   0.0000000000000000        0.0000000000000000        1562.5000000000000        1.0000000000000000E-010   15625000000000.000        12.496615389466909        187449230842.00363        6.1787802924217358E-005   0.0000000000000000        0.0000000000000000        0.0000000000000000        2.0831338367240568E-023   0.0000000000000000        0.0000000000000000        0.0000000000000000     
   679668939999975.25        0.0000000000000000        0.0000000000000000       -320000.00000000000        0.0000000000000000        0.0000000000000000       -1.1054443185820541E-008   0.0000000000000000        0.0000000000000000        1562.5000000000000        1.0000000000000000E-010   15625000000000.000        12.496636657239820        187449549858.59726        6.1788224281012665E-005   0.0000000000000000        0.0000000000000000        0.0000000000000000        2.1815450772667139E-023   0.0000000000000000        0.0000000000000000        0.0000000000000000     
   695293939999975.25        0.0000000000000000        0.0000000000000000       -320000.00000000000        0.0000000000000000        0.0000000000000000       -1.2466279579712507E-008   0.0000000000000000        0.0000000000000000        1562.5000000000000        1.0000000000000000E-010   15625000000000.000        12.496649580207555        187449743703.11328        6.1788477661607816E-005   0.0000000000000000        0.0000000000000000        0.0000000000000000        2.4572275020935325E-023   0.0000000000000000        0.0000000000000000        0.0000000000000000     
   710918939999975.25        0.0000000000000000        0.0000000000000000       -320000.00000000000        0.0000000000000000        0.0000000000000000       -1.2768567561901085E-008   0.0000000000000000        0.0000000000000000        1562.5000000000000        1.0000000000000000E-010   15625000000000.000        12.496676041156869        187450140617.35300        6.1789000595884047E-005   0.0000000000000000        0.0000000000000000        0.0000000000000000        2.5137173267604849E-023   0.0000000000000000        0.0000000000000000        0.0000000000000000     
   726543939999975.25        0.0000000000000000        0.0000000000000000       -320000.00000000000        0.0000000000000000        0.0000000000000000       -1.4199524248429633E-008   0.0000000000000000        0.0000000000000000        1562.5000000000000        1.0000000000000000E-010   15625000000000.000        12.496689032709131        187450335490.63696        6.1789254378636388E-005   0.0000000000000000        0.0000000000000000        0.0000000000000000        2.7918137193253904E-023   0.0000000000000000        0.0000000000000000        0.0000000000000000     
   742168939999975.25        0.0000000000000000        0.0000000000000000       -320000.00000000000        0.0000000000000000        0.0000000000000000       -1.4223263803880216E-008   0.0000000000000000        0.0000000000000000        1562.5000000000000        1.0000000000000000E-010   15625000000000.000        12.496720950365532        187450814255.48294        6.1789883550702302E-005   0.0000000000000000        0.0000000000000000        0.0000000000000000        2.7937897171232141E-023   0.0000000000000000        0.0000000000000000        0.0000000000000000     
   757793939999975.25        0.0000000000000000        0.0000000000000000       -320000.00000000000        0.0000000000000000        0.0000000000000000       -1.5526963251667937E-008   0.0000000000000000        0.0000000000000000        1562.5000000000000        1.0000000000000000E-010   15625000000000.000        12.496732966790427        187450994501.85635        6.1790117414872736E-005   0.0000000000000000        0.0000000000000000        0.0000000000000000        3.0456063590649424E-023   0.0000000000000000        0.0000000000000000        0.0000000000000000     
   773418939999975.25        0.0000000000000000        0.0000000000000000       -320000.00000000000        0.0000000000000000        0.0000000000000000       -1.5245868058665261E-008   0.0000000000000000        0.0000000000000000        1562.5000000000000        1.0000000000000000E-010   15625000000000.000        12.496770069244315        187451551038.66470        6.1790846944959779E-005   0.0000000000000000        0.0000000000000000        0.0000000000000000        2.9884748006579113E-023   0.0000000000000000        0.0000000000000000        0.0000000000000000     
   789043939999975.25        0.0000000000000000        0.0000000000000000       -320000.00000000000        0.0000000000000000        0.0000000000000000       -1.6220853768340840E-008   0.0000000000000000        0.0000000000000000        1562.5000000000000        1.0000000000000000E-010   15625000000000.000        12.496780101236315        187451701518.54468        6.1791041459908117E-005   0.0000000000000000        0.0000000000000000        0.0000000000000000        3.1742911895648226E-023   0.0000000000000000        0.0000000000000000        0.0000000000000000     
   804668939999975.25        0.0000000000000000        0.0000000000000000       -320000.00012138061        0.0000000000000000        0.0000000000000000       -1.5678173862758642E-008   0.0000000000000000        0.0000000000000000        1562.5000000000000        1.0000000000000000E-010   15625000000000.000        12.496821316683699        187452319750.25546        6.1791849880850962E-005   0.0000000000000000        0.0000000000000000        0.0000000000000000        3.0648492504417771E-023   0.0000000000000000        0.0000000000000000        0.0000000000000000     
   820293939999975.25        0.0000000000000000        0.0000000000000000       -320000.00127665792        0.0000000000000000        0.0000000000000000       -1.6047904503974213E-008   0.0000000000000000        0.0000000000000000        1562.5000000000000        1.0000000000000000E-010   15625000000000.000        12.496828656785997        187452429851.78995        6.1791991647921769E-005   0.0000000000000000        0.0000000000000000        0.0000000000000000        3.1377926384541380E-023   0.0000000000000000        0.0000000000000000        0.0000000000000000     
   835918939999975.25        0.0000000000000000        0.0000000000000000       -320000.00138536352        0.0000000000000000        0.0000000000000000       -1.5328806276944743E-008   0.0000000000000000        0.0000000000000000        1562.5000000000000        1.0000000000000000E-010   15625000000000.000        12.496871917443203        187453078761.64801        6.1792838249512413E-005   0.0000000000000000        0.0000000000000000        0.0000000000000000        2.9940976996540093E-023   0.0000000000000000        0.0000000000000000        0.0000000000000000     
   851543939999975.25        0.0000000000000000        0.0000000000000000       -320000.00169079710        0.0000000000000000        0.0000000000000000       -1.4909536605841427E-008   0.0000000000000000        0.0000000000000000        1562.5000000000000        1.0000000000000000E-010   15625000000000.000        12.496876403133003        187453146046.99500        6.1792924495687816E-005   0.0000000000000000        0.0000000000000000        0.0000000000000000        2.9088703958625501E-023   0.0000000000000000        0.0000000000000000        0.0000000000000000     
   867168939999975.25        0.0000000000000000        0.0000000000000000       -320000.00168466748        0.0000000000000000        0.0000000000000000       -1.4126439007033227E-008   0.0000000000000000        0.0000000000000000        1562.5000000000000        1.0000000000000000E-010   15625000000000.000        12.496918633949727        187453779509.24588        6.1793749269564195E-005   0.0000000000000000        0.0000000000000000        0.0000000000000000        2.7553721700535754E-023   0.0000000000000000        0.0000000000000000        0.0000000000000000     
   882793939999975.25        0.0000000000000000        0.0000000000000000       -320000.00175205496        0.0000000000000000        0.0000000000000000       -1.2738874541886680E-008   0.0000000000000000        0.0000000000000000        1562.5000000000000        1.0000000000000000E-010   15625000000000.000        12.496920751205449        187453811268.08173        6.1793789711388428E-005   0.0000000000000000        0.0000000000000000        0.0000000000000000        2.4808757246374992E-023   0.0000000000000000        0.0000000000000000        0.0000000000000000     
   898418939999975.25        0.0000000000000000        0.0000000000000000       -320000.00201892521        0.0000000000000000        0.0000000000000000       -1.1983877754274765E-008   0.0000000000000000        0.0000000000000000        1562.5000000000000        1.0000000000000000E-010   15625000000000.000        12.496958142387767        187454372135.81650        6.1794518738143991E-005   0.0000000000000000        0.0000000000000000        0.0000000000000000        2.3397894818367493E-023   0.0000000000000000        0.0000000000000000        0.0000000000000000     
   914043939999975.25        0.0000000000000000        0.0000000000000000       -320000.00247239933        0.0000000000000000        0.0000000000000000       -1.3637824687066784E-008   0.0000000000000000        0.0000000000000000        1562.5000000000000        1.0000000000000000E-010   15625000000000.000        12.496958902327579        187454383534.91367        6.1794533093857251E-005   0.0000000000000000        0.0000000000000000        0.0000000000000000        1.8721134266228243E-023   0.0000000000000000        0.0000000000000000        0.0000000000000000     
   929668939999975.25        0.0000000000000000        0.0000000000000000       -320000.00800341705        0.0000000000000000        0.0000000000000000       -1.8342406998441645E-007   0.0000000000000000        0.0000000000000000        1562.5000000000000        1.0000000080866989E-010   15624999873645.334        12.496987587022788        187454812289.45117        6.1795089655432858E-005   0.0000000000000000        0.0000000000000000        0.0000000000000000        1.7544821947863515E-023   0.0000000000000000        0.0000000000000000        0.0000000000000000     
   945293939999975.25        0.0000000000000000        0.0000000000000000       -320003.50998336269        0.0000000000000000        0.0000000000000000       -5.3411785040571504E-005   0.0000000000000000        0.0000000000000000        1562.5000000000000        1.0000000808669773E-010   15624998736453.582        12.496989102320912        187454821375.90887        6.1795100963849586E-005   0.0000000000000000        0.0000000000000000        0.0000000000000000        1.1239010773022225E-023   0.0000000000000000        0.0000000000000000        0.0000000000000000     
   960918936967464.12        0.0000000000000000        0.0000000000000000       -320107.41823824344        0.0000000000000000        0.0000000000000000       -1.8512214208885717E-003   0.0000000000000000        0.0000000000000000        1562.5000000000000        9.9999995752806123E-011   15625000663624.072        12.497003896625795        187455066410.96701        6.1795419346556164E-005   0.0000000000000000        0.0000000000000000        0.0000000000000000        1.0281555233865649E-023   0.0000000000000000        0.0000000000000000        0.0000000000000000     
   976543939999975.38        0.0000000000000000        0.0000000000000000       -319966.32157170621        0.0000000000000000        0.0000000000000000        5.8067585097626862E-004   0.0000000000000000        0.0000000000000000        1562.5000000000000        9.9096813777278694E-011   15767409066367.541        12.384134734623000        187455089562.05939        6.1795450811226918E-005   0.0000000000000000        0.0000000000000000        0.0000000000000000        1.8717920413688571E-024   0.0000000000000000        0.0000000000000000        0.0000000000000000     
   992168955926998.88        0.0000000000000000        0.0000000000000000       -319445.43413731700        0.0000000000000000        0.0000000000000000        9.5611635642727441E-003   0.0000000000000000        0.0000000000000000        1562.5000000000000        6.8979811744324210E-011   22651555005563.867        8.6204110225373345        187455085869.67047        6.1795446763244903E-005   0.0000000000000000        0.0000000000000000        0.0000000000000000        9.6675875519008985E-025   0.0000000000000000        0.0000000000000000        0.0000000000000000     
