   43000.000000000000     
  -992173748771533.50        0.0000000000000000        0.0000000000000000        319588.85212832439        0.0000000000000000        0.0000000000000000       -9.5612318238262033E-003   0.0000000000000000        0.0000000000000000        1562.5000000000000        6.8979835890055715E-011   22651547076603.793        8.6204707023639155        187456318019.59668        6.1797040430731820E-005   0.0000000000000000        0.0000000000000000        0.0000000000000000       -1.5079876353057322E-024   0.0000000000000000        0.0000000000000000        0.0000000000000000     
  -976548739999992.25        0.0000000000000000        0.0000000000000000        319975.03176611499        0.0000000000000000        0.0000000000000000       -5.8067560091100434E-004   0.0000000000000000        0.0000000000000000        1562.5000000000000        9.9096839653738044E-011   15767404949135.135        12.384219641327695        187456325821.29294        6.1797049892912547E-005   0.0000000000000000        0.0000000000000000        0.0000000000000000       -3.0936100537808610E-024   0.0000000000000000        0.0000000000000000        0.0000000000000000     
  -960923738842481.00        0.0000000000000000        0.0000000000000000        320079.64706311875        0.0000000000000000        0.0000000000000000        1.8516033422738920E-003   0.0000000000000000        0.0000000000000000        1562.5000000000000        9.9999997660925254E-011   15625000365480.438        12.497085164970404        187456281859.29858        6.1796992281352533E-005   0.0000000000000000        0.0000000000000000        0.0000000000000000       -1.6225634897812879E-023   0.0000000000000000        0.0000000000000000        0.0000000000000000     
  -945298739999992.12        0.0000000000000000        0.0000000000000000        320002.71118878707        0.0000000000000000        0.0000000000000000        5.3095911877204923E-005   0.0000000000000000        0.0000000000000000        1562.5000000000000        1.0000000308669650E-010   15624999517703.688        12.497060330997444        187455899178.76697        6.1796498272535553E-005   0.0000000000000000        0.0000000000000000        0.0000000000000000       -1.7663082749477402E-023   0.0000000000000000        0.0000000000000000        0.0000000000000000     
  -929673739999992.12        0.0000000000000000        0.0000000000000000        320000.00541495730        0.0000000000000000        0.0000000000000000        1.4420161555711489E-007   0.0000000000000000        0.0000000000000000        1562.5000000000000        1.0000000030866967E-010   15624999951770.363        12.497058597032899        187455878376.87399        6.1796472022626690E-005   0.0000000000000000        0.0000000000000000        0.0000000000000000       -2.6927813169351947E-023   0.0000000000000000        0.0000000000000000        0.0000000000000000     
  -914048739999992.12        0.0000000000000000        0.0000000000000000        320000.00247239933        0.0000000000000000        0.0000000000000000        1.8088093667516351E-008   0.0000000000000000        0.0000000000000000        1562.5000000000000        1.0000000000000000E-010   15625000000000.000        12.497015038918168        187455225583.77249        6.1795628824403112E-005   0.0000000000000000        0.0000000000000000        0.0000000000000000       -2.8809198875882204E-023   0.0000000000000000        0.0000000000000000        0.0000000000000000     
  -898423739999992.12        0.0000000000000000        0.0000000000000000        320000.00201892521        0.0000000000000000        0.0000000000000000        1.7947267174481343E-008   0.0000000000000000        0.0000000000000000        1562.5000000000000        1.0000000000000000E-010   15625000000000.000        12.497012924503982        187455193867.55972        6.1795588832680627E-005   0.0000000000000000        0.0000000000000000        0.0000000000000000       -3.4827404792387982E-023   0.0000000000000000        0.0000000000000000        0.0000000000000000     
  -882798739999992.12        0.0000000000000000        0.0000000000000000        320000.00175205496        0.0000000000000000        0.0000000000000000        1.9112072308300825E-008   0.0000000000000000        0.0000000000000000        1562.5000000000000        1.0000000000000000E-010   15625000000000.000        12.496958235548066        187454373533.22095        6.1794526722417728E-005   0.0000000000000000        0.0000000000000000        0.0000000000000000       -3.7060219228045954E-023   0.0000000000000000        0.0000000000000000        0.0000000000000000     
  -867173739999992.12        0.0000000000000000        0.0000000000000000        320000.00168466748        0.0000000000000000        0.0000000000000000        2.0328776727099922E-008   0.0000000000000000        0.0000000000000000        1562.5000000000000        1.0000000000000000E-010   15625000000000.000        12.496953297419809        187454299461.29712        6.1794432765683381E-005   0.0000000000000000        0.0000000000000000        0.0000000000000000       -3.9516651991515620E-023   0.0000000000000000        0.0000000000000000        0.0000000000000000     
  -851548739999992.12        0.0000000000000000        0.0000000000000000        320000.00169079710        0.0000000000000000        0.0000000000000000        2.1469391249400994E-008   0.0000000000000000        0.0000000000000000        1562.5000000000000        1.0000000000000000E-010   15625000000000.000        12.496894732800394        187453420992.00589        6.1793291912165050E-005   0.0000000000000000        0.0000000000000000        0.0000000000000000       -4.1746752561510701E-023   0.0000000000000000        0.0000000000000000        0.0000000000000000     
  -835923739999992.12        0.0000000000000000        0.0000000000000000        320000.00138536352        0.0000000000000000        0.0000000000000000        2.1092611651201283E-008   0.0000000000000000        0.0000000000000000        1562.5000000000000        1.0000000000000000E-010   15625000000000.000        12.496885660142530        187453284902.13794        6.1793118190710592E-005   0.0000000000000000        0.0000000000000000        0.0000000000000000       -4.1105366948595827E-023   0.0000000000000000        0.0000000000000000        0.0000000000000000     
  -820298739999992.12        0.0000000000000000        0.0000000000000000        320000.00127665792        0.0000000000000000        0.0000000000000000        2.1952527687740192E-008   0.0000000000000000        0.0000000000000000        1562.5000000000000        1.0000000000000000E-010   15625000000000.000        12.496829355869183        187452440338.03772        6.1792017439935056E-005   0.0000000000000000        0.0000000000000000        0.0000000000000000       -4.2832511418537312E-023   0.0000000000000000        0.0000000000000000        0.0000000000000000     
  -804673739999992.12        0.0000000000000000        0.0000000000000000        320000.00012138061        0.0000000000000000        0.0000000000000000        2.0485658141371528E-008   0.0000000000000000        0.0000000000000000        1562.5000000000000        1.0000000000000000E-010   15625000000000.000        12.496816144689891        187452242170.34833        6.1791762975377598E-005   0.0000000000000000        0.0000000000000000        0.0000000000000000       -4.0014508660166898E-023   0.0000000000000000        0.0000000000000000        0.0000000000000000     
  -789048739999992.12        0.0000000000000000        0.0000000000000000        320000.00000000000        0.0000000000000000        0.0000000000000000        2.0878413801501210E-008   0.0000000000000000        0.0000000000000000        1562.5000000000000        1.0000000000000000E-010   15625000000000.000        12.496766155897623        187451492338.46432        6.1790781873713034E-005   0.0000000000000000        0.0000000000000000        0.0000000000000000       -4.0847023109616757E-023   0.0000000000000000        0.0000000000000000        0.0000000000000000     
  -773423739999992.12        0.0000000000000000        0.0000000000000000        320000.00000000000        0.0000000000000000        0.0000000000000000        1.8792740809691246E-008   0.0000000000000000        0.0000000000000000        1562.5000000000000        1.0000000000000000E-010   15625000000000.000        12.496749976672712        187451249650.09064        6.1790468412183244E-005   0.0000000000000000        0.0000000000000000        0.0000000000000000       -3.6854516222780020E-023   0.0000000000000000        0.0000000000000000        0.0000000000000000     
  -757798739999992.12        0.0000000000000000        0.0000000000000000        320000.00000000000        0.0000000000000000        0.0000000000000000        1.8664916897395764E-008   0.0000000000000000        0.0000000000000000        1562.5000000000000        1.0000000000000000E-010   15625000000000.000        12.496708214288343        187450623214.32513        6.1789645438212494E-005   0.0000000000000000        0.0000000000000000        0.0000000000000000       -3.6663420562397846E-023   0.0000000000000000        0.0000000000000000        0.0000000000000000     
  -742173739999992.12        0.0000000000000000        0.0000000000000000        320000.00000000000        0.0000000000000000        0.0000000000000000        1.6420308307237587E-008   0.0000000000000000        0.0000000000000000        1562.5000000000000        1.0000000000000000E-010   15625000000000.000        12.496690843148690        187450362647.23032        6.1789306886799461E-005   0.0000000000000000        0.0000000000000000        0.0000000000000000       -3.2321693688178755E-023   0.0000000000000000        0.0000000000000000        0.0000000000000000     
  -726548739999992.12        0.0000000000000000        0.0000000000000000        320000.00000000000        0.0000000000000000        0.0000000000000000        1.5839108539437001E-008   0.0000000000000000        0.0000000000000000        1562.5000000000000        1.0000000000000000E-010   15625000000000.000        12.496657561337196        187449863420.05789        6.1788648344839959E-005   0.0000000000000000        0.0000000000000000        0.0000000000000000       -3.1243074086990830E-023   0.0000000000000000        0.0000000000000000        0.0000000000000000     
  -710923739999992.12        0.0000000000000000        0.0000000000000000        320000.00000000000        0.0000000000000000        0.0000000000000000        1.3713478647139786E-008   0.0000000000000000        0.0000000000000000        1562.5000000000000        1.0000000000000000E-010   15625000000000.000        12.496640748662838        187449611229.94254        6.1788318710775529E-005   0.0000000000000000        0.0000000000000000        0.0000000000000000       -2.7103592375446112E-023   0.0000000000000000        0.0000000000000000        0.0000000000000000     
  -695298739999992.12        0.0000000000000000        0.0000000000000000        320000.00000000000        0.0000000000000000        0.0000000000000000        1.2838379536879875E-008   0.0000000000000000        0.0000000000000000        1562.5000000000000        1.0000000000000000E-010   15625000000000.000        12.496615196482024        187449227947.23035        6.1787811045669192E-005   0.0000000000000000        0.0000000000000000        0.0000000000000000       -2.5436328533810605E-023   0.0000000000000000        0.0000000000000000        0.0000000000000000     
  -679673739999992.12        0.0000000000000000        0.0000000000000000        320000.00000000000        0.0000000000000000        0.0000000000000000        1.0979988268179714E-008   0.0000000000000000        0.0000000000000000        1562.5000000000000        1.0000000000000000E-010   15625000000000.000        12.496600239639134        187449003594.58701        6.1787516031366329E-005   0.0000000000000000        0.0000000000000000        0.0000000000000000       -2.1796319992482304E-023   0.0000000000000000        0.0000000000000000        0.0000000000000000     
  -664048739999992.12        0.0000000000000000        0.0000000000000000        320000.00000000000        0.0000000000000000        0.0000000000000000        9.9854280362203188E-009   0.0000000000000000        0.0000000000000000        1562.5000000000000        1.0000000000000000E-010   15625000000000.000        12.496581215521100        187448718232.81650        6.1787136515731780E-005   0.0000000000000000        0.0000000000000000        0.0000000000000000       -1.9875158415256244E-023   0.0000000000000000        0.0000000000000000        0.0000000000000000     
  -648423739999992.12        0.0000000000000000        0.0000000000000000        320000.00000000000        0.0000000000000000        0.0000000000000000        8.4475272714941571E-009   0.0000000000000000        0.0000000000000000        1562.5000000000000        1.0000000000000000E-010   15625000000000.000        12.496568811436584        187448532171.54871        6.1786890390152472E-005   0.0000000000000000        0.0000000000000000        0.0000000000000000       -1.6846726126459065E-023   0.0000000000000000        0.0000000000000000        0.0000000000000000     
  -632798739999992.12        0.0000000000000000        0.0000000000000000        320000.00000000000        0.0000000000000000        0.0000000000000000        7.4750243927256747E-009   0.0000000000000000        0.0000000000000000        1562.5000000000000        1.0000000000000000E-010   15625000000000.000        12.496555027440552        187448325411.60825        6.1786614273402049E-005   0.0000000000000000        0.0000000000000000        0.0000000000000000       -1.4948739492028249E-023   0.0000000000000000        0.0000000000000000        0.0000000000000000     
  -617173739999992.12        0.0000000000000000        0.0000000000000000        320000.00000000000        0.0000000000000000        0.0000000000000000        6.2529099329993945E-009   0.0000000000000000        0.0000000000000000        1562.5000000000000        1.0000000000000000E-010   15625000000000.000        12.496545340277782        187448180104.16672        6.1786420932366214E-005   0.0000000000000000        0.0000000000000000        0.0000000000000000       -1.2529354404285853E-023   0.0000000000000000        0.0000000000000000        0.0000000000000000     
  -601548739999992.12        0.0000000000000000        0.0000000000000000        320000.00000000000        0.0000000000000000        0.0000000000000000        5.3910879646849837E-009   0.0000000000000000        0.0000000000000000        1562.5000000000000        1.0000000000000000E-010   15625000000000.000        12.496535615562992        187448034233.44485        6.1786225316284843E-005   0.0000000000000000        0.0000000000000000        0.0000000000000000       -1.0832263555575194E-023   0.0000000000000000        0.0000000000000000        0.0000000000000000     
  -585923739999992.12        0.0000000000000000        0.0000000000000000        320000.00000000000        0.0000000000000000        0.0000000000000000        4.4490942741507607E-009   0.0000000000000000        0.0000000000000000        1562.5000000000000        9.9999999999999551E-011   15625000000000.068        12.496528447655058        187447926714.82669        6.1786081453422926E-005   0.0000000000000000        0.0000000000000000        0.0000000000000000       -8.9569933879090469E-024   0.0000000000000000        0.0000000000000000        0.0000000000000000     
  -570298739999992.12        0.0000000000000000        0.0000000000000000        320000.00000000000        0.0000000000000000        0.0000000000000000        3.7351064390756391E-009   0.0000000000000000        0.0000000000000000        1562.5000000000000        9.9999999999995053E-011   15625000000000.771        12.496521789214643        187447826838.22891        6.1785946964001590E-005   0.0000000000000000        0.0000000000000000        0.0000000000000000       -7.5390947395897138E-024   0.0000000000000000        0.0000000000000000        0.0000000000000000     
  -554673739999990.44        0.0000000000000000        0.0000000000000000        320000.00000000000        0.0000000000000000        0.0000000000000000        3.0230648765959387E-009   0.0000000000000000        0.0000000000000000        1562.5000000000000        9.9999999999995053E-011   15625000000000.771        12.496516763850169        187447751457.76178        6.1785845582678278E-005   0.0000000000000000        0.0000000000000000        0.0000000000000000       -6.1128742490318518E-024   0.0000000000000000        0.0000000000000000        0.0000000000000000     
  -539048739999990.44        0.0000000000000000        0.0000000000000000        320000.00000000000        0.0000000000000000        0.0000000000000000        2.4548721793405774E-009   0.0000000000000000        0.0000000000000000        1562.5000000000000        9.9999999999999551E-011   15625000000000.068        12.496512388096713        187447685821.45151        6.1785756863203979E-005   0.0000000000000000        0.0000000000000000        0.0000000000000000       -4.9749837741172667E-024   0.0000000000000000        0.0000000000000000        0.0000000000000000     
  -523423739999990.44        0.0000000000000000        0.0000000000000000        320000.00000000000        0.0000000000000000        0.0000000000000000        1.9170355824348020E-009   0.0000000000000000        0.0000000000000000        1562.5000000000000        1.0000000000000000E-010   15625000000000.000        12.496509094631724        187447636419.47586        6.1785690133555655E-005   0.0000000000000000        0.0000000000000000        0.0000000000000000       -3.8902281862092495E-024   0.0000000000000000        0.0000000000000000        0.0000000000000000     
  -507798739999990.44        0.0000000000000000        0.0000000000000000        320000.00000000000        0.0000000000000000        0.0000000000000000        1.4675376490031863E-009   0.0000000000000000        0.0000000000000000        1562.5000000000000        1.0000000000000000E-010   15625000000000.000        12.496506424309654        187447596364.64478        6.1785635836312521E-005   0.0000000000000000        0.0000000000000000        0.0000000000000000       -2.9823376508887737E-024   0.0000000000000000        0.0000000000000000        0.0000000000000000     
  -492173739999990.44        0.0000000000000000        0.0000000000000000        320000.00000000000        0.0000000000000000        0.0000000000000000        1.0466322747904785E-009   0.0000000000000000        0.0000000000000000        1562.5000000000000        1.0000000000000000E-010   15625000000000.000        12.496504513381145        187447567700.71716        6.1785597016023023E-005   0.0000000000000000        0.0000000000000000        0.0000000000000000       -2.1270883109712995E-024   0.0000000000000000        0.0000000000000000        0.0000000000000000     
  -476548739999990.44        0.0000000000000000        0.0000000000000000        320000.00000000000        0.0000000000000000        0.0000000000000000        6.7464315471103164E-010   0.0000000000000000        0.0000000000000000        1562.5000000000000        1.0000000000000000E-010   15625000000000.000        12.496503168314304        187447547524.71454        6.1785569661911222E-005   0.0000000000000000        0.0000000000000000        0.0000000000000000       -1.3698003462128221E-024   0.0000000000000000        0.0000000000000000        0.0000000000000000     
  -460923739999990.44        0.0000000000000000        0.0000000000000000        320000.00000000000        0.0000000000000000        0.0000000000000000        3.1268112766040966E-010   0.0000000000000000        0.0000000000000000        1562.5000000000000        1.0000000000000000E-010   15625000000000.000        12.496502406140790        187447536092.11185        6.1785554219452035E-005   0.0000000000000000        0.0000000000000000        0.0000000000000000       -6.2945137997994403E-025   0.0000000000000000        0.0000000000000000        0.0000000000000000     
  -445298739999990.44        0.0000000000000000        0.0000000000000000        320000.00000000000        0.0000000000000000        0.0000000000000000       -3.0265728532039732E-011   0.0000000000000000        0.0000000000000000        1562.5000000000000        1.0000000000000000E-010   15625000000000.000        12.496502197766135        187447532966.49200        6.1785550126892573E-005   0.0000000000000000        0.0000000000000000        0.0000000000000000        7.2314585634718224E-026   0.0000000000000000        0.0000000000000000        0.0000000000000000     
  -429673739999990.44        0.0000000000000000        0.0000000000000000        320000.00000000000        0.0000000000000000        0.0000000000000000       -3.9388914469479702E-010   0.0000000000000000        0.0000000000000000        1562.5000000000000        1.0000000000000000E-010   15625000000000.000        12.496502493399225        187447537400.98837        6.1785556321942024E-005   0.0000000000000000        0.0000000000000000        0.0000000000000000        8.1853491414706161E-025   0.0000000000000000        0.0000000000000000        0.0000000000000000     
  -414048739999990.44        0.0000000000000000        0.0000000000000000        320000.00000000000        0.0000000000000000        0.0000000000000000       -7.6018993900941377E-010   0.0000000000000000        0.0000000000000000        1562.5000000000000        1.0000000000000000E-010   15625000000000.000        12.496503430685740        187447551460.28607        6.1785575754980942E-005   0.0000000000000000        0.0000000000000000        0.0000000000000000        1.5683146292773166E-024   0.0000000000000000        0.0000000000000000        0.0000000000000000     
  -398423739999990.44        0.0000000000000000        0.0000000000000000        320000.00000000000        0.0000000000000000        0.0000000000000000       -1.1929685230542597E-009   0.0000000000000000        0.0000000000000000        1562.5000000000000        1.0000000000000000E-010   15625000000000.000        12.496504847685291        187447572715.27933        6.1785604889161145E-005   0.0000000000000000        0.0000000000000000        0.0000000000000000        2.4555487932722759E-024   0.0000000000000000        0.0000000000000000        0.0000000000000000     
  -382798739999990.44        0.0000000000000000        0.0000000000000000        320000.00000000000        0.0000000000000000        0.0000000000000000       -1.6370027065518603E-009   0.0000000000000000        0.0000000000000000        1562.5000000000000        1.0000000000000000E-010   15625000000000.000        12.496507161832195        187447607427.48291        6.1785652572687340E-005   0.0000000000000000        0.0000000000000000        0.0000000000000000        3.3607312894685021E-024   0.0000000000000000        0.0000000000000000        0.0000000000000000     
  -367173739999990.44        0.0000000000000000        0.0000000000000000        320000.00000000000        0.0000000000000000        0.0000000000000000       -2.2200163797583077E-009   0.0000000000000000        0.0000000000000000        1562.5000000000000        1.0000000000000000E-010   15625000000000.000        12.496509917947312        187447648769.20966        6.1785708975675523E-005   0.0000000000000000        0.0000000000000000        0.0000000000000000        4.5514887586943160E-024   0.0000000000000000        0.0000000000000000        0.0000000000000000     
  -351548739999990.44        0.0000000000000000        0.0000000000000000        320000.00000000000        0.0000000000000000        0.0000000000000000       -2.7950400769731135E-009   0.0000000000000000        0.0000000000000000        1562.5000000000000        1.0000000000000000E-010   15625000000000.000        12.496514115246971        187447711728.70453        6.1785795164070716E-005   0.0000000000000000        0.0000000000000000        0.0000000000000000        5.7163506773869507E-024   0.0000000000000000        0.0000000000000000        0.0000000000000000     
  -335923739999990.44        0.0000000000000000        0.0000000000000000        320000.00000000000        0.0000000000000000        0.0000000000000000       -3.6322908738524407E-009   0.0000000000000000        0.0000000000000000        1562.5000000000000        1.0000000000000000E-010   15625000000000.000        12.496518563582848        187447778453.74268        6.1785885783611897E-005   0.0000000000000000        0.0000000000000000        0.0000000000000000        7.4186872351658301E-024   0.0000000000000000        0.0000000000000000        0.0000000000000000     
  -320298739999990.44        0.0000000000000000        0.0000000000000000        320000.00000000000        0.0000000000000000        0.0000000000000000       -4.3833301084316625E-009   0.0000000000000000        0.0000000000000000        1562.5000000000000        1.0000000000000000E-010   15625000000000.000        12.496525518765127        187447882781.47687        6.1786028124827616E-005   0.0000000000000000        0.0000000000000000        0.0000000000000000        8.9296251635772678E-024   0.0000000000000000        0.0000000000000000        0.0000000000000000     
  -304673739999990.44        0.0000000000000000        0.0000000000000000        320000.00000000000        0.0000000000000000        0.0000000000000000       -5.6137888001225984E-009   0.0000000000000000        0.0000000000000000        1562.5000000000000        1.0000000000000007E-010   15624999999999.988        12.496532092746351        187447981391.19513        6.1786161375819711E-005   0.0000000000000000        0.0000000000000000        0.0000000000000000        1.1420536976328424E-023   0.0000000000000000        0.0000000000000000        0.0000000000000000     
  -289048739999990.44        0.0000000000000000        0.0000000000000000        320000.00000000000        0.0000000000000000        0.0000000000000000       -6.5642193048919144E-009   0.0000000000000000        0.0000000000000000        1562.5000000000000        1.0000000000000084E-010   15624999999999.869        12.496543197376150        187448147960.64062        6.1786387851428919E-005   0.0000000000000000        0.0000000000000000        0.0000000000000000        1.3319182839507317E-023   0.0000000000000000        0.0000000000000000        0.0000000000000000     
  -273423739999990.72        0.0000000000000000        0.0000000000000000        320000.00000000000        0.0000000000000000        0.0000000000000000       -8.3757793612051838E-009   0.0000000000000000        0.0000000000000000        1562.5000000000000        1.0000000000000084E-010   15624999999999.869        12.496552293124299        187448284396.86288        6.1786571218964986E-005   0.0000000000000000        0.0000000000000000        0.0000000000000000        1.6971379758746719E-023   0.0000000000000000        0.0000000000000000        0.0000000000000000     
  -257798739999990.72        0.0000000000000000        0.0000000000000000        320000.00000000000        0.0000000000000000        0.0000000000000000       -9.5070161696834324E-009   0.0000000000000000        0.0000000000000000        1562.5000000000000        1.0000000000000008E-010   15624999999999.986        12.496569671539094        187448545073.08621        6.1786924386939682E-005   0.0000000000000000        0.0000000000000000        0.0000000000000000        1.9214951094802504E-023   0.0000000000000000        0.0000000000000000        0.0000000000000000     
  -242173739999990.72        0.0000000000000000        0.0000000000000000        320000.00000000000        0.0000000000000000        0.0000000000000000       -1.2149104448028815E-008   0.0000000000000000        0.0000000000000000        1562.5000000000000        1.0000000000000000E-010   15625000000000.000        12.496581440727235        187448721610.90851        6.1787160288121612E-005   0.0000000000000000        0.0000000000000000        0.0000000000000000        2.4520336371698829E-023   0.0000000000000000        0.0000000000000000        0.0000000000000000     
  -226548739999990.72        0.0000000000000000        0.0000000000000000        320000.00000000000        0.0000000000000000        0.0000000000000000       -1.3376938322066336E-008   0.0000000000000000        0.0000000000000000        1562.5000000000000        1.0000000000000000E-010   15625000000000.000        12.496608232052022        187449123480.78030        6.1787702766523208E-005   0.0000000000000000        0.0000000000000000        0.0000000000000000        2.6936617112655797E-023   0.0000000000000000        0.0000000000000000        0.0000000000000000     
  -210923739999990.72        0.0000000000000000        0.0000000000000000        320000.00000000000        0.0000000000000000        0.0000000000000000       -1.7164395681705788E-008   0.0000000000000000        0.0000000000000000        1562.5000000000000        1.0000000000000000E-010   15625000000000.000        12.496622276345352        187449334145.18027        6.1787982549269116E-005   0.0000000000000000        0.0000000000000000        0.0000000000000000        3.4511890434294396E-023   0.0000000000000000        0.0000000000000000        0.0000000000000000     
  -195298739999990.72        0.0000000000000000        0.0000000000000000        320000.00000000000        0.0000000000000000        0.0000000000000000       -1.8321481259931998E-008   0.0000000000000000        0.0000000000000000        1562.5000000000000        1.0000000000000000E-010   15625000000000.000        12.496662947177802        187449944207.66699        6.1788803006881894E-005   0.0000000000000000        0.0000000000000000        0.0000000000000000        3.6767622933124404E-023   0.0000000000000000        0.0000000000000000        0.0000000000000000     
  -179673739999990.72        0.0000000000000000        0.0000000000000000        320000.00000000000        0.0000000000000000        0.0000000000000000       -2.3618209891511541E-008   0.0000000000000000        0.0000000000000000        1562.5000000000000        1.0000000000000000E-010   15625000000000.000        12.496677949993463        187450169249.90192        6.1789099843447611E-005   0.0000000000000000        0.0000000000000000        0.0000000000000000        4.7319079713948349E-023   0.0000000000000000        0.0000000000000000        0.0000000000000000     
  -164048739999990.72        0.0000000000000000        0.0000000000000000        320000.00000000000        0.0000000000000000        0.0000000000000000       -2.4461361202629404E-008   0.0000000000000000        0.0000000000000000        1562.5000000000000        1.0000000000000002E-010   15625000000000.000        12.496738546522234        187451078197.83347        6.1790317683338176E-005   0.0000000000000000        0.0000000000000000        0.0000000000000000        4.8930916420480017E-023   0.0000000000000000        0.0000000000000000        0.0000000000000000     
  -148423739999990.72        0.0000000000000000        0.0000000000000000        319999.99971750955        0.0000000000000000        0.0000000000000000       -3.1621484486572304E-008   0.0000000000000000        0.0000000000000000        1562.5000000000000        1.0000000000000004E-010   15624999999999.994        12.496751946965047        187451279204.47562        6.1790580439599030E-005   0.0000000000000000        0.0000000000000000        0.0000000000000000        6.3152671333599391E-023   0.0000000000000000        0.0000000000000000        0.0000000000000000     
  -132798739999990.73        0.0000000000000000        0.0000000000000000        319999.99966355844        0.0000000000000000        0.0000000000000000       -3.1870419751507772E-008   0.0000000000000000        0.0000000000000000        1562.5000000000000        1.0000000000000004E-010   15624999999999.994        12.496840128114325        187452601921.71478        6.1792346139025382E-005   0.0000000000000000        0.0000000000000000        0.0000000000000000        6.3569529531082546E-023   0.0000000000000000        0.0000000000000000        0.0000000000000000     
  -117173739999990.73        0.0000000000000000        0.0000000000000000        319999.99889107881        0.0000000000000000        0.0000000000000000       -4.1156349213479477E-008   0.0000000000000000        0.0000000000000000        1562.5000000000000        9.9999999999999991E-011   15625000000000.002        12.496848011321733        187452720169.82599        6.1792497538325650E-005   0.0000000000000000        0.0000000000000000        0.0000000000000000        8.1969390380983890E-023   0.0000000000000000        0.0000000000000000        0.0000000000000000     
  -101548739999990.73        0.0000000000000000        0.0000000000000000        319999.99885116157        0.0000000000000000        0.0000000000000000       -4.0563725325325344E-008   0.0000000000000000        0.0000000000000000        1562.5000000000000        9.9999999999999991E-011   15625000000000.002        12.496972686108105        187454590291.62158        6.1794985269646128E-005   0.0000000000000000        0.0000000000000000        0.0000000000000000        8.0727500437924273E-023   0.0000000000000000        0.0000000000000000        0.0000000000000000     
  -85923739999990.734        0.0000000000000000        0.0000000000000000        319999.99826811068        0.0000000000000000        0.0000000000000000       -5.2019438163563940E-008   0.0000000000000000        0.0000000000000000        1562.5000000000000        9.9999999999999732E-011   15625000000000.041        12.496970063486753        187454550952.30179        6.1794927654784435E-005   0.0000000000000000        0.0000000000000000        0.0000000000000000        1.0340250968909399E-022   0.0000000000000000        0.0000000000000000        0.0000000000000000     
  -70298739999990.641        0.0000000000000000        0.0000000000000000        319999.99824462953        0.0000000000000000        0.0000000000000000       -4.9880257845440624E-008   0.0000000000000000        0.0000000000000000        1562.5000000000000        9.9999999999999732E-011   15625000000000.041        12.497140497592740        187457107463.89157        6.1798317787101762E-005   0.0000000000000000        0.0000000000000000        0.0000000000000000        1.0032290205432647E-022   0.0000000000000000        0.0000000000000000        0.0000000000000000     
  -54673739999990.641        0.0000000000000000        0.0000000000000000        320000.00140218675        0.0000000000000000        0.0000000000000000        1.0060752053741190E-007   0.0000000000000000        0.0000000000000000        1562.5000000000000        1.0000000073204992E-010   15624999885617.199        12.497122177083087        187456831283.96869        6.1797948304902721E-005   0.0000000000000000        0.0000000000000000        0.0000000000000000        1.2676479280451483E-022   0.0000000000000000        0.0000000000000000        0.0000000000000000     
  -39048739999990.641        0.0000000000000000        0.0000000000000000        319999.99528350844        0.0000000000000000        0.0000000000000000       -1.8749505143136071E-007   0.0000000000000000        0.0000000000000000        1562.5000000000000        1.0000001534329681E-010   15624997602610.240        12.497348429537050        187460197680.48117        6.1802399856733636E-005   0.0000000000000000        0.0000000000000000        0.0000000000000000        1.2210032274874832E-022   0.0000000000000000        0.0000000000000000        0.0000000000000000     
  -23423742745177.043        0.0000000000000000        0.0000000000000000        319872.17655239010        0.0000000000000000        0.0000000000000000       -2.9817808494274059E-003   0.0000000000000000        0.0000000000000000        1562.5000000000000        1.0000743343860726E-010   15623838611548.715        12.498246601069855        187459764309.55453        6.1801643755542688E-005   0.0000000000000000        0.0000000000000000        0.0000000000000000        1.5126094199483479E-022   0.0000000000000000        0.0000000000000000        0.0000000000000000     
  -7798770085394.4326        0.0000000000000000        0.0000000000000000        318601.86633419938        0.0000000000000000        0.0000000000000000       -3.2431914409220740E-002   0.0000000000000000        0.0000000000000000        1562.5000000000000        1.0008074989174698E-010   15612393009545.680        12.507777322327167        187465281822.77243        6.1807150892575114E-005   0.0000000000000000        0.0000000000000000        0.0000000000000000        1.4483645511296096E-022   0.0000000000000000        0.0000000000000000        0.0000000000000000     
   7798770085394.4326        0.0000000000000000        0.0000000000000000       -318601.86633419938        0.0000000000000000        0.0000000000000000        3.2431914409220740E-002   0.0000000000000000        0.0000000000000000        1562.5000000000000        1.0008074989174698E-010   15612393009545.680        12.507777322327167        187465281822.77243        6.1807150892575114E-005   0.0000000000000000        0.0000000000000000        0.0000000000000000       -1.4483645511296096E-022   0.0000000000000000        0.0000000000000000        0.0000000000000000     
   23423742745177.043        0.0000000000000000        0.0000000000000000       -319872.17655239010        0.0000000000000000        0.0000000000000000        2.9817808494274102E-003   0.0000000000000000        0.0000000000000000        1562.5000000000000        1.0000743343860726E-010   15623838611548.715        12.498246601069855        187459764309.55453        6.1801643755542688E-005   0.0000000000000000        0.0000000000000000        0.0000000000000000       -1.5126094199483479E-022   0.0000000000000000        0.0000000000000000        0.0000000000000000     
   39048739999990.641        0.0000000000000000        0.0000000000000000       -319999.99528350844        0.0000000000000000        0.0000000000000000        1.8749505143092703E-007   0.0000000000000000        0.0000000000000000        1562.5000000000000        1.0000001534329680E-010   15624997602610.242        12.497348429537046        187460197680.48117        6.1802399856733636E-005   0.0000000000000000        0.0000000000000000        0.0000000000000000       -1.2210032274874832E-022   0.0000000000000000        0.0000000000000000        0.0000000000000000     
   54673739999990.641        0.0000000000000000        0.0000000000000000       -320000.00140218675        0.0000000000000000        0.0000000000000000       -1.0060752053871294E-007   0.0000000000000000        0.0000000000000000        1562.5000000000000        1.0000000073204992E-010   15624999885617.199        12.497122177083087        187456831283.96869        6.1797948304902721E-005   0.0000000000000000        0.0000000000000000        0.0000000000000000       -1.2676479280451493E-022   0.0000000000000000        0.0000000000000000        0.0000000000000000     
   70298739999990.641        0.0000000000000000        0.0000000000000000       -319999.99824462953        0.0000000000000000        0.0000000000000000        4.9880257843705901E-008   0.0000000000000000        0.0000000000000000        1562.5000000000000        9.9999999999999732E-011   15625000000000.041        12.497140497592740        187457107463.89157        6.1798317787101762E-005   0.0000000000000000        0.0000000000000000        0.0000000000000000       -1.0032290205432647E-022   0.0000000000000000        0.0000000000000000        0.0000000000000000     
   85923739999990.734        0.0000000000000000        0.0000000000000000       -319999.99826811068        0.0000000000000000        0.0000000000000000        5.2019438164431301E-008   0.0000000000000000        0.0000000000000000        1562.5000000000000        9.9999999999999732E-011   15625000000000.041        12.496970063486753        187454550952.30179        6.1794927654784435E-005   0.0000000000000000        0.0000000000000000        0.0000000000000000       -1.0340250968909399E-022   0.0000000000000000        0.0000000000000000        0.0000000000000000     
   101548739999990.73        0.0000000000000000        0.0000000000000000       -319999.99885116157        0.0000000000000000        0.0000000000000000        4.0563725325325344E-008   0.0000000000000000        0.0000000000000000        1562.5000000000000        9.9999999999999991E-011   15625000000000.002        12.496972686108105        187454590291.62158        6.1794985269646128E-005   0.0000000000000000        0.0000000000000000        0.0000000000000000       -8.0727500437924273E-023   0.0000000000000000        0.0000000000000000        0.0000000000000000     
   117173739999990.73        0.0000000000000000        0.0000000000000000       -319999.99889107881        0.0000000000000000        0.0000000000000000        4.1156349213479477E-008   0.0000000000000000        0.0000000000000000        1562.5000000000000        9.9999999999999991E-011   15625000000000.002        12.496848011321733        187452720169.82599        6.1792497538325650E-005   0.0000000000000000        0.0000000000000000        0.0000000000000000       -8.1969390380983890E-023   0.0000000000000000        0.0000000000000000        0.0000000000000000     
   132798739999990.73        0.0000000000000000        0.0000000000000000       -319999.99966355844        0.0000000000000000        0.0000000000000000        3.1870419751507772E-008   0.0000000000000000        0.0000000000000000        1562.5000000000000        1.0000000000000004E-010   15624999999999.994        12.496840128114325        187452601921.71478        6.1792346139025382E-005   0.0000000000000000        0.0000000000000000        0.0000000000000000       -6.3569529531082546E-023   0.0000000000000000        0.0000000000000000        0.0000000000000000     
   148423739999990.72        0.0000000000000000        0.0000000000000000       -319999.99971750955        0.0000000000000000        0.0000000000000000        3.1621484486572304E-008   0.0000000000000000        0.0000000000000000        1562.5000000000000        1.0000000000000004E-010   15624999999999.994        12.496751946965047        187451279204.47562        6.1790580439599030E-005   0.0000000000000000        0.0000000000000000        0.0000000000000000       -6.3152671333599391E-023   0.0000000000000000        0.0000000000000000        0.0000000000000000     
   164048739999990.72        0.0000000000000000        0.0000000000000000       -320000.00000000000        0.0000000000000000        0.0000000000000000        2.4461361202629404E-008   0.0000000000000000        0.0000000000000000        1562.5000000000000        1.0000000000000002E-010   15625000000000.000        12.496738546522234        187451078197.83347        6.1790317683338176E-005   0.0000000000000000        0.0000000000000000        0.0000000000000000       -4.8930916420480017E-023   0.0000000000000000        0.0000000000000000        0.0000000000000000     
   179673739999990.72        0.0000000000000000        0.0000000000000000       -320000.00000000000        0.0000000000000000        0.0000000000000000        2.3618209892487323E-008   0.0000000000000000        0.0000000000000000        1562.5000000000000        1.0000000000000000E-010   15625000000000.000        12.496677949993463        187450169249.90192        6.1789099843447611E-005   0.0000000000000000        0.0000000000000000        0.0000000000000000       -4.7319079713948355E-023   0.0000000000000000        0.0000000000000000        0.0000000000000000     
   195298739999990.72        0.0000000000000000        0.0000000000000000       -320000.00000000000        0.0000000000000000        0.0000000000000000        1.8321481260365679E-008   0.0000000000000000        0.0000000000000000        1562.5000000000000        1.0000000000000000E-010   15625000000000.000        12.496662947177802        187449944207.66699        6.1788803006881894E-005   0.0000000000000000        0.0000000000000000        0.0000000000000000       -3.6767622933124404E-023   0.0000000000000000        0.0000000000000000        0.0000000000000000     
   210923739999990.72        0.0000000000000000        0.0000000000000000       -320000.00000000000        0.0000000000000000        0.0000000000000000        1.7164395679953545E-008   0.0000000000000000        0.0000000000000000        1562.5000000000000        1.0000000000000000E-010   15625000000000.000        12.496622276345352        187449334145.18027        6.1787982549269116E-005   0.0000000000000000        0.0000000000000000        0.0000000000000000       -3.4511890434294384E-023   0.0000000000000000        0.0000000000000000        0.0000000000000000     
   226548739999990.72        0.0000000000000000        0.0000000000000000       -320000.00000000000        0.0000000000000000        0.0000000000000000        1.3376938322933698E-008   0.0000000000000000        0.0000000000000000        1562.5000000000000        1.0000000000000000E-010   15625000000000.000        12.496608232052022        187449123480.78030        6.1787702766523208E-005   0.0000000000000000        0.0000000000000000        0.0000000000000000       -2.6936617112655797E-023   0.0000000000000000        0.0000000000000000        0.0000000000000000     
   242173739999990.72        0.0000000000000000        0.0000000000000000       -320000.00000000000        0.0000000000000000        0.0000000000000000        1.2149104448610391E-008   0.0000000000000000        0.0000000000000000        1562.5000000000000        1.0000000000000000E-010   15625000000000.000        12.496581440727235        187448721610.90851        6.1787160288121612E-005   0.0000000000000000        0.0000000000000000        0.0000000000000000       -2.4520336371698821E-023   0.0000000000000000        0.0000000000000000        0.0000000000000000     
   257798739999990.72        0.0000000000000000        0.0000000000000000       -320000.00000000000        0.0000000000000000        0.0000000000000000        9.5070161697562011E-009   0.0000000000000000        0.0000000000000000        1562.5000000000000        1.0000000000000008E-010   15624999999999.986        12.496569671539094        187448545073.08621        6.1786924386939682E-005   0.0000000000000000        0.0000000000000000        0.0000000000000000       -1.9214951094802504E-023   0.0000000000000000        0.0000000000000000        0.0000000000000000     
   273423739999990.72        0.0000000000000000        0.0000000000000000       -320000.00000000000        0.0000000000000000        0.0000000000000000        8.3757793620725455E-009   0.0000000000000000        0.0000000000000000        1562.5000000000000        1.0000000000000084E-010   15624999999999.869        12.496552293124299        187448284396.86288        6.1786571218964986E-005   0.0000000000000000        0.0000000000000000        0.0000000000000000       -1.6971379758746719E-023   0.0000000000000000        0.0000000000000000        0.0000000000000000     
   289048739999990.44        0.0000000000000000        0.0000000000000000       -320000.00000000000        0.0000000000000000        0.0000000000000000        6.5642193068508534E-009   0.0000000000000000        0.0000000000000000        1562.5000000000000        1.0000000000000084E-010   15624999999999.869        12.496543197376150        187448147960.64062        6.1786387851428919E-005   0.0000000000000000        0.0000000000000000        0.0000000000000000       -1.3319182839507317E-023   0.0000000000000000        0.0000000000000000        0.0000000000000000     
   304673739999990.44        0.0000000000000000        0.0000000000000000       -320000.00000000000        0.0000000000000000        0.0000000000000000        5.6137887983878741E-009   0.0000000000000000        0.0000000000000000        1562.5000000000000        1.0000000000000008E-010   15624999999999.986        12.496532092746353        187447981391.19513        6.1786161375819711E-005   0.0000000000000000        0.0000000000000000        0.0000000000000000       -1.1420536976328424E-023   0.0000000000000000        0.0000000000000000        0.0000000000000000     
   320298739999990.44        0.0000000000000000        0.0000000000000000       -320000.00000000000        0.0000000000000000        0.0000000000000000        4.3833301077811412E-009   0.0000000000000000        0.0000000000000000        1562.5000000000000        1.0000000000000000E-010   15625000000000.000        12.496525518765127        187447882781.47687        6.1786028124827616E-005   0.0000000000000000        0.0000000000000000        0.0000000000000000       -8.9296251635772678E-024   0.0000000000000000        0.0000000000000000        0.0000000000000000     
   335923739999990.44        0.0000000000000000        0.0000000000000000       -320000.00000000000        0.0000000000000000        0.0000000000000000        3.6322908738524407E-009   0.0000000000000000        0.0000000000000000        1562.5000000000000        1.0000000000000000E-010   15625000000000.000        12.496518563582848        187447778453.74268        6.1785885783611897E-005   0.0000000000000000        0.0000000000000000        0.0000000000000000       -7.4186872351658301E-024   0.0000000000000000        0.0000000000000000        0.0000000000000000     
   351548739999990.44        0.0000000000000000        0.0000000000000000       -320000.00000000000        0.0000000000000000        0.0000000000000000        2.7950400769731135E-009   0.0000000000000000        0.0000000000000000        1562.5000000000000        1.0000000000000000E-010   15625000000000.000        12.496514115246971        187447711728.70453        6.1785795164070716E-005   0.0000000000000000        0.0000000000000000        0.0000000000000000       -5.7163506773869507E-024   0.0000000000000000        0.0000000000000000        0.0000000000000000     
   367173739999990.44        0.0000000000000000        0.0000000000000000       -320000.00000000000        0.0000000000000000        0.0000000000000000        2.2200163797583077E-009   0.0000000000000000        0.0000000000000000        1562.5000000000000        1.0000000000000000E-010   15625000000000.000        12.496509917947312        187447648769.20966        6.1785708975675523E-005   0.0000000000000000        0.0000000000000000        0.0000000000000000       -4.5514887586943160E-024   0.0000000000000000        0.0000000000000000        0.0000000000000000     
   382798739999990.44        0.0000000000000000        0.0000000000000000       -320000.00000000000        0.0000000000000000        0.0000000000000000        1.6370027065518603E-009   0.0000000000000000        0.0000000000000000        1562.5000000000000        1.0000000000000000E-010   15625000000000.000        12.496507161832195        187447607427.48291        6.1785652572687340E-005   0.0000000000000000        0.0000000000000000        0.0000000000000000       -3.3607312894685021E-024   0.0000000000000000        0.0000000000000000        0.0000000000000000     
   398423739999990.44        0.0000000000000000        0.0000000000000000       -320000.00000000000        0.0000000000000000        0.0000000000000000        1.1929685230542597E-009   0.0000000000000000        0.0000000000000000        1562.5000000000000        1.0000000000000000E-010   15625000000000.000        12.496504847685291        187447572715.27933        6.1785604889161145E-005   0.0000000000000000        0.0000000000000000        0.0000000000000000       -2.4555487932722759E-024   0.0000000000000000        0.0000000000000000        0.0000000000000000     
   414048739999990.44        0.0000000000000000        0.0000000000000000       -320000.00000000000        0.0000000000000000        0.0000000000000000        7.6018993900941377E-010   0.0000000000000000        0.0000000000000000        1562.5000000000000        1.0000000000000000E-010   15625000000000.000        12.496503430685740        187447551460.28607        6.1785575754980942E-005   0.0000000000000000        0.0000000000000000        0.0000000000000000       -1.5683146292773166E-024   0.0000000000000000        0.0000000000000000        0.0000000000000000     
   429673739999990.44        0.0000000000000000        0.0000000000000000       -320000.00000000000        0.0000000000000000        0.0000000000000000        3.9388914469479702E-010   0.0000000000000000        0.0000000000000000        1562.5000000000000        1.0000000000000000E-010   15625000000000.000        12.496502493399225        187447537400.98837        6.1785556321942024E-005   0.0000000000000000        0.0000000000000000        0.0000000000000000       -8.1853491414706161E-025   0.0000000000000000        0.0000000000000000        0.0000000000000000     
   445298739999990.44        0.0000000000000000        0.0000000000000000       -320000.00000000000        0.0000000000000000        0.0000000000000000        3.0265728748880166E-011   0.0000000000000000        0.0000000000000000        1562.5000000000000        1.0000000000000000E-010   15625000000000.000        12.496502197766135        187447532966.49200        6.1785550126892573E-005   0.0000000000000000        0.0000000000000000        0.0000000000000000       -7.2314585634718213E-026   0.0000000000000000        0.0000000000000000        0.0000000000000000     
   460923739999990.44        0.0000000000000000        0.0000000000000000       -320000.00000000000        0.0000000000000000        0.0000000000000000       -3.1268112798567032E-010   0.0000000000000000        0.0000000000000000        1562.5000000000000        1.0000000000000000E-010   15625000000000.000        12.496502406140790        187447536092.11185        6.1785554219452035E-005   0.0000000000000000        0.0000000000000000        0.0000000000000000        6.2945137997994413E-025   0.0000000000000000        0.0000000000000000        0.0000000000000000     
   476548739999990.44        0.0000000000000000        0.0000000000000000       -320000.00000000000        0.0000000000000000        0.0000000000000000       -6.7464315471103164E-010   0.0000000000000000        0.0000000000000000        1562.5000000000000        1.0000000000000000E-010   15625000000000.000        12.496503168314304        187447547524.71454        6.1785569661911222E-005   0.0000000000000000        0.0000000000000000        0.0000000000000000        1.3698003462128221E-024   0.0000000000000000        0.0000000000000000        0.0000000000000000     
   492173739999990.44        0.0000000000000000        0.0000000000000000       -320000.00000000000        0.0000000000000000        0.0000000000000000       -1.0466322739231168E-009   0.0000000000000000        0.0000000000000000        1562.5000000000000        1.0000000000000000E-010   15625000000000.000        12.496504513381145        187447567700.71716        6.1785597016023023E-005   0.0000000000000000        0.0000000000000000        0.0000000000000000        2.1270883109712995E-024   0.0000000000000000        0.0000000000000000        0.0000000000000000     
   507798739999990.44        0.0000000000000000        0.0000000000000000       -320000.00000000000        0.0000000000000000        0.0000000000000000       -1.4675376490031863E-009   0.0000000000000000        0.0000000000000000        1562.5000000000000        1.0000000000000000E-010   15625000000000.000        12.496506424309654        187447596364.64478        6.1785635836312521E-005   0.0000000000000000        0.0000000000000000        0.0000000000000000        2.9823376508887737E-024   0.0000000000000000        0.0000000000000000        0.0000000000000000     
   523423739999990.44        0.0000000000000000        0.0000000000000000       -320000.00000000000        0.0000000000000000        0.0000000000000000       -1.9170355824348020E-009   0.0000000000000000        0.0000000000000000        1562.5000000000000        1.0000000000000000E-010   15625000000000.000        12.496509094631724        187447636419.47586        6.1785690133555655E-005   0.0000000000000000        0.0000000000000000        0.0000000000000000        3.8902281862092495E-024   0.0000000000000000        0.0000000000000000        0.0000000000000000     
   539048739999990.44        0.0000000000000000        0.0000000000000000       -320000.00000000000        0.0000000000000000        0.0000000000000000       -2.4548721793405774E-009   0.0000000000000000        0.0000000000000000        1562.5000000000000        9.9999999999999551E-011   15625000000000.068        12.496512388096713        187447685821.45151        6.1785756863203979E-005   0.0000000000000000        0.0000000000000000        0.0000000000000000        4.9749837741172667E-024   0.0000000000000000        0.0000000000000000        0.0000000000000000     
   554673739999990.44        0.0000000000000000        0.0000000000000000       -320000.00000000000        0.0000000000000000        0.0000000000000000       -3.0230648764875185E-009   0.0000000000000000        0.0000000000000000        1562.5000000000000        9.9999999999995053E-011   15625000000000.771        12.496516763850169        187447751457.76178        6.1785845582678278E-005   0.0000000000000000        0.0000000000000000        0.0000000000000000        6.1128742490318518E-024   0.0000000000000000        0.0000000000000000        0.0000000000000000     
   570298739999992.12        0.0000000000000000        0.0000000000000000       -320000.00000000000        0.0000000000000000        0.0000000000000000       -3.7351064394008998E-009   0.0000000000000000        0.0000000000000000        1562.5000000000000        9.9999999999995053E-011   15625000000000.771        12.496521789214643        187447826838.22891        6.1785946964001590E-005   0.0000000000000000        0.0000000000000000        0.0000000000000000        7.5390947395897138E-024   0.0000000000000000        0.0000000000000000        0.0000000000000000     
   585923739999992.12        0.0000000000000000        0.0000000000000000       -320000.00000000000        0.0000000000000000        0.0000000000000000       -4.4490942741507607E-009   0.0000000000000000        0.0000000000000000        1562.5000000000000        9.9999999999999551E-011   15625000000000.068        12.496528447655058        187447926714.82669        6.1786081453422926E-005   0.0000000000000000        0.0000000000000000        0.0000000000000000        8.9569933879090469E-024   0.0000000000000000        0.0000000000000000        0.0000000000000000     
   601548739999992.12        0.0000000000000000        0.0000000000000000       -320000.00000000000        0.0000000000000000        0.0000000000000000       -5.3910879646849837E-009   0.0000000000000000        0.0000000000000000        1562.5000000000000        1.0000000000000000E-010   15625000000000.000        12.496535615562992        187448034233.44485        6.1786225316284843E-005   0.0000000000000000        0.0000000000000000        0.0000000000000000        1.0832263555575194E-023   0.0000000000000000        0.0000000000000000        0.0000000000000000     
   617173739999992.12        0.0000000000000000        0.0000000000000000       -320000.00000000000        0.0000000000000000        0.0000000000000000       -6.2529099329993945E-009   0.0000000000000000        0.0000000000000000        1562.5000000000000        1.0000000000000000E-010   15625000000000.000        12.496545340277782        187448180104.16672        6.1786420932366214E-005   0.0000000000000000        0.0000000000000000        0.0000000000000000        1.2529354404285853E-023   0.0000000000000000        0.0000000000000000        0.0000000000000000     
   632798739999992.12        0.0000000000000000        0.0000000000000000       -320000.00000000000        0.0000000000000000        0.0000000000000000       -7.4750243927256747E-009   0.0000000000000000        0.0000000000000000        1562.5000000000000        1.0000000000000000E-010   15625000000000.000        12.496555027440552        187448325411.60825        6.1786614273402049E-005   0.0000000000000000        0.0000000000000000        0.0000000000000000        1.4948739492028249E-023   0.0000000000000000        0.0000000000000000        0.0000000000000000     
   648423739999992.12        0.0000000000000000        0.0000000000000000       -320000.00000000000        0.0000000000000000        0.0000000000000000       -8.4475272714941571E-009   0.0000000000000000        0.0000000000000000        1562.5000000000000        1.0000000000000000E-010   15625000000000.000        12.496568811436584        187448532171.54871        6.1786890390152472E-005   0.0000000000000000        0.0000000000000000        0.0000000000000000        1.6846726126459065E-023   0.0000000000000000        0.0000000000000000        0.0000000000000000     
   664048739999992.12        0.0000000000000000        0.0000000000000000       -320000.00000000000        0.0000000000000000        0.0000000000000000       -9.9854280362203188E-009   0.0000000000000000        0.0000000000000000        1562.5000000000000        1.0000000000000000E-010   15625000000000.000        12.496581215521100        187448718232.81650        6.1787136515731780E-005   0.0000000000000000        0.0000000000000000        0.0000000000000000        1.9875158415256244E-023   0.0000000000000000        0.0000000000000000        0.0000000000000000     
   679673739999992.12        0.0000000000000000        0.0000000000000000       -320000.00000000000        0.0000000000000000        0.0000000000000000       -1.0979988268179714E-008   0.0000000000000000        0.0000000000000000        1562.5000000000000        1.0000000000000000E-010   15625000000000.000        12.496600239639134        187449003594.58701        6.1787516031366329E-005   0.0000000000000000        0.0000000000000000        0.0000000000000000        2.1796319992482304E-023   0.0000000000000000        0.0000000000000000        0.0000000000000000     
   695298739999992.12        0.0000000000000000        0.0000000000000000       -320000.00000000000        0.0000000000000000        0.0000000000000000       -1.2838379537205135E-008   0.0000000000000000        0.0000000000000000        1562.5000000000000        1.0000000000000000E-010   15625000000000.000        12.496615196482024        187449227947.23035        6.1787811045669192E-005   0.0000000000000000        0.0000000000000000        0.0000000000000000        2.5436328533810605E-023   0.0000000000000000        0.0000000000000000        0.0000000000000000     
   710923739999992.12        0.0000000000000000        0.0000000000000000       -320000.00000000000        0.0000000000000000        0.0000000000000000       -1.3713478646814525E-008   0.0000000000000000        0.0000000000000000        1562.5000000000000        1.0000000000000000E-010   15625000000000.000        12.496640748662838        187449611229.94254        6.1788318710775529E-005   0.0000000000000000        0.0000000000000000        0.0000000000000000        2.7103592375446112E-023   0.0000000000000000        0.0000000000000000        0.0000000000000000     
   726548739999992.12        0.0000000000000000        0.0000000000000000       -320000.00000000000        0.0000000000000000        0.0000000000000000       -1.5839108540304362E-008   0.0000000000000000        0.0000000000000000        1562.5000000000000        1.0000000000000000E-010   15625000000000.000        12.496657561337196        187449863420.05789        6.1788648344839959E-005   0.0000000000000000        0.0000000000000000        0.0000000000000000        3.1243074086990830E-023   0.0000000000000000        0.0000000000000000        0.0000000000000000     
   742173739999992.12        0.0000000000000000        0.0000000000000000       -320000.00000000000        0.0000000000000000        0.0000000000000000       -1.6420308305372556E-008   0.0000000000000000        0.0000000000000000        1562.5000000000000        1.0000000000000000E-010   15625000000000.000        12.496690843148690        187450362647.23032        6.1789306886799461E-005   0.0000000000000000        0.0000000000000000        0.0000000000000000        3.2321693688178738E-023   0.0000000000000000        0.0000000000000000        0.0000000000000000     
   757798739999992.12        0.0000000000000000        0.0000000000000000       -320000.00000000000        0.0000000000000000        0.0000000000000000       -1.8664916897395764E-008   0.0000000000000000        0.0000000000000000        1562.5000000000000        1.0000000000000000E-010   15625000000000.000        12.496708214288343        187450623214.32513        6.1789645438212494E-005   0.0000000000000000        0.0000000000000000        0.0000000000000000        3.6663420562397846E-023   0.0000000000000000        0.0000000000000000        0.0000000000000000     
   773423739999992.12        0.0000000000000000        0.0000000000000000       -320000.00000000000        0.0000000000000000        0.0000000000000000       -1.8792740809257566E-008   0.0000000000000000        0.0000000000000000        1562.5000000000000        1.0000000000000000E-010   15625000000000.000        12.496749976672712        187451249650.09064        6.1790468412183244E-005   0.0000000000000000        0.0000000000000000        0.0000000000000000        3.6854516222780020E-023   0.0000000000000000        0.0000000000000000        0.0000000000000000     
   789048739999992.12        0.0000000000000000        0.0000000000000000       -320000.00000000000        0.0000000000000000        0.0000000000000000       -2.0878413799362766E-008   0.0000000000000000        0.0000000000000000        1562.5000000000000        1.0000000000000000E-010   15625000000000.000        12.496766155897623        187451492338.46432        6.1790781873713034E-005   0.0000000000000000        0.0000000000000000        0.0000000000000000        4.0847023109616763E-023   0.0000000000000000        0.0000000000000000        0.0000000000000000     
   804673739999992.12        0.0000000000000000        0.0000000000000000       -320000.00012138061        0.0000000000000000        0.0000000000000000       -2.0485658142253935E-008   0.0000000000000000        0.0000000000000000        1562.5000000000000        1.0000000000000000E-010   15625000000000.000        12.496816144689891        187452242170.34833        6.1791762975377598E-005   0.0000000000000000        0.0000000000000000        0.0000000000000000        4.0014508660166915E-023   0.0000000000000000        0.0000000000000000        0.0000000000000000     
   820298739999992.12        0.0000000000000000        0.0000000000000000       -320000.00127665792        0.0000000000000000        0.0000000000000000       -2.1952527687848612E-008   0.0000000000000000        0.0000000000000000        1562.5000000000000        1.0000000000000000E-010   15625000000000.000        12.496829355869183        187452440338.03772        6.1792017439935056E-005   0.0000000000000000        0.0000000000000000        0.0000000000000000        4.2832511418537312E-023   0.0000000000000000        0.0000000000000000        0.0000000000000000     
   835923739999992.12        0.0000000000000000        0.0000000000000000       -320000.00138536352        0.0000000000000000        0.0000000000000000       -2.1092611652285485E-008   0.0000000000000000        0.0000000000000000        1562.5000000000000        1.0000000000000000E-010   15625000000000.000        12.496885660142530        187453284902.13794        6.1793118190710592E-005   0.0000000000000000        0.0000000000000000        0.0000000000000000        4.1105366948595827E-023   0.0000000000000000        0.0000000000000000        0.0000000000000000     
   851548739999992.12        0.0000000000000000        0.0000000000000000       -320000.00169079710        0.0000000000000000        0.0000000000000000       -2.1469391249400994E-008   0.0000000000000000        0.0000000000000000        1562.5000000000000        1.0000000000000000E-010   15625000000000.000        12.496894732800394        187453420992.00589        6.1793291912165050E-005   0.0000000000000000        0.0000000000000000        0.0000000000000000        4.1746752561510701E-023   0.0000000000000000        0.0000000000000000        0.0000000000000000     
   867173739999992.12        0.0000000000000000        0.0000000000000000       -320000.00168466748        0.0000000000000000        0.0000000000000000       -2.0328776727099922E-008   0.0000000000000000        0.0000000000000000        1562.5000000000000        1.0000000000000000E-010   15625000000000.000        12.496953297419809        187454299461.29712        6.1794432765683381E-005   0.0000000000000000        0.0000000000000000        0.0000000000000000        3.9516651991515620E-023   0.0000000000000000        0.0000000000000000        0.0000000000000000     
   882798739999992.12        0.0000000000000000        0.0000000000000000       -320000.00175205496        0.0000000000000000        0.0000000000000000       -1.9112072308300825E-008   0.0000000000000000        0.0000000000000000        1562.5000000000000        1.0000000000000000E-010   15625000000000.000        12.496958235548066        187454373533.22095        6.1794526722417728E-005   0.0000000000000000        0.0000000000000000        0.0000000000000000        3.7060219228045954E-023   0.0000000000000000        0.0000000000000000        0.0000000000000000     
   898423739999992.12        0.0000000000000000        0.0000000000000000       -320000.00201892521        0.0000000000000000        0.0000000000000000       -1.7947267174481343E-008   0.0000000000000000        0.0000000000000000        1562.5000000000000        1.0000000000000000E-010   15625000000000.000        12.497012924503982        187455193867.55972        6.1795588832680627E-005   0.0000000000000000        0.0000000000000000        0.0000000000000000        3.4827404792387982E-023   0.0000000000000000        0.0000000000000000        0.0000000000000000     
   914048739999992.12        0.0000000000000000        0.0000000000000000       -320000.00247239933        0.0000000000000000        0.0000000000000000       -1.8088093667516351E-008   0.0000000000000000        0.0000000000000000        1562.5000000000000        1.0000000000000000E-010   15625000000000.000        12.497015038918168        187455225583.77249        6.1795628824403112E-005   0.0000000000000000        0.0000000000000000        0.0000000000000000        2.8809198875882204E-023   0.0000000000000000        0.0000000000000000        0.0000000000000000     
   929673739999992.12        0.0000000000000000        0.0000000000000000       -320000.00541495730        0.0000000000000000        0.0000000000000000       -1.4420161555798226E-007   0.0000000000000000        0.0000000000000000        1562.5000000000000        1.0000000030866967E-010   15624999951770.363        12.497058597032899        187455878376.87399        6.1796472022626690E-005   0.0000000000000000        0.0000000000000000        0.0000000000000000        2.6927813169351947E-023   0.0000000000000000        0.0000000000000000        0.0000000000000000     
   945298739999992.12        0.0000000000000000        0.0000000000000000       -320002.71118878707        0.0000000000000000        0.0000000000000000       -5.3095911877206657E-005   0.0000000000000000        0.0000000000000000        1562.5000000000000        1.0000000308669650E-010   15624999517703.688        12.497060330997444        187455899178.76697        6.1796498272535553E-005   0.0000000000000000        0.0000000000000000        0.0000000000000000        1.7663082749477402E-023   0.0000000000000000        0.0000000000000000        0.0000000000000000     
   960923738842481.00        0.0000000000000000        0.0000000000000000       -320079.64706311875        0.0000000000000000        0.0000000000000000       -1.8516033422738920E-003   0.0000000000000000        0.0000000000000000        1562.5000000000000        9.9999997660925254E-011   15625000365480.438        12.497085164970404        187456281859.29858        6.1796992281352533E-005   0.0000000000000000        0.0000000000000000        0.0000000000000000        1.6225634897812879E-023   0.0000000000000000        0.0000000000000000        0.0000000000000000     
   976548739999992.25        0.0000000000000000        0.0000000000000000       -319975.03176611499        0.0000000000000000        0.0000000000000000        5.8067560091100694E-004   0.0000000000000000        0.0000000000000000        1562.5000000000000        9.9096839653738044E-011   15767404949135.133        12.384219641327695        187456325821.29294        6.1797049892912547E-005   0.0000000000000000        0.0000000000000000        0.0000000000000000        3.0936100537808618E-024   0.0000000000000000        0.0000000000000000        0.0000000000000000     
   992173748771533.50        0.0000000000000000        0.0000000000000000       -319588.85212832439        0.0000000000000000        0.0000000000000000        9.5612318238262033E-003   0.0000000000000000        0.0000000000000000        1562.5000000000000        6.8979835890055715E-011   22651547076603.793        8.6204707023639155        187456318019.59668        6.1797040430731820E-005   0.0000000000000000        0.0000000000000000        0.0000000000000000        1.5079876353057316E-024   0.0000000000000000        0.0000000000000000        0.0000000000000000     
