   1.2099999999999980E-007
 -0.99218750000000000        0.0000000000000000        0.0000000000000000       -2.0645686686180094E-007   0.0000000000000000        0.0000000000000000        0.0000000000000000        0.0000000000000000        0.0000000000000000        1.5624999999999999E-009   9.9999999999999995E-008   1.5625000000000000E-002   92815264.206273243        1392228963070697.8        999860777203.32227        0.0000000000000000        0.0000000000000000        0.0000000000000000        0.0000000000000000        0.0000000000000000        0.0000000000000000        0.0000000000000000     
 -0.97656250000000000        0.0000000000000000        0.0000000000000000       -2.3595234268544565E-007   0.0000000000000000        0.0000000000000000        0.0000000000000000        0.0000000000000000        0.0000000000000000        1.5624999999999999E-009   9.9999999999999995E-008   1.5625000000000000E-002   92815264.206273288        1392228963070698.2        999860777203.32227        0.0000000000000000        0.0000000000000000        0.0000000000000000        0.0000000000000000        0.0000000000000000        0.0000000000000000        0.0000000000000000     
 -0.96093750000000000        0.0000000000000000        0.0000000000000000       -2.3595279649993703E-007   0.0000000000000000        0.0000000000000000        0.0000000000000000        0.0000000000000000        0.0000000000000000        1.5624999999999999E-009   9.9999999999999995E-008   1.5625000000000000E-002   92815264.206273347        1392228963070699.2        999860777203.32227        0.0000000000000000        0.0000000000000000        0.0000000000000000        0.0000000000000000        0.0000000000000000        0.0000000000000000        0.0000000000000000     
 -0.94531250000000000        0.0000000000000000        0.0000000000000000       -2.5054341072629142E-007   0.0000000000000000        0.0000000000000000        0.0000000000000000        0.0000000000000000        0.0000000000000000        1.5624999999999999E-009   9.9999999999999995E-008   1.5625000000000000E-002   92815264.206273407        1392228963070700.0        999860777203.32227        0.0000000000000000        0.0000000000000000        0.0000000000000000        0.0000000000000000        0.0000000000000000        0.0000000000000000        0.0000000000000000     
 -0.92968750000000000        0.0000000000000000        0.0000000000000000       -1.7696233113271125E-007   0.0000000000000000        0.0000000000000000        0.0000000000000000        0.0000000000000000        0.0000000000000000        1.5624999999999999E-009   9.9999999999999995E-008   1.5625000000000000E-002   92815264.206273407        1392228963070700.0        999860777203.32227        0.0000000000000000        0.0000000000000000        0.0000000000000000        0.0000000000000000        0.0000000000000000        0.0000000000000000        0.0000000000000000     
 -0.91406250000000000        0.0000000000000000        0.0000000000000000       -1.9893419680720225E-007   0.0000000000000000        0.0000000000000000        0.0000000000000000        0.0000000000000000        0.0000000000000000        1.5624999999999999E-009   9.9999999999999995E-008   1.5625000000000000E-002   92815264.206273526        1392228963070701.8        999860777203.32227        0.0000000000000000        0.0000000000000000        0.0000000000000000        0.0000000000000000        0.0000000000000000        0.0000000000000000        0.0000000000000000     
 -0.89843750000000000        0.0000000000000000        0.0000000000000000       -2.7297119803864217E-007   0.0000000000000000        0.0000000000000000        0.0000000000000000        0.0000000000000000        0.0000000000000000        1.5624999999999999E-009   9.9999999999999995E-008   1.5625000000000000E-002   92815264.206273526        1392228963070701.8        999860777203.32227        0.0000000000000000        0.0000000000000000        0.0000000000000000        0.0000000000000000        0.0000000000000000        0.0000000000000000        0.0000000000000000     
 -0.88281250000000000        0.0000000000000000        0.0000000000000000       -2.5834910447340186E-007   0.0000000000000000        0.0000000000000000        0.0000000000000000        0.0000000000000000        0.0000000000000000        1.5624999999999999E-009   9.9999999999999995E-008   1.5625000000000000E-002   92815264.206273660        1392228963070704.0        999860777203.32227        0.0000000000000000        0.0000000000000000        0.0000000000000000        0.0000000000000000        0.0000000000000000        0.0000000000000000        0.0000000000000000     
 -0.86718750000000000        0.0000000000000000        0.0000000000000000       -2.2872796955905196E-007   0.0000000000000000        0.0000000000000000        0.0000000000000000        0.0000000000000000        0.0000000000000000        1.5624999999999999E-009   9.9999999999999995E-008   1.5625000000000000E-002   92815264.206273645        1392228963070703.5        999860777203.32227        0.0000000000000000        0.0000000000000000        0.0000000000000000        0.0000000000000000        0.0000000000000000        0.0000000000000000        0.0000000000000000     
 -0.85156250000000000        0.0000000000000000        0.0000000000000000       -2.6529079503737473E-007   0.0000000000000000        0.0000000000000000        0.0000000000000000        0.0000000000000000        0.0000000000000000        1.5624999999999999E-009   9.9999999999999995E-008   1.5625000000000000E-002   92815264.206273541        1392228963070702.2        999860777203.32227        0.0000000000000000        0.0000000000000000        0.0000000000000000        0.0000000000000000        0.0000000000000000        0.0000000000000000        0.0000000000000000     
 -0.83593750000000000        0.0000000000000000        0.0000000000000000       -2.8771834255429598E-007   0.0000000000000000        0.0000000000000000        0.0000000000000000        0.0000000000000000        0.0000000000000000        1.5624999999999999E-009   9.9999999999999995E-008   1.5625000000000000E-002   92815264.206273332        1392228963070698.8        999860777203.32227        0.0000000000000000        0.0000000000000000        0.0000000000000000        0.0000000000000000        0.0000000000000000        0.0000000000000000        0.0000000000000000     
 -0.82031250000000000        0.0000000000000000        0.0000000000000000       -2.6544789096138018E-007   0.0000000000000000        0.0000000000000000        0.0000000000000000        0.0000000000000000        0.0000000000000000        1.5624999999999999E-009   9.9999999999999995E-008   1.5625000000000000E-002   92815264.206272975        1392228963070693.5        999860777203.32227        0.0000000000000000        0.0000000000000000        0.0000000000000000        0.0000000000000000        0.0000000000000000        0.0000000000000000        0.0000000000000000     
 -0.80468750000000000        0.0000000000000000        0.0000000000000000       -2.4360143587350019E-007   0.0000000000000000        0.0000000000000000        0.0000000000000000        0.0000000000000000        0.0000000000000000        1.5624999999999999E-009   9.9999999999999995E-008   1.5625000000000000E-002   92815264.206273004        1392228963070694.0        999860777203.32227        0.0000000000000000        0.0000000000000000        0.0000000000000000        0.0000000000000000        0.0000000000000000        0.0000000000000000        0.0000000000000000     
 -0.78906250000000000        0.0000000000000000        0.0000000000000000       -2.5779922534204216E-007   0.0000000000000000        0.0000000000000000        0.0000000000000000        0.0000000000000000        0.0000000000000000        1.5624999999999999E-009   9.9999999999999995E-008   1.5625000000000000E-002   92815264.206273109        1392228963070695.5        999860777203.32227        0.0000000000000000        0.0000000000000000        0.0000000000000000        0.0000000000000000        0.0000000000000000        0.0000000000000000        0.0000000000000000     
 -0.77343750000000000        0.0000000000000000        0.0000000000000000       -2.2078050782311621E-007   0.0000000000000000        0.0000000000000000        0.0000000000000000        0.0000000000000000        0.0000000000000000        1.5624999999999999E-009   9.9999999999999995E-008   1.5625000000000000E-002   92815264.206273124        1392228963070695.8        999860777203.32227        0.0000000000000000        0.0000000000000000        0.0000000000000000        0.0000000000000000        0.0000000000000000        0.0000000000000000        0.0000000000000000     
 -0.75781250000000000        0.0000000000000000        0.0000000000000000       -2.2120538822546358E-007   0.0000000000000000        0.0000000000000000        0.0000000000000000        0.0000000000000000        0.0000000000000000        1.5624999999999999E-009   9.9999999999999995E-008   1.5625000000000000E-002   92815264.206273168        1392228963070696.5        999860777203.32227        0.0000000000000000        0.0000000000000000        0.0000000000000000        0.0000000000000000        0.0000000000000000        0.0000000000000000        0.0000000000000000     
 -0.74218750000000000        0.0000000000000000        0.0000000000000000       -2.0645744940901082E-007   0.0000000000000000        0.0000000000000000        0.0000000000000000        0.0000000000000000        0.0000000000000000        1.5624999999999999E-009   9.9999999999999995E-008   1.5625000000000000E-002   92815264.206273213        1392228963070697.0        999860777203.32227        0.0000000000000000        0.0000000000000000        0.0000000000000000        0.0000000000000000        0.0000000000000000        0.0000000000000000        0.0000000000000000     
 -0.72656250000000000        0.0000000000000000        0.0000000000000000       -2.3595309884374776E-007   0.0000000000000000        0.0000000000000000        0.0000000000000000        0.0000000000000000        0.0000000000000000        1.5624999999999999E-009   9.9999999999999995E-008   1.5625000000000000E-002   92815264.206273168        1392228963070696.5        999860777203.32227        0.0000000000000000        0.0000000000000000        0.0000000000000000        0.0000000000000000        0.0000000000000000        0.0000000000000000        0.0000000000000000     
 -0.71093750000000000        0.0000000000000000        0.0000000000000000       -2.0645760740647365E-007   0.0000000000000000        0.0000000000000000        0.0000000000000000        0.0000000000000000        0.0000000000000000        1.5624999999999999E-009   9.9999999999999995E-008   1.5625000000000000E-002   92815264.206273347        1392228963070699.2        999860777203.32227        0.0000000000000000        0.0000000000000000        0.0000000000000000        0.0000000000000000        0.0000000000000000        0.0000000000000000        0.0000000000000000     
 -0.69531250000000000        0.0000000000000000        0.0000000000000000       -2.2872892296739407E-007   0.0000000000000000        0.0000000000000000        0.0000000000000000        0.0000000000000000        0.0000000000000000        1.5624999999999999E-009   9.9999999999999995E-008   1.5625000000000000E-002   92815264.206273392        1392228963070699.8        999860777203.32227        0.0000000000000000        0.0000000000000000        0.0000000000000000        0.0000000000000000        0.0000000000000000        0.0000000000000000        0.0000000000000000     
 -0.67968750000000000        0.0000000000000000        0.0000000000000000       -2.6544834533283208E-007   0.0000000000000000        0.0000000000000000        0.0000000000000000        0.0000000000000000        0.0000000000000000        1.5624999999999999E-009   9.9999999999999995E-008   1.5625000000000000E-002   92815264.206273600        1392228963070703.0        999860777203.32227        0.0000000000000000        0.0000000000000000        0.0000000000000000        0.0000000000000000        0.0000000000000000        0.0000000000000000        0.0000000000000000     
 -0.66406250000000000        0.0000000000000000        0.0000000000000000       -2.1410671036762144E-007   0.0000000000000000        0.0000000000000000        0.0000000000000000        0.0000000000000000        0.0000000000000000        1.5624999999999999E-009   9.9999999999999995E-008   1.5625000000000000E-002   92815264.206273526        1392228963070701.8        999860777203.32227        0.0000000000000000        0.0000000000000000        0.0000000000000000        0.0000000000000000        0.0000000000000000        0.0000000000000000        0.0000000000000000     
 -0.64843750000000000        0.0000000000000000        0.0000000000000000       -2.3595274099309785E-007   0.0000000000000000        0.0000000000000000        0.0000000000000000        0.0000000000000000        0.0000000000000000        1.5624999999999999E-009   9.9999999999999995E-008   1.5625000000000000E-002   92815264.206273586        1392228963070702.8        999860777203.32227        0.0000000000000000        0.0000000000000000        0.0000000000000000        0.0000000000000000        0.0000000000000000        0.0000000000000000        0.0000000000000000     
 -0.63281250000000000        0.0000000000000000        0.0000000000000000       -2.5070030556810514E-007   0.0000000000000000        0.0000000000000000        0.0000000000000000        0.0000000000000000        0.0000000000000000        1.5624999999999999E-009   9.9999999999999995E-008   1.5625000000000000E-002   92815264.206273571        1392228963070702.5        999860777203.32227        0.0000000000000000        0.0000000000000000        0.0000000000000000        0.0000000000000000        0.0000000000000000        0.0000000000000000        0.0000000000000000     
 -0.61718750000000000        0.0000000000000000        0.0000000000000000       -2.1355583360253902E-007   0.0000000000000000        0.0000000000000000        0.0000000000000000        0.0000000000000000        0.0000000000000000        1.5624999999999999E-009   9.9999999999999995E-008   1.5625000000000000E-002   92815264.206273451        1392228963070700.8        999860777203.32227        0.0000000000000000        0.0000000000000000        0.0000000000000000        0.0000000000000000        0.0000000000000000        0.0000000000000000        0.0000000000000000     
 -0.60156250000000000        0.0000000000000000        0.0000000000000000       -1.7696188026136521E-007   0.0000000000000000        0.0000000000000000        0.0000000000000000        0.0000000000000000        0.0000000000000000        1.5624999999999999E-009   9.9999999999999995E-008   1.5625000000000000E-002   92815264.206273481        1392228963070701.2        999860777203.32227        0.0000000000000000        0.0000000000000000        0.0000000000000000        0.0000000000000000        0.0000000000000000        0.0000000000000000        0.0000000000000000     
 -0.58593750000000000        0.0000000000000000        0.0000000000000000       -2.0623921283173204E-007   0.0000000000000000        0.0000000000000000        0.0000000000000000        0.0000000000000000        0.0000000000000000        1.5624999999999999E-009   9.9999999999999995E-008   1.5625000000000000E-002   92815264.206273407        1392228963070700.0        999860777203.32227        0.0000000000000000        0.0000000000000000        0.0000000000000000        0.0000000000000000        0.0000000000000000        0.0000000000000000        0.0000000000000000     
 -0.57031250000000000        0.0000000000000000        0.0000000000000000       -2.0645705175240820E-007   0.0000000000000000        0.0000000000000000        0.0000000000000000        0.0000000000000000        0.0000000000000000        1.5624999999999999E-009   9.9999999999999995E-008   1.5625000000000000E-002   92815264.206273332        1392228963070698.8        999860777203.32227        0.0000000000000000        0.0000000000000000        0.0000000000000000        0.0000000000000000        0.0000000000000000        0.0000000000000000        0.0000000000000000     
 -0.55468750000000000        0.0000000000000000        0.0000000000000000       -1.5469100044018430E-007   0.0000000000000000        0.0000000000000000        0.0000000000000000        0.0000000000000000        0.0000000000000000        1.5624999999999999E-009   9.9999999999999995E-008   1.5625000000000000E-002   92815264.206273243        1392228963070697.8        999860777203.32227        0.0000000000000000        0.0000000000000000        0.0000000000000000        0.0000000000000000        0.0000000000000000        0.0000000000000000        0.0000000000000000     
 -0.53906250000000000        0.0000000000000000        0.0000000000000000       -1.4746661247122981E-007   0.0000000000000000        0.0000000000000000        0.0000000000000000        0.0000000000000000        0.0000000000000000        1.5624999999999999E-009   9.9999999999999995E-008   1.5625000000000000E-002   92815264.206273183        1392228963070696.8        999860777203.32227        0.0000000000000000        0.0000000000000000        0.0000000000000000        0.0000000000000000        0.0000000000000000        0.0000000000000000        0.0000000000000000     
 -0.52343750000000000        0.0000000000000000        0.0000000000000000       -1.4024229337483169E-007   0.0000000000000000        0.0000000000000000        0.0000000000000000        0.0000000000000000        0.0000000000000000        1.5624999999999999E-009   9.9999999999999995E-008   1.5625000000000000E-002   92815264.206273228        1392228963070697.2        999860777203.32227        0.0000000000000000        0.0000000000000000        0.0000000000000000        0.0000000000000000        0.0000000000000000        0.0000000000000000        0.0000000000000000     
 -0.50781250000000000        0.0000000000000000        0.0000000000000000       -8.1251706782137688E-008   0.0000000000000000        0.0000000000000000        0.0000000000000000        0.0000000000000000        0.0000000000000000        1.5624999999999999E-009   9.9999999999999995E-008   1.5625000000000000E-002   92815264.206273273        1392228963070698.0        999860777203.32227        0.0000000000000000        0.0000000000000000        0.0000000000000000        0.0000000000000000        0.0000000000000000        0.0000000000000000        0.0000000000000000     
 -0.49218750000000000        0.0000000000000000        0.0000000000000000       -1.0322382366118621E-007   0.0000000000000000        0.0000000000000000        0.0000000000000000        0.0000000000000000        0.0000000000000000        1.5624999999999999E-009   9.9999999999999995E-008   1.5625000000000000E-002   92815264.206272930        1392228963070693.0        999860777203.32227        0.0000000000000000        0.0000000000000000        0.0000000000000000        0.0000000000000000        0.0000000000000000        0.0000000000000000        0.0000000000000000     
 -0.47656250000000000        0.0000000000000000        0.0000000000000000       -1.9170984427561515E-007   0.0000000000000000        0.0000000000000000        0.0000000000000000        0.0000000000000000        0.0000000000000000        1.5624999999999999E-009   9.9999999999999995E-008   1.5625000000000000E-002   92815264.206273153        1392228963070696.0        999860777203.32227        0.0000000000000000        0.0000000000000000        0.0000000000000000        0.0000000000000000        0.0000000000000000        0.0000000000000000        0.0000000000000000     
 -0.46093750000000000        0.0000000000000000        0.0000000000000000       -1.4746674344966361E-007   0.0000000000000000        0.0000000000000000        0.0000000000000000        0.0000000000000000        0.0000000000000000        1.5624999999999999E-009   9.9999999999999995E-008   1.5625000000000000E-002   92815264.206273228        1392228963070697.2        999860777203.32227        0.0000000000000000        0.0000000000000000        0.0000000000000000        0.0000000000000000        0.0000000000000000        0.0000000000000000        0.0000000000000000     
 -0.44531250000000000        0.0000000000000000        0.0000000000000000       -1.7696226587849813E-007   0.0000000000000000        0.0000000000000000        0.0000000000000000        0.0000000000000000        0.0000000000000000        1.5624999999999999E-009   9.9999999999999995E-008   1.5625000000000000E-002   92815264.206273451        1392228963070700.5        999860777203.32227        0.0000000000000000        0.0000000000000000        0.0000000000000000        0.0000000000000000        0.0000000000000000        0.0000000000000000        0.0000000000000000     
 -0.42968750000000000        0.0000000000000000        0.0000000000000000       -1.9170976306722639E-007   0.0000000000000000        0.0000000000000000        0.0000000000000000        0.0000000000000000        0.0000000000000000        1.5624999999999999E-009   9.9999999999999995E-008   1.5625000000000000E-002   92815264.206273451        1392228963070700.5        999860777203.32227        0.0000000000000000        0.0000000000000000        0.0000000000000000        0.0000000000000000        0.0000000000000000        0.0000000000000000        0.0000000000000000     
 -0.41406250000000000        0.0000000000000000        0.0000000000000000       -2.3607841176503586E-007   0.0000000000000000        0.0000000000000000        0.0000000000000000        0.0000000000000000        0.0000000000000000        1.5624999999999999E-009   9.9999999999999995E-008   1.5625000000000000E-002   92815264.206273705        1392228963070704.5        999860777203.32227        0.0000000000000000        0.0000000000000000        0.0000000000000000        0.0000000000000000        0.0000000000000000        0.0000000000000000        0.0000000000000000     
 -0.39843750000000000        0.0000000000000000        0.0000000000000000       -2.5822343332988879E-007   0.0000000000000000        0.0000000000000000        0.0000000000000000        0.0000000000000000        0.0000000000000000        1.5624999999999999E-009   9.9999999999999995E-008   1.5625000000000000E-002   92815264.206273749        1392228963070705.0        999860777203.32227        0.0000000000000000        0.0000000000000000        0.0000000000000000        0.0000000000000000        0.0000000000000000        0.0000000000000000        0.0000000000000000     
 -0.38281250000000000        0.0000000000000000        0.0000000000000000       -1.9170977094385490E-007   0.0000000000000000        0.0000000000000000        0.0000000000000000        0.0000000000000000        0.0000000000000000        1.5624999999999999E-009   9.9999999999999995E-008   1.5625000000000000E-002   92815264.206273884        1392228963070707.2        999860777203.32227        0.0000000000000000        0.0000000000000000        0.0000000000000000        0.0000000000000000        0.0000000000000000        0.0000000000000000        0.0000000000000000     
 -0.36718750000000000        0.0000000000000000        0.0000000000000000       -1.4746642237928380E-007   0.0000000000000000        0.0000000000000000        0.0000000000000000        0.0000000000000000        0.0000000000000000        1.5624999999999999E-009   9.9999999999999995E-008   1.5625000000000000E-002   92815264.206273839        1392228963070706.5        999860777203.32227        0.0000000000000000        0.0000000000000000        0.0000000000000000        0.0000000000000000        0.0000000000000000        0.0000000000000000        0.0000000000000000     
 -0.35156250000000000        0.0000000000000000        0.0000000000000000       -1.5511552740266483E-007   0.0000000000000000        0.0000000000000000        0.0000000000000000        0.0000000000000000        0.0000000000000000        1.5624999999999999E-009   9.9999999999999995E-008   1.5625000000000000E-002   92815264.206274047        1392228963070709.5        999860777203.32227        0.0000000000000000        0.0000000000000000        0.0000000000000000        0.0000000000000000        0.0000000000000000        0.0000000000000000        0.0000000000000000     
 -0.33593750000000000        0.0000000000000000        0.0000000000000000       -1.4746616271752117E-007   0.0000000000000000        0.0000000000000000        0.0000000000000000        0.0000000000000000        0.0000000000000000        1.5624999999999999E-009   9.9999999999999995E-008   1.5625000000000000E-002   92815264.206273928        1392228963070707.8        999860777203.32227        0.0000000000000000        0.0000000000000000        0.0000000000000000        0.0000000000000000        0.0000000000000000        0.0000000000000000        0.0000000000000000     
 -0.32031250000000000        0.0000000000000000        0.0000000000000000       -2.0661375125629928E-007   0.0000000000000000        0.0000000000000000        0.0000000000000000        0.0000000000000000        0.0000000000000000        1.5624999999999999E-009   9.9999999999999995E-008   1.5625000000000000E-002   92815264.206273749        1392228963070705.0        999860777203.32227        0.0000000000000000        0.0000000000000000        0.0000000000000000        0.0000000000000000        0.0000000000000000        0.0000000000000000        0.0000000000000000     
 -0.30468750000000000        0.0000000000000000        0.0000000000000000       -2.9494253012846259E-007   0.0000000000000000        0.0000000000000000        0.0000000000000000        0.0000000000000000        0.0000000000000000        1.5624999999999999E-009   9.9999999999999995E-008   1.5625000000000000E-002   92815264.206273586        1392228963070702.8        999860777203.32227        0.0000000000000000        0.0000000000000000        0.0000000000000000        0.0000000000000000        0.0000000000000000        0.0000000000000000        0.0000000000000000     
 -0.28906250000000000        0.0000000000000000        0.0000000000000000       -3.1691488726694814E-007   0.0000000000000000        0.0000000000000000        0.0000000000000000        0.0000000000000000        0.0000000000000000        1.5624999999999999E-009   9.9999999999999995E-008   1.5625000000000000E-002   92815264.206273422        1392228963070700.2        999860777203.32227        0.0000000000000000        0.0000000000000000        0.0000000000000000        0.0000000000000000        0.0000000000000000        0.0000000000000000        0.0000000000000000     
 -0.27343750000000000        0.0000000000000000        0.0000000000000000       -3.3196124910213713E-007   0.0000000000000000        0.0000000000000000        0.0000000000000000        0.0000000000000000        0.0000000000000000        1.5624999999999999E-009   9.9999999999999995E-008   1.5625000000000000E-002   92815264.206273347        1392228963070699.2        999860777203.32227        0.0000000000000000        0.0000000000000000        0.0000000000000000        0.0000000000000000        0.0000000000000000        0.0000000000000000        0.0000000000000000     
 -0.25781250000000000        0.0000000000000000        0.0000000000000000       -3.6868146144649097E-007   0.0000000000000000        0.0000000000000000        0.0000000000000000        0.0000000000000000        0.0000000000000000        1.5624999999999999E-009   9.9999999999999995E-008   1.5625000000000000E-002   92815264.206273392        1392228963070699.8        999860777203.32227        0.0000000000000000        0.0000000000000000        0.0000000000000000        0.0000000000000000        0.0000000000000000        0.0000000000000000        0.0000000000000000     
 -0.24218750000000000        0.0000000000000000        0.0000000000000000       -2.8784396381919827E-007   0.0000000000000000        0.0000000000000000        0.0000000000000000        0.0000000000000000        0.0000000000000000        1.5624999999999999E-009   9.9999999999999995E-008   1.5625000000000000E-002   92815264.206273347        1392228963070699.0        999860777203.32227        0.0000000000000000        0.0000000000000000        0.0000000000000000        0.0000000000000000        0.0000000000000000        0.0000000000000000        0.0000000000000000     
 -0.22656250000000000        0.0000000000000000        0.0000000000000000       -3.0204198612175890E-007   0.0000000000000000        0.0000000000000000        0.0000000000000000        0.0000000000000000        0.0000000000000000        1.5624999999999999E-009   9.9999999999999995E-008   1.5625000000000000E-002   92815264.206273288        1392228963070698.2        999860777203.32227        0.0000000000000000        0.0000000000000000        0.0000000000000000        0.0000000000000000        0.0000000000000000        0.0000000000000000        0.0000000000000000     
 -0.21093750000000000        0.0000000000000000        0.0000000000000000       -2.7309627062889941E-007   0.0000000000000000        0.0000000000000000        0.0000000000000000        0.0000000000000000        0.0000000000000000        1.5624999999999999E-009   9.9999999999999995E-008   1.5625000000000000E-002   92815264.206273183        1392228963070696.8        999860777203.32227        0.0000000000000000        0.0000000000000000        0.0000000000000000        0.0000000000000000        0.0000000000000000        0.0000000000000000        0.0000000000000000     
 -0.19531250000000000        0.0000000000000000        0.0000000000000000       -2.5070027893404281E-007   0.0000000000000000        0.0000000000000000        0.0000000000000000        0.0000000000000000        0.0000000000000000        1.5624999999999999E-009   9.9999999999999995E-008   1.5625000000000000E-002   92815264.206273347        1392228963070699.0        999860777203.32227        0.0000000000000000        0.0000000000000000        0.0000000000000000        0.0000000000000000        0.0000000000000000        0.0000000000000000        0.0000000000000000     
 -0.17968750000000000        0.0000000000000000        0.0000000000000000       -2.6544718876027391E-007   0.0000000000000000        0.0000000000000000        0.0000000000000000        0.0000000000000000        0.0000000000000000        1.5624999999999999E-009   9.9999999999999995E-008   1.5625000000000000E-002   92815264.206273451        1392228963070700.5        999860777203.32227        0.0000000000000000        0.0000000000000000        0.0000000000000000        0.0000000000000000        0.0000000000000000        0.0000000000000000        0.0000000000000000     
 -0.16406250000000000        0.0000000000000000        0.0000000000000000       -2.4305093361919204E-007   0.0000000000000000        0.0000000000000000        0.0000000000000000        0.0000000000000000        0.0000000000000000        1.5624999999999999E-009   9.9999999999999995E-008   1.5625000000000000E-002   92815264.206273451        1392228963070700.5        999860777203.32227        0.0000000000000000        0.0000000000000000        0.0000000000000000        0.0000000000000000        0.0000000000000000        0.0000000000000000        0.0000000000000000     
 -0.14843750000000000        0.0000000000000000        0.0000000000000000       -2.7309589334414187E-007   0.0000000000000000        0.0000000000000000        0.0000000000000000        0.0000000000000000        0.0000000000000000        1.5624999999999999E-009   9.9999999999999995E-008   1.5625000000000000E-002   92815264.206273422        1392228963070700.2        999860777203.32227        0.0000000000000000        0.0000000000000000        0.0000000000000000        0.0000000000000000        0.0000000000000000        0.0000000000000000        0.0000000000000000     
 -0.13281250000000000        0.0000000000000000        0.0000000000000000       -2.7327215519312123E-007   0.0000000000000000        0.0000000000000000        0.0000000000000000        0.0000000000000000        0.0000000000000000        1.5624999999999999E-009   9.9999999999999995E-008   1.5625000000000000E-002   92815264.206273541        1392228963070702.2        999860777203.32227        0.0000000000000000        0.0000000000000000        0.0000000000000000        0.0000000000000000        0.0000000000000000        0.0000000000000000        0.0000000000000000     
 -0.11718750000000000        0.0000000000000000        0.0000000000000000       -1.9880733531659504E-007   0.0000000000000000        0.0000000000000000        0.0000000000000000        0.0000000000000000        0.0000000000000000        1.5624999999999999E-009   9.9999999999999995E-008   1.5625000000000000E-002   92815264.206273541        1392228963070702.2        999860777203.32227        0.0000000000000000        0.0000000000000000        0.0000000000000000        0.0000000000000000        0.0000000000000000        0.0000000000000000        0.0000000000000000     
 -0.10156250000000000        0.0000000000000000        0.0000000000000000       -1.9170882525621610E-007   0.0000000000000000        0.0000000000000000        0.0000000000000000        0.0000000000000000        0.0000000000000000        1.5624999999999999E-009   9.9999999999999995E-008   1.5625000000000000E-002   92815264.206273764        1392228963070705.5        999860777203.32227        0.0000000000000000        0.0000000000000000        0.0000000000000000        0.0000000000000000        0.0000000000000000        0.0000000000000000        0.0000000000000000     
  -8.5937500000000000E-002   0.0000000000000000        0.0000000000000000       -1.6221281067179207E-007   0.0000000000000000        0.0000000000000000        0.0000000000000000        0.0000000000000000        0.0000000000000000        1.5624999999999999E-009   9.9999999999999995E-008   1.5625000000000000E-002   92815264.206273705        1392228963070704.5        999860777203.32227        0.0000000000000000        0.0000000000000000        0.0000000000000000        0.0000000000000000        0.0000000000000000        0.0000000000000000        0.0000000000000000     
  -7.0312500000000000E-002   0.0000000000000000        0.0000000000000000       -1.4746544896415287E-007   0.0000000000000000        0.0000000000000000        0.0000000000000000        0.0000000000000000        0.0000000000000000        1.5624999999999999E-009   9.9999999999999995E-008   1.5625000000000000E-002   92815264.206273586        1392228963070702.8        999860777203.32227        0.0000000000000000        0.0000000000000000        0.0000000000000000        0.0000000000000000        0.0000000000000000        0.0000000000000000        0.0000000000000000     
  -5.4687500000000000E-002   0.0000000000000000        0.0000000000000000       -1.7711731788812595E-007   0.0000000000000000        0.0000000000000000        0.0000000000000000        0.0000000000000000        0.0000000000000000        1.5624999999999999E-009   9.9999999999999995E-008   1.5625000000000000E-002   92815264.206273526        1392228963070701.8        999860777203.32227        0.0000000000000000        0.0000000000000000        0.0000000000000000        0.0000000000000000        0.0000000000000000        0.0000000000000000        0.0000000000000000     
  -3.9062500000000000E-002   0.0000000000000000        0.0000000000000000       -2.0645632081651840E-007   0.0000000000000000        0.0000000000000000        0.0000000000000000        0.0000000000000000        0.0000000000000000        1.5624999999999999E-009   9.9999999999999995E-008   1.5625000000000000E-002   92815264.206273451        1392228963070700.8        999860777203.32227        0.0000000000000000        0.0000000000000000        0.0000000000000000        0.0000000000000000        0.0000000000000000        0.0000000000000000        0.0000000000000000     
  -2.3437500000000000E-002   0.0000000000000000        0.0000000000000000       -1.7696067267917425E-007   0.0000000000000000        0.0000000000000000        0.0000000000000000        0.0000000000000000        0.0000000000000000        1.5624999999999999E-009   9.9999999999999995E-008   1.5625000000000000E-002   92815264.206273451        1392228963070700.8        999860777203.32227        0.0000000000000000        0.0000000000000000        0.0000000000000000        0.0000000000000000        0.0000000000000000        0.0000000000000000        0.0000000000000000     
  -7.8125000000000000E-003   0.0000000000000000        0.0000000000000000       -1.9170875560555298E-007   0.0000000000000000        0.0000000000000000        0.0000000000000000        0.0000000000000000        0.0000000000000000        1.5624999999999999E-009   9.9999999999999995E-008   1.5625000000000000E-002   92815264.206273451        1392228963070700.5        999860777203.32227        0.0000000000000000        0.0000000000000000        0.0000000000000000        0.0000000000000000        0.0000000000000000        0.0000000000000000        0.0000000000000000     
   7.8125000000000000E-003   0.0000000000000000        0.0000000000000000       -1.9170856547902267E-007   0.0000000000000000        0.0000000000000000        0.0000000000000000        0.0000000000000000        0.0000000000000000        1.5624999999999999E-009   9.9999999999999995E-008   1.5625000000000000E-002   92815264.206273451        1392228963070700.8        999860777203.32227        0.0000000000000000        0.0000000000000000        0.0000000000000000        0.0000000000000000        0.0000000000000000        0.0000000000000000        0.0000000000000000     
   2.3437500000000000E-002   0.0000000000000000        0.0000000000000000       -1.9155199651686385E-007   0.0000000000000000        0.0000000000000000        0.0000000000000000        0.0000000000000000        0.0000000000000000        1.5624999999999999E-009   9.9999999999999995E-008   1.5625000000000000E-002   92815264.206273362        1392228963070699.5        999860777203.32227        0.0000000000000000        0.0000000000000000        0.0000000000000000        0.0000000000000000        0.0000000000000000        0.0000000000000000        0.0000000000000000     
   3.9062500000000000E-002   0.0000000000000000        0.0000000000000000       -1.2561919737478477E-007   0.0000000000000000        0.0000000000000000        0.0000000000000000        0.0000000000000000        0.0000000000000000        1.5624999999999999E-009   9.9999999999999995E-008   1.5625000000000000E-002   92815264.206273466        1392228963070701.0        999860777203.32227        0.0000000000000000        0.0000000000000000        0.0000000000000000        0.0000000000000000        0.0000000000000000        0.0000000000000000        0.0000000000000000     
   5.4687500000000000E-002   0.0000000000000000        0.0000000000000000       -1.2561936037982576E-007   0.0000000000000000        0.0000000000000000        0.0000000000000000        0.0000000000000000        0.0000000000000000        1.5624999999999999E-009   9.9999999999999995E-008   1.5625000000000000E-002   92815264.206273407        1392228963070700.0        999860777203.32227        0.0000000000000000        0.0000000000000000        0.0000000000000000        0.0000000000000000        0.0000000000000000        0.0000000000000000        0.0000000000000000     
   7.0312500000000000E-002   0.0000000000000000        0.0000000000000000       -1.6986202250355552E-007   0.0000000000000000        0.0000000000000000        0.0000000000000000        0.0000000000000000        0.0000000000000000        1.5624999999999999E-009   9.9999999999999995E-008   1.5625000000000000E-002   92815264.206273407        1392228963070700.0        999860777203.32227        0.0000000000000000        0.0000000000000000        0.0000000000000000        0.0000000000000000        0.0000000000000000        0.0000000000000000        0.0000000000000000     
   8.5937500000000000E-002   0.0000000000000000        0.0000000000000000       -1.8421676655930309E-007   0.0000000000000000        0.0000000000000000        0.0000000000000000        0.0000000000000000        0.0000000000000000        1.5624999999999999E-009   9.9999999999999995E-008   1.5625000000000000E-002   92815264.206273347        1392228963070699.2        999860777203.32227        0.0000000000000000        0.0000000000000000        0.0000000000000000        0.0000000000000000        0.0000000000000000        0.0000000000000000        0.0000000000000000     
  0.10156250000000000        0.0000000000000000        0.0000000000000000       -1.9935750442515980E-007   0.0000000000000000        0.0000000000000000        0.0000000000000000        0.0000000000000000        0.0000000000000000        1.5624999999999999E-009   9.9999999999999995E-008   1.5625000000000000E-002   92815264.206273526        1392228963070701.8        999860777203.32227        0.0000000000000000        0.0000000000000000        0.0000000000000000        0.0000000000000000        0.0000000000000000        0.0000000000000000        0.0000000000000000     
  0.11718750000000000        0.0000000000000000        0.0000000000000000       -1.9170860665289251E-007   0.0000000000000000        0.0000000000000000        0.0000000000000000        0.0000000000000000        0.0000000000000000        1.5624999999999999E-009   9.9999999999999995E-008   1.5625000000000000E-002   92815264.206273451        1392228963070700.8        999860777203.32227        0.0000000000000000        0.0000000000000000        0.0000000000000000        0.0000000000000000        0.0000000000000000        0.0000000000000000        0.0000000000000000     
  0.13281250000000000        0.0000000000000000        0.0000000000000000       -2.3595177687498205E-007   0.0000000000000000        0.0000000000000000        0.0000000000000000        0.0000000000000000        0.0000000000000000        1.5624999999999999E-009   9.9999999999999995E-008   1.5625000000000000E-002   92815264.206273362        1392228963070699.5        999860777203.32227        0.0000000000000000        0.0000000000000000        0.0000000000000000        0.0000000000000000        0.0000000000000000        0.0000000000000000        0.0000000000000000     
  0.14843750000000000        0.0000000000000000        0.0000000000000000       -2.6544659127729419E-007   0.0000000000000000        0.0000000000000000        0.0000000000000000        0.0000000000000000        0.0000000000000000        1.5624999999999999E-009   9.9999999999999995E-008   1.5625000000000000E-002   92815264.206273273        1392228963070698.0        999860777203.32227        0.0000000000000000        0.0000000000000000        0.0000000000000000        0.0000000000000000        0.0000000000000000        0.0000000000000000        0.0000000000000000     
  0.16406250000000000        0.0000000000000000        0.0000000000000000       -2.5069907833038306E-007   0.0000000000000000        0.0000000000000000        0.0000000000000000        0.0000000000000000        0.0000000000000000        1.5624999999999999E-009   9.9999999999999995E-008   1.5625000000000000E-002   92815264.206273273        1392228963070698.0        999860777203.32227        0.0000000000000000        0.0000000000000000        0.0000000000000000        0.0000000000000000        0.0000000000000000        0.0000000000000000        0.0000000000000000     
  0.17968750000000000        0.0000000000000000        0.0000000000000000       -2.7309561730217949E-007   0.0000000000000000        0.0000000000000000        0.0000000000000000        0.0000000000000000        0.0000000000000000        1.5624999999999999E-009   9.9999999999999995E-008   1.5625000000000000E-002   92815264.206273407        1392228963070700.0        999860777203.32227        0.0000000000000000        0.0000000000000000        0.0000000000000000        0.0000000000000000        0.0000000000000000        0.0000000000000000        0.0000000000000000     
  0.19531250000000000        0.0000000000000000        0.0000000000000000       -2.5779787689139923E-007   0.0000000000000000        0.0000000000000000        0.0000000000000000        0.0000000000000000        0.0000000000000000        1.5624999999999999E-009   9.9999999999999995E-008   1.5625000000000000E-002   92815264.206273407        1392228963070700.0        999860777203.32227        0.0000000000000000        0.0000000000000000        0.0000000000000000        0.0000000000000000        0.0000000000000000        0.0000000000000000        0.0000000000000000     
  0.21093750000000000        0.0000000000000000        0.0000000000000000       -2.7309540961053796E-007   0.0000000000000000        0.0000000000000000        0.0000000000000000        0.0000000000000000        0.0000000000000000        1.5624999999999999E-009   9.9999999999999995E-008   1.5625000000000000E-002   92815264.206273228        1392228963070697.2        999860777203.32227        0.0000000000000000        0.0000000000000000        0.0000000000000000        0.0000000000000000        0.0000000000000000        0.0000000000000000        0.0000000000000000     
  0.22656250000000000        0.0000000000000000        0.0000000000000000       -3.1678852338396920E-007   0.0000000000000000        0.0000000000000000        0.0000000000000000        0.0000000000000000        0.0000000000000000        1.5624999999999999E-009   9.9999999999999995E-008   1.5625000000000000E-002   92815264.206273168        1392228963070696.5        999860777203.32227        0.0000000000000000        0.0000000000000000        0.0000000000000000        0.0000000000000000        0.0000000000000000        0.0000000000000000        0.0000000000000000     
  0.24218750000000000        0.0000000000000000        0.0000000000000000       -3.3208609152984406E-007   0.0000000000000000        0.0000000000000000        0.0000000000000000        0.0000000000000000        0.0000000000000000        1.5624999999999999E-009   9.9999999999999995E-008   1.5625000000000000E-002   92815264.206273243        1392228963070697.5        999860777203.32227        0.0000000000000000        0.0000000000000000        0.0000000000000000        0.0000000000000000        0.0000000000000000        0.0000000000000000        0.0000000000000000     
  0.25781250000000000        0.0000000000000000        0.0000000000000000       -2.8784368767003260E-007   0.0000000000000000        0.0000000000000000        0.0000000000000000        0.0000000000000000        0.0000000000000000        1.5624999999999999E-009   9.9999999999999995E-008   1.5625000000000000E-002   92815264.206273168        1392228963070696.5        999860777203.32227        0.0000000000000000        0.0000000000000000        0.0000000000000000        0.0000000000000000        0.0000000000000000        0.0000000000000000        0.0000000000000000     
  0.27343750000000000        0.0000000000000000        0.0000000000000000       -2.2830253756826058E-007   0.0000000000000000        0.0000000000000000        0.0000000000000000        0.0000000000000000        0.0000000000000000        1.5624999999999999E-009   9.9999999999999995E-008   1.5625000000000000E-002   92815264.206273228        1392228963070697.2        999860777203.32227        0.0000000000000000        0.0000000000000000        0.0000000000000000        0.0000000000000000        0.0000000000000000        0.0000000000000000        0.0000000000000000     
  0.28906250000000000        0.0000000000000000        0.0000000000000000       -2.2120429742160821E-007   0.0000000000000000        0.0000000000000000        0.0000000000000000        0.0000000000000000        0.0000000000000000        1.5624999999999999E-009   9.9999999999999995E-008   1.5625000000000000E-002   92815264.206273302        1392228963070698.5        999860777203.32227        0.0000000000000000        0.0000000000000000        0.0000000000000000        0.0000000000000000        0.0000000000000000        0.0000000000000000        0.0000000000000000     
  0.30468750000000000        0.0000000000000000        0.0000000000000000       -2.5069948207175932E-007   0.0000000000000000        0.0000000000000000        0.0000000000000000        0.0000000000000000        0.0000000000000000        1.5624999999999999E-009   9.9999999999999995E-008   1.5625000000000000E-002   92815264.206273392        1392228963070699.8        999860777203.32227        0.0000000000000000        0.0000000000000000        0.0000000000000000        0.0000000000000000        0.0000000000000000        0.0000000000000000        0.0000000000000000     
  0.32031250000000000        0.0000000000000000        0.0000000000000000       -3.0969007345003497E-007   0.0000000000000000        0.0000000000000000        0.0000000000000000        0.0000000000000000        0.0000000000000000        1.5624999999999999E-009   9.9999999999999995E-008   1.5625000000000000E-002   92815264.206273362        1392228963070699.5        999860777203.32227        0.0000000000000000        0.0000000000000000        0.0000000000000000        0.0000000000000000        0.0000000000000000        0.0000000000000000        0.0000000000000000     
  0.33593750000000000        0.0000000000000000        0.0000000000000000       -3.0968986868795218E-007   0.0000000000000000        0.0000000000000000        0.0000000000000000        0.0000000000000000        0.0000000000000000        1.5624999999999999E-009   9.9999999999999995E-008   1.5625000000000000E-002   92815264.206273630        1392228963070703.2        999860777203.32227        0.0000000000000000        0.0000000000000000        0.0000000000000000        0.0000000000000000        0.0000000000000000        0.0000000000000000        0.0000000000000000     
  0.35156250000000000        0.0000000000000000        0.0000000000000000       -2.2120384589729768E-007   0.0000000000000000        0.0000000000000000        0.0000000000000000        0.0000000000000000        0.0000000000000000        1.5624999999999999E-009   9.9999999999999995E-008   1.5625000000000000E-002   92815264.206273347        1392228963070699.2        999860777203.32227        0.0000000000000000        0.0000000000000000        0.0000000000000000        0.0000000000000000        0.0000000000000000        0.0000000000000000        0.0000000000000000     
  0.36718750000000000        0.0000000000000000        0.0000000000000000       -2.5852404561418150E-007   0.0000000000000000        0.0000000000000000        0.0000000000000000        0.0000000000000000        0.0000000000000000        1.5624999999999999E-009   9.9999999999999995E-008   1.5625000000000000E-002   92815264.206273511        1392228963070701.5        999860777203.32227        0.0000000000000000        0.0000000000000000        0.0000000000000000        0.0000000000000000        0.0000000000000000        0.0000000000000000        0.0000000000000000     
  0.38281250000000000        0.0000000000000000        0.0000000000000000       -2.4287414846574309E-007   0.0000000000000000        0.0000000000000000        0.0000000000000000        0.0000000000000000        0.0000000000000000        1.5624999999999999E-009   9.9999999999999995E-008   1.5625000000000000E-002   92815264.206273451        1392228963070700.5        999860777203.32227        0.0000000000000000        0.0000000000000000        0.0000000000000000        0.0000000000000000        0.0000000000000000        0.0000000000000000        0.0000000000000000     
  0.39843750000000000        0.0000000000000000        0.0000000000000000       -2.7236946910386956E-007   0.0000000000000000        0.0000000000000000        0.0000000000000000        0.0000000000000000        0.0000000000000000        1.5624999999999999E-009   9.9999999999999995E-008   1.5625000000000000E-002   92815264.206273466        1392228963070701.0        999860777203.32227        0.0000000000000000        0.0000000000000000        0.0000000000000000        0.0000000000000000        0.0000000000000000        0.0000000000000000        0.0000000000000000     
  0.41406250000000000        0.0000000000000000        0.0000000000000000       -2.1428049868285532E-007   0.0000000000000000        0.0000000000000000        0.0000000000000000        0.0000000000000000        0.0000000000000000        1.5624999999999999E-009   9.9999999999999995E-008   1.5625000000000000E-002   92815264.206273541        1392228963070702.2        999860777203.32227        0.0000000000000000        0.0000000000000000        0.0000000000000000        0.0000000000000000        0.0000000000000000        0.0000000000000000        0.0000000000000000     
  0.42968750000000000        0.0000000000000000        0.0000000000000000       -2.6544610440159107E-007   0.0000000000000000        0.0000000000000000        0.0000000000000000        0.0000000000000000        0.0000000000000000        1.5624999999999999E-009   9.9999999999999995E-008   1.5625000000000000E-002   92815264.206273451        1392228963070700.8        999860777203.32227        0.0000000000000000        0.0000000000000000        0.0000000000000000        0.0000000000000000        0.0000000000000000        0.0000000000000000        0.0000000000000000     
  0.44531250000000000        0.0000000000000000        0.0000000000000000       -3.0968908064399885E-007   0.0000000000000000        0.0000000000000000        0.0000000000000000        0.0000000000000000        0.0000000000000000        1.5624999999999999E-009   9.9999999999999995E-008   1.5625000000000000E-002   92815264.206273511        1392228963070701.5        999860777203.32227        0.0000000000000000        0.0000000000000000        0.0000000000000000        0.0000000000000000        0.0000000000000000        0.0000000000000000        0.0000000000000000     
  0.46093750000000000        0.0000000000000000        0.0000000000000000       -2.6544618395227823E-007   0.0000000000000000        0.0000000000000000        0.0000000000000000        0.0000000000000000        0.0000000000000000        1.5624999999999999E-009   9.9999999999999995E-008   1.5625000000000000E-002   92815264.206273571        1392228963070702.5        999860777203.32227        0.0000000000000000        0.0000000000000000        0.0000000000000000        0.0000000000000000        0.0000000000000000        0.0000000000000000        0.0000000000000000     
  0.47656250000000000        0.0000000000000000        0.0000000000000000       -2.8019345020061154E-007   0.0000000000000000        0.0000000000000000        0.0000000000000000        0.0000000000000000        0.0000000000000000        1.5624999999999999E-009   9.9999999999999995E-008   1.5625000000000000E-002   92815264.206273600        1392228963070703.0        999860777203.32227        0.0000000000000000        0.0000000000000000        0.0000000000000000        0.0000000000000000        0.0000000000000000        0.0000000000000000        0.0000000000000000     
  0.49218750000000000        0.0000000000000000        0.0000000000000000       -3.3195965618943192E-007   0.0000000000000000        0.0000000000000000        0.0000000000000000        0.0000000000000000        0.0000000000000000        1.5624999999999999E-009   9.9999999999999995E-008   1.5625000000000000E-002   92815264.206273273        1392228963070698.0        999860777203.32227        0.0000000000000000        0.0000000000000000        0.0000000000000000        0.0000000000000000        0.0000000000000000        0.0000000000000000        0.0000000000000000     
  0.50781250000000000        0.0000000000000000        0.0000000000000000       -2.9509807619084102E-007   0.0000000000000000        0.0000000000000000        0.0000000000000000        0.0000000000000000        0.0000000000000000        1.5624999999999999E-009   9.9999999999999995E-008   1.5625000000000000E-002   92815264.206273332        1392228963070698.8        999860777203.32227        0.0000000000000000        0.0000000000000000        0.0000000000000000        0.0000000000000000        0.0000000000000000        0.0000000000000000        0.0000000000000000     
  0.52343750000000000        0.0000000000000000        0.0000000000000000       -2.9478432702890899E-007   0.0000000000000000        0.0000000000000000        0.0000000000000000        0.0000000000000000        0.0000000000000000        1.5624999999999999E-009   9.9999999999999995E-008   1.5625000000000000E-002   92815264.206273153        1392228963070696.2        999860777203.32227        0.0000000000000000        0.0000000000000000        0.0000000000000000        0.0000000000000000        0.0000000000000000        0.0000000000000000        0.0000000000000000     
  0.53906250000000000        0.0000000000000000        0.0000000000000000       -2.1410420072952728E-007   0.0000000000000000        0.0000000000000000        0.0000000000000000        0.0000000000000000        0.0000000000000000        1.5624999999999999E-009   9.9999999999999995E-008   1.5625000000000000E-002   92815264.206273362        1392228963070699.5        999860777203.32227        0.0000000000000000        0.0000000000000000        0.0000000000000000        0.0000000000000000        0.0000000000000000        0.0000000000000000        0.0000000000000000     
  0.55468750000000000        0.0000000000000000        0.0000000000000000       -2.2120310465351237E-007   0.0000000000000000        0.0000000000000000        0.0000000000000000        0.0000000000000000        0.0000000000000000        1.5624999999999999E-009   9.9999999999999995E-008   1.5625000000000000E-002   92815264.206273183        1392228963070696.8        999860777203.32227        0.0000000000000000        0.0000000000000000        0.0000000000000000        0.0000000000000000        0.0000000000000000        0.0000000000000000        0.0000000000000000     
  0.57031250000000000        0.0000000000000000        0.0000000000000000       -1.0322153896193679E-007   0.0000000000000000        0.0000000000000000        0.0000000000000000        0.0000000000000000        0.0000000000000000        1.5624999999999999E-009   9.9999999999999995E-008   1.5625000000000000E-002   92815264.206273228        1392228963070697.2        999860777203.32227        0.0000000000000000        0.0000000000000000        0.0000000000000000        0.0000000000000000        0.0000000000000000        0.0000000000000000        0.0000000000000000     
  0.58593750000000000        0.0000000000000000        0.0000000000000000       -7.3726401259135059E-008   0.0000000000000000        0.0000000000000000        0.0000000000000000        0.0000000000000000        0.0000000000000000        1.5624999999999999E-009   9.9999999999999995E-008   1.5625000000000000E-002   92815264.206272945        1392228963070693.2        999860777203.32227        0.0000000000000000        0.0000000000000000        0.0000000000000000        0.0000000000000000        0.0000000000000000        0.0000000000000000        0.0000000000000000     
  0.60156250000000000        0.0000000000000000        0.0000000000000000       -1.3271732690964115E-007   0.0000000000000000        0.0000000000000000        0.0000000000000000        0.0000000000000000        0.0000000000000000        1.5624999999999999E-009   9.9999999999999995E-008   1.5625000000000000E-002   92815264.206273153        1392228963070696.2        999860777203.32227        0.0000000000000000        0.0000000000000000        0.0000000000000000        0.0000000000000000        0.0000000000000000        0.0000000000000000        0.0000000000000000     
  0.61718750000000000        0.0000000000000000        0.0000000000000000       -1.3271718446821328E-007   0.0000000000000000        0.0000000000000000        0.0000000000000000        0.0000000000000000        0.0000000000000000        1.5624999999999999E-009   9.9999999999999995E-008   1.5625000000000000E-002   92815264.206273094        1392228963070695.2        999860777203.32227        0.0000000000000000        0.0000000000000000        0.0000000000000000        0.0000000000000000        0.0000000000000000        0.0000000000000000        0.0000000000000000     
  0.63281250000000000        0.0000000000000000        0.0000000000000000       -1.0322220270790898E-007   0.0000000000000000        0.0000000000000000        0.0000000000000000        0.0000000000000000        0.0000000000000000        1.5624999999999999E-009   9.9999999999999995E-008   1.5625000000000000E-002   92815264.206273347        1392228963070699.0        999860777203.32227        0.0000000000000000        0.0000000000000000        0.0000000000000000        0.0000000000000000        0.0000000000000000        0.0000000000000000        0.0000000000000000     
  0.64843750000000000        0.0000000000000000        0.0000000000000000       -1.7695997980744966E-007   0.0000000000000000        0.0000000000000000        0.0000000000000000        0.0000000000000000        0.0000000000000000        1.5624999999999999E-009   9.9999999999999995E-008   1.5625000000000000E-002   92815264.206273392        1392228963070699.8        999860777203.32227        0.0000000000000000        0.0000000000000000        0.0000000000000000        0.0000000000000000        0.0000000000000000        0.0000000000000000        0.0000000000000000     
  0.66406250000000000        0.0000000000000000        0.0000000000000000       -1.5456385501942983E-007   0.0000000000000000        0.0000000000000000        0.0000000000000000        0.0000000000000000        0.0000000000000000        1.5624999999999999E-009   9.9999999999999995E-008   1.5625000000000000E-002   92815264.206273660        1392228963070703.8        999860777203.32227        0.0000000000000000        0.0000000000000000        0.0000000000000000        0.0000000000000000        0.0000000000000000        0.0000000000000000        0.0000000000000000     
  0.67968750000000000        0.0000000000000000        0.0000000000000000       -1.9880629490640172E-007   0.0000000000000000        0.0000000000000000        0.0000000000000000        0.0000000000000000        0.0000000000000000        1.5624999999999999E-009   9.9999999999999995E-008   1.5625000000000000E-002   92815264.206273541        1392228963070702.2        999860777203.32227        0.0000000000000000        0.0000000000000000        0.0000000000000000        0.0000000000000000        0.0000000000000000        0.0000000000000000        0.0000000000000000     
  0.69531250000000000        0.0000000000000000        0.0000000000000000       -2.5069867039275772E-007   0.0000000000000000        0.0000000000000000        0.0000000000000000        0.0000000000000000        0.0000000000000000        1.5624999999999999E-009   9.9999999999999995E-008   1.5625000000000000E-002   92815264.206273243        1392228963070697.8        999860777203.32227        0.0000000000000000        0.0000000000000000        0.0000000000000000        0.0000000000000000        0.0000000000000000        0.0000000000000000        0.0000000000000000     
  0.71093750000000000        0.0000000000000000        0.0000000000000000       -3.1721197558265748E-007   0.0000000000000000        0.0000000000000000        0.0000000000000000        0.0000000000000000        0.0000000000000000        1.5624999999999999E-009   9.9999999999999995E-008   1.5625000000000000E-002   92815264.206273153        1392228963070696.2        999860777203.32227        0.0000000000000000        0.0000000000000000        0.0000000000000000        0.0000000000000000        0.0000000000000000        0.0000000000000000        0.0000000000000000     
  0.72656250000000000        0.0000000000000000        0.0000000000000000       -3.4686492588782732E-007   0.0000000000000000        0.0000000000000000        0.0000000000000000        0.0000000000000000        0.0000000000000000        1.5624999999999999E-009   9.9999999999999995E-008   1.5625000000000000E-002   92815264.206273243        1392228963070697.5        999860777203.32227        0.0000000000000000        0.0000000000000000        0.0000000000000000        0.0000000000000000        0.0000000000000000        0.0000000000000000        0.0000000000000000     
  0.74218750000000000        0.0000000000000000        0.0000000000000000       -3.2443675693711236E-007   0.0000000000000000        0.0000000000000000        0.0000000000000000        0.0000000000000000        0.0000000000000000        1.5624999999999999E-009   9.9999999999999995E-008   1.5625000000000000E-002   92815264.206273243        1392228963070697.8        999860777203.32227        0.0000000000000000        0.0000000000000000        0.0000000000000000        0.0000000000000000        0.0000000000000000        0.0000000000000000        0.0000000000000000     
  0.75781250000000000        0.0000000000000000        0.0000000000000000       -3.2428025238968852E-007   0.0000000000000000        0.0000000000000000        0.0000000000000000        0.0000000000000000        0.0000000000000000        1.5624999999999999E-009   9.9999999999999995E-008   1.5625000000000000E-002   92815264.206273347        1392228963070699.2        999860777203.32227        0.0000000000000000        0.0000000000000000        0.0000000000000000        0.0000000000000000        0.0000000000000000        0.0000000000000000        0.0000000000000000     
  0.77343750000000000        0.0000000000000000        0.0000000000000000       -2.9494157813939973E-007   0.0000000000000000        0.0000000000000000        0.0000000000000000        0.0000000000000000        0.0000000000000000        1.5624999999999999E-009   9.9999999999999995E-008   1.5625000000000000E-002   92815264.206273243        1392228963070697.5        999860777203.32227        0.0000000000000000        0.0000000000000000        0.0000000000000000        0.0000000000000000        0.0000000000000000        0.0000000000000000        0.0000000000000000     
  0.78906250000000000        0.0000000000000000        0.0000000000000000       -2.6544711875006685E-007   0.0000000000000000        0.0000000000000000        0.0000000000000000        0.0000000000000000        0.0000000000000000        1.5624999999999999E-009   9.9999999999999995E-008   1.5625000000000000E-002   92815264.206273168        1392228963070696.5        999860777203.32227        0.0000000000000000        0.0000000000000000        0.0000000000000000        0.0000000000000000        0.0000000000000000        0.0000000000000000        0.0000000000000000     
  0.80468750000000000        0.0000000000000000        0.0000000000000000       -2.8019407174560771E-007   0.0000000000000000        0.0000000000000000        0.0000000000000000        0.0000000000000000        0.0000000000000000        1.5624999999999999E-009   9.9999999999999995E-008   1.5625000000000000E-002   92815264.206273124        1392228963070695.8        999860777203.32227        0.0000000000000000        0.0000000000000000        0.0000000000000000        0.0000000000000000        0.0000000000000000        0.0000000000000000        0.0000000000000000     
  0.82031250000000000        0.0000000000000000        0.0000000000000000       -2.8019505565600784E-007   0.0000000000000000        0.0000000000000000        0.0000000000000000        0.0000000000000000        0.0000000000000000        1.5624999999999999E-009   9.9999999999999995E-008   1.5625000000000000E-002   92815264.206273392        1392228963070699.8        999860777203.32227        0.0000000000000000        0.0000000000000000        0.0000000000000000        0.0000000000000000        0.0000000000000000        0.0000000000000000        0.0000000000000000     
  0.83593750000000000        0.0000000000000000        0.0000000000000000       -1.9170875241425048E-007   0.0000000000000000        0.0000000000000000        0.0000000000000000        0.0000000000000000        0.0000000000000000        1.5624999999999999E-009   9.9999999999999995E-008   1.5625000000000000E-002   92815264.206273481        1392228963070701.2        999860777203.32227        0.0000000000000000        0.0000000000000000        0.0000000000000000        0.0000000000000000        0.0000000000000000        0.0000000000000000        0.0000000000000000     
  0.85156250000000000        0.0000000000000000        0.0000000000000000       -1.9155217548804632E-007   0.0000000000000000        0.0000000000000000        0.0000000000000000        0.0000000000000000        0.0000000000000000        1.5624999999999999E-009   9.9999999999999995E-008   1.5625000000000000E-002   92815264.206273243        1392228963070697.8        999860777203.32227        0.0000000000000000        0.0000000000000000        0.0000000000000000        0.0000000000000000        0.0000000000000000        0.0000000000000000        0.0000000000000000     
  0.86718750000000000        0.0000000000000000        0.0000000000000000       -1.3271813958743613E-007   0.0000000000000000        0.0000000000000000        0.0000000000000000        0.0000000000000000        0.0000000000000000        1.5624999999999999E-009   9.9999999999999995E-008   1.5625000000000000E-002   92815264.206273347        1392228963070699.0        999860777203.32227        0.0000000000000000        0.0000000000000000        0.0000000000000000        0.0000000000000000        0.0000000000000000        0.0000000000000000        0.0000000000000000     
  0.88281250000000000        0.0000000000000000        0.0000000000000000       -2.3595199542175886E-007   0.0000000000000000        0.0000000000000000        0.0000000000000000        0.0000000000000000        0.0000000000000000        1.5624999999999999E-009   9.9999999999999995E-008   1.5625000000000000E-002   92815264.206273332        1392228963070698.8        999860777203.32227        0.0000000000000000        0.0000000000000000        0.0000000000000000        0.0000000000000000        0.0000000000000000        0.0000000000000000        0.0000000000000000     
  0.89843750000000000        0.0000000000000000        0.0000000000000000       -2.5069917200186390E-007   0.0000000000000000        0.0000000000000000        0.0000000000000000        0.0000000000000000        0.0000000000000000        1.5624999999999999E-009   9.9999999999999995E-008   1.5625000000000000E-002   92815264.206273034        1392228963070694.5        999860777203.32227        0.0000000000000000        0.0000000000000000        0.0000000000000000        0.0000000000000000        0.0000000000000000        0.0000000000000000        0.0000000000000000     
  0.91406250000000000        0.0000000000000000        0.0000000000000000       -2.3595218535670453E-007   0.0000000000000000        0.0000000000000000        0.0000000000000000        0.0000000000000000        0.0000000000000000        1.5624999999999999E-009   9.9999999999999995E-008   1.5625000000000000E-002   92815264.206273243        1392228963070697.5        999860777203.32227        0.0000000000000000        0.0000000000000000        0.0000000000000000        0.0000000000000000        0.0000000000000000        0.0000000000000000        0.0000000000000000     
  0.92968750000000000        0.0000000000000000        0.0000000000000000       -1.6221346473161802E-007   0.0000000000000000        0.0000000000000000        0.0000000000000000        0.0000000000000000        0.0000000000000000        1.5624999999999999E-009   9.9999999999999995E-008   1.5625000000000000E-002   92815264.206273407        1392228963070700.0        999860777203.32227        0.0000000000000000        0.0000000000000000        0.0000000000000000        0.0000000000000000        0.0000000000000000        0.0000000000000000        0.0000000000000000     
  0.94531250000000000        0.0000000000000000        0.0000000000000000       -1.6221375798361684E-007   0.0000000000000000        0.0000000000000000        0.0000000000000000        0.0000000000000000        0.0000000000000000        1.5624999999999999E-009   9.9999999999999995E-008   1.5625000000000000E-002   92815264.206273273        1392228963070698.0        999860777203.32227        0.0000000000000000        0.0000000000000000        0.0000000000000000        0.0000000000000000        0.0000000000000000        0.0000000000000000        0.0000000000000000     
  0.96093750000000000        0.0000000000000000        0.0000000000000000       -1.7696093189479931E-007   0.0000000000000000        0.0000000000000000        0.0000000000000000        0.0000000000000000        0.0000000000000000        1.5624999999999999E-009   9.9999999999999995E-008   1.5625000000000000E-002   92815264.206273451        1392228963070700.5        999860777203.32227        0.0000000000000000        0.0000000000000000        0.0000000000000000        0.0000000000000000        0.0000000000000000        0.0000000000000000        0.0000000000000000     
  0.97656250000000000        0.0000000000000000        0.0000000000000000       -1.7696130771786436E-007   0.0000000000000000        0.0000000000000000        0.0000000000000000        0.0000000000000000        0.0000000000000000        1.5624999999999999E-009   9.9999999999999995E-008   1.5625000000000000E-002   92815264.206273302        1392228963070698.5        999860777203.32227        0.0000000000000000        0.0000000000000000        0.0000000000000000        0.0000000000000000        0.0000000000000000        0.0000000000000000        0.0000000000000000     
  0.99218750000000000        0.0000000000000000        0.0000000000000000       -2.0645644966174247E-007   0.0000000000000000        0.0000000000000000        0.0000000000000000        0.0000000000000000        0.0000000000000000        1.5624999999999999E-009   9.9999999999999995E-008   1.5625000000000000E-002   92815264.206273288        1392228963070698.2        999860777203.32227        0.0000000000000000        0.0000000000000000        0.0000000000000000        0.0000000000000000        0.0000000000000000        0.0000000000000000        0.0000000000000000     
   1.0078125000000000        0.0000000000000000        0.0000000000000000        0.0000000000000000        0.0000000000000000        0.0000000000000000        0.0000000000000000        0.0000000000000000        0.0000000000000000        0.0000000000000000        0.0000000000000000        0.0000000000000000        0.0000000000000000        0.0000000000000000        0.0000000000000000        0.0000000000000000        0.0000000000000000        0.0000000000000000        0.0000000000000000        0.0000000000000000        0.0000000000000000        0.0000000000000000     
   1.0234375000000000        0.0000000000000000        0.0000000000000000        0.0000000000000000        0.0000000000000000        0.0000000000000000        0.0000000000000000        0.0000000000000000        0.0000000000000000        0.0000000000000000        0.0000000000000000        0.0000000000000000        0.0000000000000000        0.0000000000000000        0.0000000000000000        0.0000000000000000        0.0000000000000000        0.0000000000000000        0.0000000000000000        0.0000000000000000        0.0000000000000000        0.0000000000000000     
   1.0390625000000000        0.0000000000000000        0.0000000000000000        0.0000000000000000        0.0000000000000000        0.0000000000000000        0.0000000000000000        0.0000000000000000        0.0000000000000000        0.0000000000000000        0.0000000000000000        0.0000000000000000        0.0000000000000000        0.0000000000000000        0.0000000000000000        0.0000000000000000        0.0000000000000000        0.0000000000000000        0.0000000000000000        0.0000000000000000        0.0000000000000000        0.0000000000000000     
  -1.0390625000000000        0.0000000000000000        0.0000000000000000        0.0000000000000000        0.0000000000000000        0.0000000000000000        0.0000000000000000        0.0000000000000000        0.0000000000000000        0.0000000000000000        0.0000000000000000        0.0000000000000000        0.0000000000000000        0.0000000000000000        0.0000000000000000        0.0000000000000000        0.0000000000000000        0.0000000000000000        0.0000000000000000        0.0000000000000000        0.0000000000000000        0.0000000000000000     
  -1.0234375000000000        0.0000000000000000        0.0000000000000000        0.0000000000000000        0.0000000000000000        0.0000000000000000        0.0000000000000000        0.0000000000000000        0.0000000000000000        0.0000000000000000        0.0000000000000000        0.0000000000000000        0.0000000000000000        0.0000000000000000        0.0000000000000000        0.0000000000000000        0.0000000000000000        0.0000000000000000        0.0000000000000000        0.0000000000000000        0.0000000000000000        0.0000000000000000     
  -1.0078125000000000        0.0000000000000000        0.0000000000000000        0.0000000000000000        0.0000000000000000        0.0000000000000000        0.0000000000000000        0.0000000000000000        0.0000000000000000        0.0000000000000000        0.0000000000000000        0.0000000000000000        0.0000000000000000        0.0000000000000000        0.0000000000000000        0.0000000000000000        0.0000000000000000        0.0000000000000000        0.0000000000000000        0.0000000000000000        0.0000000000000000        0.0000000000000000     
