   2.1899999999999938E-007
 -0.99218750000001965        0.0000000000000000        0.0000000000000000       -2.5263464389324450E-004   0.0000000000000000        0.0000000000000000        144900096.00000000        0.0000000000000000        0.0000000000000000        1.5624999999999999E-009   9.9999999999831595E-008   1.5625000000026316E-002   132355973.59095748        1985339603851610.0        999801466138.88684        0.0000000000000000        0.0000000000000000        0.0000000000000000        0.0000000000000000        0.0000000000000000        0.0000000000000000        0.0000000000000000     
 -0.97656249999998823        0.0000000000000000        0.0000000000000000        3.1042617881709323E-004   0.0000000000000000        0.0000000000000000       -135299072.00000551        0.0000000000000000        0.0000000000000000        1.5624999999999999E-009   9.9999999999833726E-008   1.5625000000025972E-002   132355973.59094518        1985339603851383.8        999801466138.88684        0.0000000000000000        0.0000000000000000        0.0000000000000000        0.0000000000000000        0.0000000000000000        0.0000000000000000        0.0000000000000000     
 -0.96093749999996769        0.0000000000000000        0.0000000000000000       -3.7620272335784299E-004   0.0000000000000000        0.0000000000000000        111362048.00000000        0.0000000000000000        0.0000000000000000        1.5624999999999999E-009   9.9999999999845094E-008   1.5625000000024210E-002   132355973.59101993        1985339603852278.0        999801466138.88684        0.0000000000000000        0.0000000000000000        0.0000000000000000        0.0000000000000000        0.0000000000000000        0.0000000000000000        0.0000000000000000     
 -0.94531249999993983        0.0000000000000000        0.0000000000000000        5.0890084799871005E-004   0.0000000000000000        0.0000000000000000       -91930624.000000656        0.0000000000000000        0.0000000000000000        1.5624999999999999E-009   9.9999999999843308E-008   1.5625000000024477E-002   132355973.59103128        1985339603852485.2        999801466138.88684        0.0000000000000000        0.0000000000000000        0.0000000000000000        0.0000000000000000        0.0000000000000000        0.0000000000000000        0.0000000000000000     
 -0.92968749999991873        0.0000000000000000        0.0000000000000000       -5.8983880979551686E-004   0.0000000000000000        0.0000000000000000        75251712.000000000        0.0000000000000000        0.0000000000000000        1.5624999999999999E-009   9.9999999999847212E-008   1.5625000000023880E-002   132355973.59093972        1985339603851033.0        999801466138.88684        0.0000000000000000        0.0000000000000000        0.0000000000000000        0.0000000000000000        0.0000000000000000        0.0000000000000000        0.0000000000000000     
 -0.91406249999989209        0.0000000000000000        0.0000000000000000        6.2884912245889828E-004   0.0000000000000000        0.0000000000000000       -47054848.000000000        0.0000000000000000        0.0000000000000000        1.5624999999999999E-009   9.9999999999841177E-008   1.5625000000024807E-002   132355973.59100926        1985339603852197.2        999801466138.88684        0.0000000000000000        0.0000000000000000        0.0000000000000000        0.0000000000000000        0.0000000000000000        0.0000000000000000        0.0000000000000000     
 -0.89843749999986910        0.0000000000000000        0.0000000000000000       -6.2446445548976887E-004   0.0000000000000000        0.0000000000000000        20512768.000000000        0.0000000000000000        0.0000000000000000        1.5624999999999999E-009   9.9999999999851844E-008   1.5625000000023155E-002   132355973.59104854        1985339603852573.2        999801466138.88684        0.0000000000000000        0.0000000000000000        0.0000000000000000        0.0000000000000000        0.0000000000000000        0.0000000000000000        0.0000000000000000     
 -0.88281249999984579        0.0000000000000000        0.0000000000000000        6.3110006788656648E-004   0.0000000000000000        0.0000000000000000       -2031616.0000000000        0.0000000000000000        0.0000000000000000        1.5624999999999999E-009   9.9999999999854332E-008   1.5625000000022753E-002   132355973.59094951        1985339603851039.8        999801466138.88684        0.0000000000000000        0.0000000000000000        0.0000000000000000        0.0000000000000000        0.0000000000000000        0.0000000000000000        0.0000000000000000     
 -0.86718749999982359        0.0000000000000000        0.0000000000000000       -6.9314764427322361E-004   0.0000000000000000        0.0000000000000000       -29458432.000000000        0.0000000000000000        0.0000000000000000        1.5624999999999999E-009   9.9999999999866032E-008   1.5625000000020942E-002   132355973.59101959        1985339603851857.0        999801466138.88684        0.0000000000000000        0.0000000000000000        0.0000000000000000        0.0000000000000000        0.0000000000000000        0.0000000000000000        0.0000000000000000     
 -0.85156249999980393        0.0000000000000000        0.0000000000000000        5.8524272502099076E-004   0.0000000000000000        0.0000000000000000        70303744.000003099        0.0000000000000000        0.0000000000000000        1.5624999999999999E-009   9.9999999999857535E-008   1.5625000000022250E-002   132355973.59100856        1985339603851862.0        999801466138.88684        0.0000000000000000        0.0000000000000000        0.0000000000000000        0.0000000000000000        0.0000000000000000        0.0000000000000000        0.0000000000000000     
 -0.83593749999977907        0.0000000000000000        0.0000000000000000       -5.5732397514299801E-004   0.0000000000000000        0.0000000000000000       -101040128.00000000        0.0000000000000000        0.0000000000000000        1.5624999999999999E-009   9.9999999999866760E-008   1.5625000000020824E-002   132355973.59106901        1985339603852584.2        999801466138.88684        0.0000000000000000        0.0000000000000000        0.0000000000000000        0.0000000000000000        0.0000000000000000        0.0000000000000000        0.0000000000000000     
 -0.82031249999976230        0.0000000000000000        0.0000000000000000        3.5945420522048047E-004   0.0000000000000000        0.0000000000000000        125304831.99999636        0.0000000000000000        0.0000000000000000        1.5624999999999999E-009   9.9999999999864986E-008   1.5625000000021087E-002   132355973.59105775        1985339603852451.8        999801466138.88684        0.0000000000000000        0.0000000000000000        0.0000000000000000        0.0000000000000000        0.0000000000000000        0.0000000000000000        0.0000000000000000     
 -0.80468749999973688        0.0000000000000000        0.0000000000000000       -2.8658862635908808E-004   0.0000000000000000        0.0000000000000000       -144982016.00000015        0.0000000000000000        0.0000000000000000        1.5624999999999999E-009   9.9999999999874224E-008   1.5625000000019654E-002   132355973.59104814        1985339603852123.0        999801466138.88684        0.0000000000000000        0.0000000000000000        0.0000000000000000        0.0000000000000000        0.0000000000000000        0.0000000000000000        0.0000000000000000     
 -0.78906249999972300        0.0000000000000000        0.0000000000000000        5.0246825870659830E-005   0.0000000000000000        0.0000000000000000        154697728.00000000        0.0000000000000000        0.0000000000000000        1.5624999999999999E-009   9.9999999999876011E-008   1.5625000000019370E-002   132355973.59104964        1985339603852110.8        999801466138.88684        0.0000000000000000        0.0000000000000000        0.0000000000000000        0.0000000000000000        0.0000000000000000        0.0000000000000000        0.0000000000000000     
 -0.77343749999969813        0.0000000000000000        0.0000000000000000        7.8966729604009779E-005   0.0000000000000000        0.0000000000000000       -151896064.00000176        0.0000000000000000        0.0000000000000000        1.5624999999999999E-009   9.9999999999878486E-008   1.5625000000018981E-002   132355973.59107590        1985339603852455.5        999801466138.88684        0.0000000000000000        0.0000000000000000        0.0000000000000000        0.0000000000000000        0.0000000000000000        0.0000000000000000        0.0000000000000000     
 -0.75781249999968503        0.0000000000000000        0.0000000000000000       -2.8178714032807807E-004   0.0000000000000000        0.0000000000000000        136314880.00000000        0.0000000000000000        0.0000000000000000        1.5624999999999999E-009   9.9999999999884878E-008   1.5625000000017993E-002   132355973.59111074        1985339603852850.5        999801466138.88684        0.0000000000000000        0.0000000000000000        0.0000000000000000        0.0000000000000000        0.0000000000000000        0.0000000000000000        0.0000000000000000     
 -0.74218749999966216        0.0000000000000000        0.0000000000000000        3.6919538688967005E-004   0.0000000000000000        0.0000000000000000       -106479616.00000000        0.0000000000000000        0.0000000000000000        1.5624999999999999E-009   9.9999999999880617E-008   1.5625000000018641E-002   132355973.59101406        1985339603851486.5        999801466138.88684        0.0000000000000000        0.0000000000000000        0.0000000000000000        0.0000000000000000        0.0000000000000000        0.0000000000000000        0.0000000000000000     
 -0.72656249999964773        0.0000000000000000        0.0000000000000000       -5.8322729301681444E-004   0.0000000000000000        0.0000000000000000        68173824.000000000        0.0000000000000000        0.0000000000000000        1.5624999999999999E-009   9.9999999999894474E-008   1.5625000000016501E-002   132355973.59108728        1985339603852307.5        999801466138.88684        0.0000000000000000        0.0000000000000000        0.0000000000000000        0.0000000000000000        0.0000000000000000        0.0000000000000000        0.0000000000000000     
 -0.71093749999962919        0.0000000000000000        0.0000000000000000        5.4963884317236122E-004   0.0000000000000000        0.0000000000000000       -33652736.000004523        0.0000000000000000        0.0000000000000000        1.5624999999999999E-009   9.9999999999890569E-008   1.5625000000017087E-002   132355973.59111673        1985339603852828.8        999801466138.88684        0.0000000000000000        0.0000000000000000        0.0000000000000000        0.0000000000000000        0.0000000000000000        0.0000000000000000        0.0000000000000000     
 -0.69531249999961353        0.0000000000000000        0.0000000000000000       -6.3119645506952871E-004   0.0000000000000000        0.0000000000000000        4079616.0000000000        0.0000000000000000        0.0000000000000000        1.5624999999999999E-009   9.9999999999901581E-008   1.5625000000015387E-002   132355973.59105898        1985339603851742.2        999801466138.88684        0.0000000000000000        0.0000000000000000        0.0000000000000000        0.0000000000000000        0.0000000000000000        0.0000000000000000        0.0000000000000000     
 -0.67968749999959843        0.0000000000000000        0.0000000000000000        5.7933604156759600E-004   0.0000000000000000        0.0000000000000000        26935296.000000000        0.0000000000000000        0.0000000000000000        1.5624999999999999E-009   9.9999999999899794E-008   1.5625000000015647E-002   132355973.59111840        1985339603852670.5        999801466138.88684        0.0000000000000000        0.0000000000000000        0.0000000000000000        0.0000000000000000        0.0000000000000000        0.0000000000000000        0.0000000000000000     
 -0.66406249999958222        0.0000000000000000        0.0000000000000000       -6.2845096698446138E-004   0.0000000000000000        0.0000000000000000       -60686336.000000000        0.0000000000000000        0.0000000000000000        1.5624999999999999E-009   9.9999999999914366E-008   1.5625000000013389E-002   132355973.59117770        1985339603853269.2        999801466138.88684        0.0000000000000000        0.0000000000000000        0.0000000000000000        0.0000000000000000        0.0000000000000000        0.0000000000000000        0.0000000000000000     
 -0.64843749999957168        0.0000000000000000        0.0000000000000000        4.7651980145029882E-004   0.0000000000000000        0.0000000000000000        91013120.000000015        0.0000000000000000        0.0000000000000000        1.5624999999999999E-009   9.9999999999913664E-008   1.5625000000013482E-002   132355973.59109254        1985339603852007.2        999801466138.88684        0.0000000000000000        0.0000000000000000        0.0000000000000000        0.0000000000000000        0.0000000000000000        0.0000000000000000        0.0000000000000000     
 -0.63281249999955524        0.0000000000000000        0.0000000000000000       -5.1901022431899879E-004   0.0000000000000000        0.0000000000000000       -111853568.00000000        0.0000000000000000        0.0000000000000000        1.5624999999999999E-009   9.9999999999925735E-008   1.5625000000011605E-002   132355973.59114815        1985339603852600.8        999801466138.88684        0.0000000000000000        0.0000000000000000        0.0000000000000000        0.0000000000000000        0.0000000000000000        0.0000000000000000        0.0000000000000000     
 -0.61718749999954847        0.0000000000000000        0.0000000000000000        2.3461970900816507E-004   0.0000000000000000        0.0000000000000000        127860736.00000000        0.0000000000000000        0.0000000000000000        1.5624999999999999E-009   9.9999999999931068E-008   1.5625000000010766E-002   132355973.59115326        1985339603852572.2        999801466138.88684        0.0000000000000000        0.0000000000000000        0.0000000000000000        0.0000000000000000        0.0000000000000000        0.0000000000000000        0.0000000000000000     
 -0.60156249999953371        0.0000000000000000        0.0000000000000000       -2.0793997505034974E-004   0.0000000000000000        0.0000000000000000       -141180928.00000000        0.0000000000000000        0.0000000000000000        1.5624999999999999E-009   9.9999999999943853E-008   1.5625000000008778E-002   132355973.59113528        1985339603852048.2        999801466138.88684        0.0000000000000000        0.0000000000000000        0.0000000000000000        0.0000000000000000        0.0000000000000000        0.0000000000000000        0.0000000000000000     
 -0.58593749999953093        0.0000000000000000        0.0000000000000000       -2.2720325495812133E-005   0.0000000000000000        0.0000000000000000        149340160.00000000        0.0000000000000000        0.0000000000000000        1.5624999999999999E-009   9.9999999999951662E-008   1.5625000000007553E-002   132355973.59122099        1985339603853179.0        999801466138.88684        0.0000000000000000        0.0000000000000000        0.0000000000000000        0.0000000000000000        0.0000000000000000        0.0000000000000000        0.0000000000000000     
 -0.57031249999951861        0.0000000000000000        0.0000000000000000        8.7706463737630318E-005   0.0000000000000000        0.0000000000000000       -149962752.00000626        0.0000000000000000        0.0000000000000000        1.5624999999999999E-009   9.9999999999961614E-008   1.5625000000005995E-002   132355973.59127970        1985339603853862.0        999801466138.88684        0.0000000000000000        0.0000000000000000        0.0000000000000000        0.0000000000000000        0.0000000000000000        0.0000000000000000        0.0000000000000000     
 -0.55468749999951894        0.0000000000000000        0.0000000000000000       -2.6814329774606401E-004   0.0000000000000000        0.0000000000000000        140132351.99999893        0.0000000000000000        0.0000000000000000        1.5624999999999999E-009   9.9999999999973685E-008   1.5625000000004118E-002   132355973.59120786        1985339603852544.2        999801466138.88684        0.0000000000000000        0.0000000000000000        0.0000000000000000        0.0000000000000000        0.0000000000000000        0.0000000000000000        0.0000000000000000     
 -0.53906249999951039        0.0000000000000000        0.0000000000000000        3.3151056212879477E-004   0.0000000000000000        0.0000000000000000       -121126912.00000000        0.0000000000000000        0.0000000000000000        1.5624999999999999E-009   9.9999999999978674E-008   1.5625000000003324E-002   132355973.59121343        1985339603852530.0        999801466138.88684        0.0000000000000000        0.0000000000000000        0.0000000000000000        0.0000000000000000        0.0000000000000000        0.0000000000000000        0.0000000000000000     
 -0.52343749999951228        0.0000000000000000        0.0000000000000000       -5.0124303556179034E-004   0.0000000000000000        0.0000000000000000        96272384.000000000        0.0000000000000000        0.0000000000000000        1.5624999999999999E-009   9.9999999999995019E-008   1.5625000000000784E-002   132355973.59131628        1985339603853746.8        999801466138.88684        0.0000000000000000        0.0000000000000000        0.0000000000000000        0.0000000000000000        0.0000000000000000        0.0000000000000000        0.0000000000000000     
 -0.50781249999950884        0.0000000000000000        0.0000000000000000        4.6752208983591426E-004   0.0000000000000000        0.0000000000000000       -77365248.000000000        0.0000000000000000        0.0000000000000000        1.5624999999999999E-009   9.9999999999999466E-008   1.5625000000000076E-002   132355973.59130038        1985339603853421.2        999801466138.88684        0.0000000000000000        0.0000000000000000        0.0000000000000000        0.0000000000000000        0.0000000000000000        0.0000000000000000        0.0000000000000000     
 -0.49218749999951211        0.0000000000000000        0.0000000000000000       -5.1773936096969145E-004   0.0000000000000000        0.0000000000000000        63848448.000000000        0.0000000000000000        0.0000000000000000        1.5624999999999999E-009   1.0000000000000993E-007   1.5624999999998453E-002   132355973.59131345        1985339603853408.8        999801466138.88684        0.0000000000000000        0.0000000000000000        0.0000000000000000        0.0000000000000000        0.0000000000000000        0.0000000000000000        0.0000000000000000     
 -0.47656249999951195        0.0000000000000000        0.0000000000000000        3.6592421622151530E-004   0.0000000000000000        0.0000000000000000       -41353216.000000000        0.0000000000000000        0.0000000000000000        1.5624999999999999E-009   1.0000000000001384E-007   1.5624999999997830E-002   132355973.59132692        1985339603853534.5        999801466138.88684        0.0000000000000000        0.0000000000000000        0.0000000000000000        0.0000000000000000        0.0000000000000000        0.0000000000000000        0.0000000000000000     
 -0.46093749999951644        0.0000000000000000        0.0000000000000000       -3.9039991827681411E-004   0.0000000000000000        0.0000000000000000        8175616.0000000000        0.0000000000000000        0.0000000000000000        1.5624999999999999E-009   1.0000000000003196E-007   1.5624999999995018E-002   132355973.59133568        1985339603853304.2        999801466138.88684        0.0000000000000000        0.0000000000000000        0.0000000000000000        0.0000000000000000        0.0000000000000000        0.0000000000000000        0.0000000000000000     
 -0.44531249999952194        0.0000000000000000        0.0000000000000000        2.2375854527677269E-004   0.0000000000000000        0.0000000000000000        24772607.999990724        0.0000000000000000        0.0000000000000000        1.5624999999999999E-009   1.0000000000003322E-007   1.5624999999994801E-002   132355973.59134538        1985339603853426.8        999801466138.88684        0.0000000000000000        0.0000000000000000        0.0000000000000000        0.0000000000000000        0.0000000000000000        0.0000000000000000        0.0000000000000000     
 -0.42968749999952682        0.0000000000000000        0.0000000000000000       -1.9935678828975566E-004   0.0000000000000000        0.0000000000000000       -49446912.000001132        0.0000000000000000        0.0000000000000000        1.5624999999999999E-009   1.0000000000004796E-007   1.5624999999992511E-002   132355973.59139559        1985339603853885.8        999801466138.88684        0.0000000000000000        0.0000000000000000        0.0000000000000000        0.0000000000000000        0.0000000000000000        0.0000000000000000        0.0000000000000000     
 -0.41406249999953693        0.0000000000000000        0.0000000000000000        1.1418753817789270E-004   0.0000000000000000        0.0000000000000000        63193088.000000000        0.0000000000000000        0.0000000000000000        1.5624999999999999E-009   1.0000000000005309E-007   1.5624999999991701E-002   132355973.59139724        1985339603853809.2        999801466138.88684        0.0000000000000000        0.0000000000000000        0.0000000000000000        0.0000000000000000        0.0000000000000000        0.0000000000000000        0.0000000000000000     
 -0.39843749999954342        0.0000000000000000        0.0000000000000000       -1.0286367036561151E-004   0.0000000000000000        0.0000000000000000       -69451776.000000000        0.0000000000000000        0.0000000000000000        1.5624999999999999E-009   1.0000000000006127E-007   1.5624999999990426E-002   132355973.59138902        1985339603853523.0        999801466138.88684        0.0000000000000000        0.0000000000000000        0.0000000000000000        0.0000000000000000        0.0000000000000000        0.0000000000000000        0.0000000000000000     
 -0.38281249999955608        0.0000000000000000        0.0000000000000000        2.8497419981657709E-005   0.0000000000000000        0.0000000000000000        76382208.000000000        0.0000000000000000        0.0000000000000000        1.5624999999999999E-009   1.0000000000006659E-007   1.5624999999989593E-002   132355973.59142163        1985339603853907.0        999801466138.88684        0.0000000000000000        0.0000000000000000        0.0000000000000000        0.0000000000000000        0.0000000000000000        0.0000000000000000        0.0000000000000000     
 -0.36718749999956424        0.0000000000000000        0.0000000000000000        5.4956846755228401E-005   0.0000000000000000        0.0000000000000000       -79806464.000000000        0.0000000000000000        0.0000000000000000        1.5624999999999999E-009   1.0000000000007530E-007   1.5624999999988235E-002   132355973.59145311        1985339603854206.2        999801466138.88684        0.0000000000000000        0.0000000000000000        0.0000000000000000        0.0000000000000000        0.0000000000000000        0.0000000000000000        0.0000000000000000     
 -0.35156249999957961        0.0000000000000000        0.0000000000000000       -6.8976323289185812E-005   0.0000000000000000        0.0000000000000000        74317824.000000000        0.0000000000000000        0.0000000000000000        1.5624999999999999E-009   1.0000000000008435E-007   1.5624999999986821E-002   132355973.59143528        1985339603853758.8        999801466138.88684        0.0000000000000000        0.0000000000000000        0.0000000000000000        0.0000000000000000        0.0000000000000000        0.0000000000000000        0.0000000000000000     
 -0.33593749999959061        0.0000000000000000        0.0000000000000000        1.3708987247315976E-004   0.0000000000000000        0.0000000000000000       -67616768.000000000        0.0000000000000000        0.0000000000000000        1.5624999999999999E-009   1.0000000000008863E-007   1.5624999999986148E-002   132355973.59144610        1985339603853836.5        999801466138.88684        0.0000000000000000        0.0000000000000000        0.0000000000000000        0.0000000000000000        0.0000000000000000        0.0000000000000000        0.0000000000000000     
 -0.32031249999960731        0.0000000000000000        0.0000000000000000       -2.0156757277543991E-004   0.0000000000000000        0.0000000000000000        61931520.000000000        0.0000000000000000        0.0000000000000000        1.5624999999999999E-009   1.0000000000009466E-007   1.5624999999985211E-002   132355973.59144911        1985339603853761.8        999801466138.88684        0.0000000000000000        0.0000000000000000        0.0000000000000000        0.0000000000000000        0.0000000000000000        0.0000000000000000        0.0000000000000000     
 -0.30468749999962019        0.0000000000000000        0.0000000000000000        2.1315410320708823E-004   0.0000000000000000        0.0000000000000000       -51003392.000003807        0.0000000000000000        0.0000000000000000        1.5624999999999999E-009   1.0000000000009714E-007   1.5624999999984819E-002   132355973.59147079        1985339603854038.2        999801466138.88684        0.0000000000000000        0.0000000000000000        0.0000000000000000        0.0000000000000000        0.0000000000000000        0.0000000000000000        0.0000000000000000     
 -0.28906249999963768        0.0000000000000000        0.0000000000000000       -2.6034542366677271E-004   0.0000000000000000        0.0000000000000000        39616511.999998614        0.0000000000000000        0.0000000000000000        1.5624999999999999E-009   1.0000000000010656E-007   1.5624999999983354E-002   132355973.59150073        1985339603854299.8        999801466138.88684        0.0000000000000000        0.0000000000000000        0.0000000000000000        0.0000000000000000        0.0000000000000000        0.0000000000000000        0.0000000000000000     
 -0.27343749999965350        0.0000000000000000        0.0000000000000000        2.4961963998781136E-004   0.0000000000000000        0.0000000000000000       -33619968.000002436        0.0000000000000000        0.0000000000000000        1.5624999999999999E-009   1.0000000000011225E-007   1.5624999999982458E-002   132355973.59149481        1985339603854098.2        999801466138.88684        0.0000000000000000        0.0000000000000000        0.0000000000000000        0.0000000000000000        0.0000000000000000        0.0000000000000000        0.0000000000000000     
 -0.25781249999967276        0.0000000000000000        0.0000000000000000       -2.3223142637073316E-004   0.0000000000000000        0.0000000000000000        33898496.000000000        0.0000000000000000        0.0000000000000000        1.5624999999999999E-009   1.0000000000011980E-007   1.5624999999981281E-002   132355973.59150393        1985339603854085.2        999801466138.88684        0.0000000000000000        0.0000000000000000        0.0000000000000000        0.0000000000000000        0.0000000000000000        0.0000000000000000        0.0000000000000000     
 -0.24218749999969094        0.0000000000000000        0.0000000000000000        1.4809245700684752E-004   0.0000000000000000        0.0000000000000000       -39927808.000001527        0.0000000000000000        0.0000000000000000        1.5624999999999999E-009   1.0000000000012947E-007   1.5624999999979773E-002   132355973.59152302        1985339603854179.2        999801466138.88684        0.0000000000000000        0.0000000000000000        0.0000000000000000        0.0000000000000000        0.0000000000000000        0.0000000000000000        0.0000000000000000     
 -0.22656249999971323        0.0000000000000000        0.0000000000000000       -1.3924889611285923E-004   0.0000000000000000        0.0000000000000000        43188223.999998786        0.0000000000000000        0.0000000000000000        1.5624999999999999E-009   1.0000000000013544E-007   1.5624999999978835E-002   132355973.59154774        1985339603854431.8        999801466138.88684        0.0000000000000000        0.0000000000000000        0.0000000000000000        0.0000000000000000        0.0000000000000000        0.0000000000000000        0.0000000000000000     
 -0.21093749999973327        0.0000000000000000        0.0000000000000000        4.2869035318337853E-005   0.0000000000000000        0.0000000000000000       -43352064.000000000        0.0000000000000000        0.0000000000000000        1.5624999999999999E-009   1.0000000000014076E-007   1.5624999999978009E-002   132355973.59154770        1985339603854325.5        999801466138.88684        0.0000000000000000        0.0000000000000000        0.0000000000000000        0.0000000000000000        0.0000000000000000        0.0000000000000000        0.0000000000000000     
 -0.19531249999975722        0.0000000000000000        0.0000000000000000       -4.3820420074425071E-006   0.0000000000000000        0.0000000000000000        40845312.000000000        0.0000000000000000        0.0000000000000000        1.5624999999999999E-009   1.0000000000014502E-007   1.5624999999977343E-002   132355973.59156147        1985339603854447.0        999801466138.88684        0.0000000000000000        0.0000000000000000        0.0000000000000000        0.0000000000000000        0.0000000000000000        0.0000000000000000        0.0000000000000000     
 -0.17968749999977859        0.0000000000000000        0.0000000000000000       -6.2474571106633392E-005   0.0000000000000000        0.0000000000000000       -33013760.000000000        0.0000000000000000        0.0000000000000000        1.5624999999999999E-009   1.0000000000014600E-007   1.5624999999977183E-002   132355973.59155619        1985339603854348.8        999801466138.88684        0.0000000000000000        0.0000000000000000        0.0000000000000000        0.0000000000000000        0.0000000000000000        0.0000000000000000        0.0000000000000000     
 -0.16406249999980285        0.0000000000000000        0.0000000000000000        7.9419490867933411E-005   0.0000000000000000        0.0000000000000000        25755647.999999732        0.0000000000000000        0.0000000000000000        1.5624999999999999E-009   1.0000000000015098E-007   1.5624999999976413E-002   132355973.59155631        1985339603854251.5        999801466138.88684        0.0000000000000000        0.0000000000000000        0.0000000000000000        0.0000000000000000        0.0000000000000000        0.0000000000000000        0.0000000000000000     
 -0.14843749999982578        0.0000000000000000        0.0000000000000000       -1.9357016269793087E-004   0.0000000000000000        0.0000000000000000       -18120704.000000000        0.0000000000000000        0.0000000000000000        1.5624999999999999E-009   1.0000000000015347E-007   1.5624999999976016E-002   132355973.59157743        1985339603854519.2        999801466138.88684        0.0000000000000000        0.0000000000000000        0.0000000000000000        0.0000000000000000        0.0000000000000000        0.0000000000000000        0.0000000000000000     
 -0.13281249999985081        0.0000000000000000        0.0000000000000000        1.4901776597323722E-004   0.0000000000000000        0.0000000000000000        4669440.0000000000        0.0000000000000000        0.0000000000000000        1.5624999999999999E-009   1.0000000000016065E-007   1.5624999999974900E-002   132355973.59159358        1985339603854618.2        999801466138.88684        0.0000000000000000        0.0000000000000000        0.0000000000000000        0.0000000000000000        0.0000000000000000        0.0000000000000000        0.0000000000000000     
 -0.11718749999987599        0.0000000000000000        0.0000000000000000       -2.5772883196423750E-004   0.0000000000000000        0.0000000000000000        5177344.0000000112        0.0000000000000000        0.0000000000000000        1.5624999999999999E-009   1.0000000000016019E-007   1.5624999999974971E-002   132355973.59158653        1985339603854522.0        999801466138.88684        0.0000000000000000        0.0000000000000000        0.0000000000000000        0.0000000000000000        0.0000000000000000        0.0000000000000000        0.0000000000000000     
 -0.10156249999990088        0.0000000000000000        0.0000000000000000        2.1371973414125808E-004   0.0000000000000000        0.0000000000000000       -7831552.0000000000        0.0000000000000000        0.0000000000000000        1.5624999999999999E-009   1.0000000000016136E-007   1.5624999999974791E-002   132355973.59158412        1985339603854462.5        999801466138.88684        0.0000000000000000        0.0000000000000000        0.0000000000000000        0.0000000000000000        0.0000000000000000        0.0000000000000000        0.0000000000000000     
  -8.5937499999926420E-002   0.0000000000000000        0.0000000000000000       -2.7767142323227632E-004   0.0000000000000000        0.0000000000000000        12566528.000000000        0.0000000000000000        0.0000000000000000        1.5624999999999999E-009   1.0000000000016175E-007   1.5624999999974725E-002   132355973.59158531        1985339603854472.8        999801466138.88684        0.0000000000000000        0.0000000000000000        0.0000000000000000        0.0000000000000000        0.0000000000000000        0.0000000000000000        0.0000000000000000     
  -7.0312499999951442E-002   0.0000000000000000        0.0000000000000000        1.9778040146356039E-004   0.0000000000000000        0.0000000000000000       -18169856.000000000        0.0000000000000000        0.0000000000000000        1.5624999999999999E-009   1.0000000000016583E-007   1.5624999999974088E-002   132355973.59159620        1985339603854555.0        999801466138.88684        0.0000000000000000        0.0000000000000000        0.0000000000000000        0.0000000000000000        0.0000000000000000        0.0000000000000000        0.0000000000000000     
  -5.4687499999978247E-002   0.0000000000000000        0.0000000000000000       -1.8216670298389632E-004   0.0000000000000000        0.0000000000000000        16711680.000000000        0.0000000000000000        0.0000000000000000        1.5624999999999999E-009   1.0000000000016816E-007   1.5624999999973726E-002   132355973.59159926        1985339603854554.8        999801466138.88684        0.0000000000000000        0.0000000000000000        0.0000000000000000        0.0000000000000000        0.0000000000000000        0.0000000000000000        0.0000000000000000     
  -3.9062500000003997E-002   0.0000000000000000        0.0000000000000000        1.4135657945383477E-004   0.0000000000000000        0.0000000000000000       -12058623.999999978        0.0000000000000000        0.0000000000000000        1.5624999999999999E-009   1.0000000000016746E-007   1.5624999999973833E-002   132355973.59159863        1985339603854559.2        999801466138.88684        0.0000000000000000        0.0000000000000000        0.0000000000000000        0.0000000000000000        0.0000000000000000        0.0000000000000000        0.0000000000000000     
  -2.3437500000030587E-002   0.0000000000000000        0.0000000000000000       -7.6958998138012066E-005   0.0000000000000000        0.0000000000000000        8716288.0000000000        0.0000000000000000        0.0000000000000000        1.5624999999999999E-009   1.0000000000016791E-007   1.5624999999973768E-002   132355973.59159829        1985339603854545.0        999801466138.88684        0.0000000000000000        0.0000000000000000        0.0000000000000000        0.0000000000000000        0.0000000000000000        0.0000000000000000        0.0000000000000000     
  -7.8125000000564722E-003   0.0000000000000000        0.0000000000000000        1.6010239195321303E-006   0.0000000000000000        0.0000000000000000       -4669440.0000000000        0.0000000000000000        0.0000000000000000        1.5624999999999999E-009   1.0000000000016632E-007   1.5624999999974014E-002   132355973.59159395        1985339603854512.0        999801466138.88684        0.0000000000000000        0.0000000000000000        0.0000000000000000        0.0000000000000000        0.0000000000000000        0.0000000000000000        0.0000000000000000     
   7.8124999999174315E-003   0.0000000000000000        0.0000000000000000       -1.9580481107900567E-005   0.0000000000000000        0.0000000000000000       -1785856.0000000000        0.0000000000000000        0.0000000000000000        1.5624999999999999E-009   1.0000000000016625E-007   1.5624999999974024E-002   132355973.59159321        1985339603854501.5        999801466138.88684        0.0000000000000000        0.0000000000000000        0.0000000000000000        0.0000000000000000        0.0000000000000000        0.0000000000000000        0.0000000000000000     
   2.3437499999891569E-002   0.0000000000000000        0.0000000000000000       -1.2352583818355369E-004   0.0000000000000000        0.0000000000000000        9125888.0000008885        0.0000000000000000        0.0000000000000000        1.5624999999999999E-009   1.0000000000016173E-007   1.5624999999974732E-002   132355973.59158309        1985339603854440.0        999801466138.88684        0.0000000000000000        0.0000000000000000        0.0000000000000000        0.0000000000000000        0.0000000000000000        0.0000000000000000        0.0000000000000000     
   3.9062499999866884E-002   0.0000000000000000        0.0000000000000000        1.1640112680098302E-004   0.0000000000000000        0.0000000000000000       -13074432.000000000        0.0000000000000000        0.0000000000000000        1.5624999999999999E-009   1.0000000000015956E-007   1.5624999999975070E-002   132355973.59158528        1985339603854515.8        999801466138.88684        0.0000000000000000        0.0000000000000000        0.0000000000000000        0.0000000000000000        0.0000000000000000        0.0000000000000000        0.0000000000000000     
   5.4687499999841703E-002   0.0000000000000000        0.0000000000000000       -1.7804197544230591E-004   0.0000000000000000        0.0000000000000000        15597568.000000000        0.0000000000000000        0.0000000000000000        1.5624999999999999E-009   1.0000000000015626E-007   1.5624999999975586E-002   132355973.59157522        1985339603854430.5        999801466138.88684        0.0000000000000000        0.0000000000000000        0.0000000000000000        0.0000000000000000        0.0000000000000000        0.0000000000000000        0.0000000000000000     
   7.0312499999818048E-002   0.0000000000000000        0.0000000000000000        2.0894470833554416E-004   0.0000000000000000        0.0000000000000000       -16891904.000000000        0.0000000000000000        0.0000000000000000        1.5624999999999999E-009   1.0000000000015420E-007   1.5624999999975908E-002   132355973.59156719        1985339603854351.0        999801466138.88684        0.0000000000000000        0.0000000000000000        0.0000000000000000        0.0000000000000000        0.0000000000000000        0.0000000000000000        0.0000000000000000     
   8.5937499999793512E-002   0.0000000000000000        0.0000000000000000       -2.0964114628613964E-004   0.0000000000000000        0.0000000000000000        17121280.000000153        0.0000000000000000        0.0000000000000000        1.5624999999999999E-009   1.0000000000015233E-007   1.5624999999976201E-002   132355973.59156421        1985339603854343.5        999801466138.88684        0.0000000000000000        0.0000000000000000        0.0000000000000000        0.0000000000000000        0.0000000000000000        0.0000000000000000        0.0000000000000000     
  0.10156249999977043        0.0000000000000000        0.0000000000000000        2.4329989583468165E-004   0.0000000000000000        0.0000000000000000       -16302080.000000000        0.0000000000000000        0.0000000000000000        1.5624999999999999E-009   1.0000000000015098E-007   1.5624999999976409E-002   132355973.59156449        1985339603854374.5        999801466138.88684        0.0000000000000000        0.0000000000000000        0.0000000000000000        0.0000000000000000        0.0000000000000000        0.0000000000000000        0.0000000000000000     
  0.11718749999974633        0.0000000000000000        0.0000000000000000       -2.2035082150330545E-004   0.0000000000000000        0.0000000000000000        11141120.000000000        0.0000000000000000        0.0000000000000000        1.5624999999999999E-009   1.0000000000015087E-007   1.5624999999976429E-002   132355973.59156401        1985339603854369.2        999801466138.88684        0.0000000000000000        0.0000000000000000        0.0000000000000000        0.0000000000000000        0.0000000000000000        0.0000000000000000        0.0000000000000000     
  0.13281249999972328        0.0000000000000000        0.0000000000000000        2.0045867321811332E-004   0.0000000000000000        0.0000000000000000       -4079616.0000000000        0.0000000000000000        0.0000000000000000        1.5624999999999999E-009   1.0000000000014721E-007   1.5624999999976996E-002   132355973.59155531        1985339603854311.8        999801466138.88684        0.0000000000000000        0.0000000000000000        0.0000000000000000        0.0000000000000000        0.0000000000000000        0.0000000000000000        0.0000000000000000     
  0.14843749999970032        0.0000000000000000        0.0000000000000000       -1.8901808345208357E-004   0.0000000000000000        0.0000000000000000       -4685824.0000000000        0.0000000000000000        0.0000000000000000        1.5624999999999999E-009   1.0000000000014636E-007   1.5624999999977133E-002   132355973.59155901        1985339603854383.5        999801466138.88684        0.0000000000000000        0.0000000000000000        0.0000000000000000        0.0000000000000000        0.0000000000000000        0.0000000000000000        0.0000000000000000     
  0.16406249999967754        0.0000000000000000        0.0000000000000000        1.2876724991218818E-004   0.0000000000000000        0.0000000000000000        17989632.000001650        0.0000000000000000        0.0000000000000000        1.5624999999999999E-009   1.0000000000014014E-007   1.5624999999978097E-002   132355973.59154010        1985339603854224.0        999801466138.88684        0.0000000000000000        0.0000000000000000        0.0000000000000000        0.0000000000000000        0.0000000000000000        0.0000000000000000        0.0000000000000000     
  0.17968749999965652        0.0000000000000000        0.0000000000000000       -8.0231805471937072E-005   0.0000000000000000        0.0000000000000000       -29736960.000000000        0.0000000000000000        0.0000000000000000        1.5624999999999999E-009   1.0000000000014076E-007   1.5624999999978007E-002   132355973.59153730        1985339603854169.0        999801466138.88684        0.0000000000000000        0.0000000000000000        0.0000000000000000        0.0000000000000000        0.0000000000000000        0.0000000000000000        0.0000000000000000     
  0.19531249999963354        0.0000000000000000        0.0000000000000000        3.1218482894379714E-005   0.0000000000000000        0.0000000000000000        35667968.000000551        0.0000000000000000        0.0000000000000000        1.5624999999999999E-009   1.0000000000013720E-007   1.5624999999978562E-002   132355973.59154841        1985339603854406.8        999801466138.88684        0.0000000000000000        0.0000000000000000        0.0000000000000000        0.0000000000000000        0.0000000000000000        0.0000000000000000        0.0000000000000000     
  0.21093749999961364        0.0000000000000000        0.0000000000000000        3.5921153937612193E-005   0.0000000000000000        0.0000000000000000       -39272447.999999732        0.0000000000000000        0.0000000000000000        1.5624999999999999E-009   1.0000000000013471E-007   1.5624999999978954E-002   132355973.59154572        1985339603854415.5        999801466138.88684        0.0000000000000000        0.0000000000000000        0.0000000000000000        0.0000000000000000        0.0000000000000000        0.0000000000000000        0.0000000000000000     
  0.22656249999959144        0.0000000000000000        0.0000000000000000       -8.7569578724991325E-005   0.0000000000000000        0.0000000000000000        42385408.000000916        0.0000000000000000        0.0000000000000000        1.5624999999999999E-009   1.0000000000013009E-007   1.5624999999979673E-002   132355973.59152713        1985339603854228.8        999801466138.88684        0.0000000000000000        0.0000000000000000        0.0000000000000000        0.0000000000000000        0.0000000000000000        0.0000000000000000        0.0000000000000000     
  0.24218749999957298        0.0000000000000000        0.0000000000000000        1.9007929328369858E-004   0.0000000000000000        0.0000000000000000       -40353791.999999374        0.0000000000000000        0.0000000000000000        1.5624999999999999E-009   1.0000000000012628E-007   1.5624999999980266E-002   132355973.59150797        1985339603854017.0        999801466138.88684        0.0000000000000000        0.0000000000000000        0.0000000000000000        0.0000000000000000        0.0000000000000000        0.0000000000000000        0.0000000000000000     
  0.25781249999955197        0.0000000000000000        0.0000000000000000       -1.8829524184179897E-004   0.0000000000000000        0.0000000000000000        33390592.000000000        0.0000000000000000        0.0000000000000000        1.5624999999999999E-009   1.0000000000012550E-007   1.5624999999980392E-002   132355973.59153171        1985339603854388.2        999801466138.88684        0.0000000000000000        0.0000000000000000        0.0000000000000000        0.0000000000000000        0.0000000000000000        0.0000000000000000        0.0000000000000000     
  0.27343749999953376        0.0000000000000000        0.0000000000000000        2.8672254231224963E-004   0.0000000000000000        0.0000000000000000       -33325056.000000000        0.0000000000000000        0.0000000000000000        1.5624999999999999E-009   1.0000000000012113E-007   1.5624999999981072E-002   132355973.59150964        1985339603854143.8        999801466138.88684        0.0000000000000000        0.0000000000000000        0.0000000000000000        0.0000000000000000        0.0000000000000000        0.0000000000000000        0.0000000000000000     
  0.28906249999951411        0.0000000000000000        0.0000000000000000       -2.2825908882881165E-004   0.0000000000000000        0.0000000000000000        40058880.000002511        0.0000000000000000        0.0000000000000000        1.5624999999999999E-009   1.0000000000011348E-007   1.5624999999982266E-002   132355973.59149009        1985339603854003.0        999801466138.88684        0.0000000000000000        0.0000000000000000        0.0000000000000000        0.0000000000000000        0.0000000000000000        0.0000000000000000        0.0000000000000000     
  0.30468749999949829        0.0000000000000000        0.0000000000000000        2.2897604923250141E-004   0.0000000000000000        0.0000000000000000       -49676288.000000000        0.0000000000000000        0.0000000000000000        1.5624999999999999E-009   1.0000000000010887E-007   1.5624999999982995E-002   132355973.59150387        1985339603854300.8        999801466138.88684        0.0000000000000000        0.0000000000000000        0.0000000000000000        0.0000000000000000        0.0000000000000000        0.0000000000000000        0.0000000000000000     
  0.32031249999948008        0.0000000000000000        0.0000000000000000       -1.3402261672337292E-004   0.0000000000000000        0.0000000000000000        63520768.000000000        0.0000000000000000        0.0000000000000000        1.5624999999999999E-009   1.0000000000009804E-007   1.5624999999984677E-002   132355973.59148195        1985339603854187.8        999801466138.88684        0.0000000000000000        0.0000000000000000        0.0000000000000000        0.0000000000000000        0.0000000000000000        0.0000000000000000        0.0000000000000000     
  0.33593749999946765        0.0000000000000000        0.0000000000000000        1.4196357672766473E-004   0.0000000000000000        0.0000000000000000       -73580544.000000000        0.0000000000000000        0.0000000000000000        1.5624999999999999E-009   1.0000000000009395E-007   1.5624999999985324E-002   132355973.59147149        1985339603854111.5        999801466138.88684        0.0000000000000000        0.0000000000000000        0.0000000000000000        0.0000000000000000        0.0000000000000000        0.0000000000000000        0.0000000000000000     
  0.35156249999945072        0.0000000000000000        0.0000000000000000        1.5121810064250345E-005   0.0000000000000000        0.0000000000000000        76185600.000000000        0.0000000000000000        0.0000000000000000        1.5624999999999999E-009   1.0000000000008687E-007   1.5624999999986424E-002   132355973.59143773        1985339603853746.0        999801466138.88684        0.0000000000000000        0.0000000000000000        0.0000000000000000        0.0000000000000000        0.0000000000000000        0.0000000000000000        0.0000000000000000     
  0.36718749999944050        0.0000000000000000        0.0000000000000000       -4.4899887858920971E-005   0.0000000000000000        0.0000000000000000       -78102527.999997497        0.0000000000000000        0.0000000000000000        1.5624999999999999E-009   1.0000000000007921E-007   1.5624999999987628E-002   132355973.59142390        1985339603853690.2        999801466138.88684        0.0000000000000000        0.0000000000000000        0.0000000000000000        0.0000000000000000        0.0000000000000000        0.0000000000000000        0.0000000000000000     
  0.38281249999942596        0.0000000000000000        0.0000000000000000        1.8925787624673757E-004   0.0000000000000000        0.0000000000000000        79626240.000000000        0.0000000000000000        0.0000000000000000        1.5624999999999999E-009   1.0000000000006907E-007   1.5624999999989208E-002   132355973.59141758        1985339603853796.8        999801466138.88684        0.0000000000000000        0.0000000000000000        0.0000000000000000        0.0000000000000000        0.0000000000000000        0.0000000000000000        0.0000000000000000     
  0.39843749999941891        0.0000000000000000        0.0000000000000000       -9.6132489346534641E-005   0.0000000000000000        0.0000000000000000       -72007680.000000000        0.0000000000000000        0.0000000000000000        1.5624999999999999E-009   1.0000000000005824E-007   1.5624999999990898E-002   132355973.59141059        1985339603853907.5        999801466138.88684        0.0000000000000000        0.0000000000000000        0.0000000000000000        0.0000000000000000        0.0000000000000000        0.0000000000000000        0.0000000000000000     
  0.41406249999940775        0.0000000000000000        0.0000000000000000        1.7880114375428435E-004   0.0000000000000000        0.0000000000000000        56770560.000000000        0.0000000000000000        0.0000000000000000        1.5624999999999999E-009   1.0000000000005382E-007   1.5624999999991595E-002   132355973.59138453        1985339603853603.2        999801466138.88684        0.0000000000000000        0.0000000000000000        0.0000000000000000        0.0000000000000000        0.0000000000000000        0.0000000000000000        0.0000000000000000     
  0.42968749999940209        0.0000000000000000        0.0000000000000000       -1.5698508914347906E-004   0.0000000000000000        0.0000000000000000       -37044223.999993593        0.0000000000000000        0.0000000000000000        1.5624999999999999E-009   1.0000000000004155E-007   1.5624999999993498E-002   132355973.59137774        1985339603853746.0        999801466138.88684        0.0000000000000000        0.0000000000000000        0.0000000000000000        0.0000000000000000        0.0000000000000000        0.0000000000000000        0.0000000000000000     
  0.44531249999939476        0.0000000000000000        0.0000000000000000        2.8118723784262062E-004   0.0000000000000000        0.0000000000000000        8814592.0000001118        0.0000000000000000        0.0000000000000000        1.5624999999999999E-009   1.0000000000003995E-007   1.5624999999993769E-002   132355973.59138471        1985339603853881.0        999801466138.88684        0.0000000000000000        0.0000000000000000        0.0000000000000000        0.0000000000000000        0.0000000000000000        0.0000000000000000        0.0000000000000000     
  0.46093749999938960        0.0000000000000000        0.0000000000000000       -3.1164732350268619E-004   0.0000000000000000        0.0000000000000000        23855104.000012409        0.0000000000000000        0.0000000000000000        1.5624999999999999E-009   1.0000000000002292E-007   1.5624999999996409E-002   132355973.59130758        1985339603853064.0        999801466138.88684        0.0000000000000000        0.0000000000000000        0.0000000000000000        0.0000000000000000        0.0000000000000000        0.0000000000000000        0.0000000000000000     
  0.47656249999938760        0.0000000000000000        0.0000000000000000        3.5358945640232150E-004   0.0000000000000000        0.0000000000000000       -57442303.999999829        0.0000000000000000        0.0000000000000000        1.5624999999999999E-009   1.0000000000002093E-007   1.5624999999996740E-002   132355973.59132314        1985339603853335.0        999801466138.88684        0.0000000000000000        0.0000000000000000        0.0000000000000000        0.0000000000000000        0.0000000000000000        0.0000000000000000        0.0000000000000000     
  0.49218749999938305        0.0000000000000000        0.0000000000000000       -3.3593605661155974E-004   0.0000000000000000        0.0000000000000000        86458368.000014052        0.0000000000000000        0.0000000000000000        1.5624999999999999E-009   1.0000000000000281E-007   1.5624999999999554E-002   132355973.59132159        1985339603853673.0        999801466138.88684        0.0000000000000000        0.0000000000000000        0.0000000000000000        0.0000000000000000        0.0000000000000000        0.0000000000000000        0.0000000000000000     
  0.50781249999938671        0.0000000000000000        0.0000000000000000        4.0353380942855443E-004   0.0000000000000000        0.0000000000000000       -103497727.99999784        0.0000000000000000        0.0000000000000000        1.5624999999999999E-009   9.9999999999995734E-008   1.5625000000000673E-002   132355973.59129806        1985339603853459.5        999801466138.88684        0.0000000000000000        0.0000000000000000        0.0000000000000000        0.0000000000000000        0.0000000000000000        0.0000000000000000        0.0000000000000000     
  0.52343749999938438        0.0000000000000000        0.0000000000000000       -3.3735245425205401E-004   0.0000000000000000        0.0000000000000000        117587968.00000000        0.0000000000000000        0.0000000000000000        1.5624999999999999E-009   9.9999999999983650E-008   1.5625000000002547E-002   132355973.59128860        1985339603853558.5        999801466138.88684        0.0000000000000000        0.0000000000000000        0.0000000000000000        0.0000000000000000        0.0000000000000000        0.0000000000000000        0.0000000000000000     
  0.53906249999939182        0.0000000000000000        0.0000000000000000        2.3144714453199111E-004   0.0000000000000000        0.0000000000000000       -137248768.00000000        0.0000000000000000        0.0000000000000000        1.5624999999999999E-009   9.9999999999979746E-008   1.5625000000003171E-002   132355973.59125566        1985339603853140.8        999801466138.88684        0.0000000000000000        0.0000000000000000        0.0000000000000000        0.0000000000000000        0.0000000000000000        0.0000000000000000        0.0000000000000000     
  0.55468749999939071        0.0000000000000000        0.0000000000000000       -1.9738225953067400E-005   0.0000000000000000        0.0000000000000000        155107328.00000954        0.0000000000000000        0.0000000000000000        1.5624999999999999E-009   9.9999999999964817E-008   1.5625000000005496E-002   132355973.59117588        1985339603852241.8        999801466138.88684        0.0000000000000000        0.0000000000000000        0.0000000000000000        0.0000000000000000        0.0000000000000000        0.0000000000000000        0.0000000000000000     
  0.57031249999940281        0.0000000000000000        0.0000000000000000       -1.8249697572281511E-005   0.0000000000000000        0.0000000000000000       -155877375.99999633        0.0000000000000000        0.0000000000000000        1.5624999999999999E-009   9.9999999999955579E-008   1.5625000000006942E-002   132355973.59120531        1985339603852866.2        999801466138.88684        0.0000000000000000        0.0000000000000000        0.0000000000000000        0.0000000000000000        0.0000000000000000        0.0000000000000000        0.0000000000000000     
  0.58593749999940459        0.0000000000000000        0.0000000000000000        2.2088685715254322E-004   0.0000000000000000        0.0000000000000000        143753216.00000092        0.0000000000000000        0.0000000000000000        1.5624999999999999E-009   9.9999999999950947E-008   1.5625000000007667E-002   132355973.59118536        1985339603852658.5        999801466138.88684        0.0000000000000000        0.0000000000000000        0.0000000000000000        0.0000000000000000        0.0000000000000000        0.0000000000000000        0.0000000000000000     
  0.60156249999941813        0.0000000000000000        0.0000000000000000       -2.6352358326326558E-004   0.0000000000000000        0.0000000000000000       -129318911.99999513        0.0000000000000000        0.0000000000000000        1.5624999999999999E-009   9.9999999999940293E-008   1.5625000000009326E-002   132355973.59114447        1985339603852257.2        999801466138.88684        0.0000000000000000        0.0000000000000000        0.0000000000000000        0.0000000000000000        0.0000000000000000        0.0000000000000000        0.0000000000000000     
  0.61718749999942324        0.0000000000000000        0.0000000000000000        4.3687309341351521E-004   0.0000000000000000        0.0000000000000000        111263744.00000043        0.0000000000000000        0.0000000000000000        1.5624999999999999E-009   9.9999999999937103E-008   1.5625000000009832E-002   132355973.59120156        1985339603853176.2        999801466138.88684        0.0000000000000000        0.0000000000000000        0.0000000000000000        0.0000000000000000        0.0000000000000000        0.0000000000000000        0.0000000000000000     
  0.63281249999943778        0.0000000000000000        0.0000000000000000       -4.5635103722014203E-004   0.0000000000000000        0.0000000000000000       -89636863.999993771        0.0000000000000000        0.0000000000000000        1.5624999999999999E-009   9.9999999999925033E-008   1.5625000000011706E-002   132355973.59121999        1985339603853693.2        999801466138.88684        0.0000000000000000        0.0000000000000000        0.0000000000000000        0.0000000000000000        0.0000000000000000        0.0000000000000000        0.0000000000000000     
  0.64843749999944666        0.0000000000000000        0.0000000000000000        5.9155826055604284E-004   0.0000000000000000        0.0000000000000000        63078400.000000000        0.0000000000000000        0.0000000000000000        1.5624999999999999E-009   9.9999999999924318E-008   1.5625000000011831E-002   132355973.59117933        1985339603853096.2        999801466138.88684        0.0000000000000000        0.0000000000000000        0.0000000000000000        0.0000000000000000        0.0000000000000000        0.0000000000000000        0.0000000000000000     
  0.66406249999946143        0.0000000000000000        0.0000000000000000       -5.9452550310991055E-004   0.0000000000000000        0.0000000000000000       -34914304.000000000        0.0000000000000000        0.0000000000000000        1.5624999999999999E-009   9.9999999999910461E-008   1.5625000000013978E-002   132355973.59107700        1985339603851838.0        999801466138.88684        0.0000000000000000        0.0000000000000000        0.0000000000000000        0.0000000000000000        0.0000000000000000        0.0000000000000000        0.0000000000000000     
  0.67968749999947464        0.0000000000000000        0.0000000000000000        7.0027500697734133E-004   0.0000000000000000        0.0000000000000000        5570560.0000000000        0.0000000000000000        0.0000000000000000        1.5624999999999999E-009   9.9999999999909760E-008   1.5625000000014110E-002   132355973.59107448        1985339603851812.2        999801466138.88684        0.0000000000000000        0.0000000000000000        0.0000000000000000        0.0000000000000000        0.0000000000000000        0.0000000000000000        0.0000000000000000     
  0.69531249999948963        0.0000000000000000        0.0000000000000000       -6.0634599464767889E-004   0.0000000000000000        0.0000000000000000        24707072.000009503        0.0000000000000000        0.0000000000000000        1.5624999999999999E-009   9.9999999999894831E-008   1.5625000000016421E-002   132355973.59111108        1985339603852659.5        999801466138.88684        0.0000000000000000        0.0000000000000000        0.0000000000000000        0.0000000000000000        0.0000000000000000        0.0000000000000000        0.0000000000000000     
  0.71093749999950751        0.0000000000000000        0.0000000000000000        5.9773363694059437E-004   0.0000000000000000        0.0000000000000000       -55836671.999999978        0.0000000000000000        0.0000000000000000        1.5624999999999999E-009   9.9999999999894116E-008   1.5625000000016553E-002   132355973.59112886        1985339603852938.5        999801466138.88684        0.0000000000000000        0.0000000000000000        0.0000000000000000        0.0000000000000000        0.0000000000000000        0.0000000000000000        0.0000000000000000     
  0.72656249999952272        0.0000000000000000        0.0000000000000000       -4.6266481862804453E-004   0.0000000000000000        0.0000000000000000        90767360.000010908        0.0000000000000000        0.0000000000000000        1.5624999999999999E-009   9.9999999999878129E-008   1.5625000000019030E-002   132355973.59104654        1985339603852023.2        999801466138.88684        0.0000000000000000        0.0000000000000000        0.0000000000000000        0.0000000000000000        0.0000000000000000        0.0000000000000000        0.0000000000000000     
  0.74218749999954559        0.0000000000000000        0.0000000000000000        4.4785644691040718E-004   0.0000000000000000        0.0000000000000000       -123600896.00000000        0.0000000000000000        0.0000000000000000        1.5624999999999999E-009   9.9999999999879558E-008   1.5625000000018829E-002   132355973.59106293        1985339603852238.8        999801466138.88684        0.0000000000000000        0.0000000000000000        0.0000000000000000        0.0000000000000000        0.0000000000000000        0.0000000000000000        0.0000000000000000     
  0.75781249999956035        0.0000000000000000        0.0000000000000000       -3.0339710576413536E-004   0.0000000000000000        0.0000000000000000        147144704.00000659        0.0000000000000000        0.0000000000000000        1.5624999999999999E-009   9.9999999999867117E-008   1.5625000000020754E-002   132355973.59104833        1985339603852268.2        999801466138.88684        0.0000000000000000        0.0000000000000000        0.0000000000000000        0.0000000000000000        0.0000000000000000        0.0000000000000000        0.0000000000000000     
  0.77343749999958711        0.0000000000000000        0.0000000000000000        1.5364532345437596E-004   0.0000000000000000        0.0000000000000000       -157712383.99999923        0.0000000000000000        0.0000000000000000        1.5624999999999999E-009   9.9999999999862856E-008   1.5625000000021431E-002   132355973.59102601        1985339603852017.2        999801466138.88684        0.0000000000000000        0.0000000000000000        0.0000000000000000        0.0000000000000000        0.0000000000000000        0.0000000000000000        0.0000000000000000     
  0.78906249999960321        0.0000000000000000        0.0000000000000000       -7.5549212137134442E-005   0.0000000000000000        0.0000000000000000        155435008.00000000        0.0000000000000000        0.0000000000000000        1.5624999999999999E-009   9.9999999999856106E-008   1.5625000000022485E-002   132355973.59101667        1985339603852011.0        999801466138.88684        0.0000000000000000        0.0000000000000000        0.0000000000000000        0.0000000000000000        0.0000000000000000        0.0000000000000000        0.0000000000000000     
  0.80468749999963207        0.0000000000000000        0.0000000000000000       -9.3593719433515376E-005   0.0000000000000000        0.0000000000000000       -139476992.00000000        0.0000000000000000        0.0000000000000000        1.5624999999999999E-009   9.9999999999844737E-008   1.5625000000024251E-002   132355973.59095284        1985339603851280.2        999801466138.88684        0.0000000000000000        0.0000000000000000        0.0000000000000000        0.0000000000000000        0.0000000000000000        0.0000000000000000        0.0000000000000000     
  0.82031249999965172        0.0000000000000000        0.0000000000000000        3.7030896525498566E-004   0.0000000000000000        0.0000000000000000        107757568.00000009        0.0000000000000000        0.0000000000000000        1.5624999999999999E-009   9.9999999999843321E-008   1.5625000000024491E-002   132355973.59096116        1985339603851431.5        999801466138.88684        0.0000000000000000        0.0000000000000000        0.0000000000000000        0.0000000000000000        0.0000000000000000        0.0000000000000000        0.0000000000000000     
  0.83593749999968103        0.0000000000000000        0.0000000000000000       -5.6611276102755891E-004   0.0000000000000000        0.0000000000000000       -66420736.000000007        0.0000000000000000        0.0000000000000000        1.5624999999999999E-009   9.9999999999823416E-008   1.5625000000027579E-002   132355973.59096205        1985339603851841.8        999801466138.88684        0.0000000000000000        0.0000000000000000        0.0000000000000000        0.0000000000000000        0.0000000000000000        0.0000000000000000        0.0000000000000000     
  0.85156249999970690        0.0000000000000000        0.0000000000000000        7.7019100598066728E-004   0.0000000000000000        0.0000000000000000        37371904.000000000        0.0000000000000000        0.0000000000000000        1.5624999999999999E-009   9.9999999999823786E-008   1.5625000000027540E-002   132355973.59094822        1985339603851625.8        999801466138.88684        0.0000000000000000        0.0000000000000000        0.0000000000000000        0.0000000000000000        0.0000000000000000        0.0000000000000000        0.0000000000000000     
  0.86718749999973610        0.0000000000000000        0.0000000000000000       -8.4150768518977256E-004   0.0000000000000000        0.0000000000000000       -24854528.000000000        0.0000000000000000        0.0000000000000000        1.5624999999999999E-009   9.9999999999818082E-008   1.5625000000028422E-002   132355973.59091476        1985339603851237.5        999801466138.88684        0.0000000000000000        0.0000000000000000        0.0000000000000000        0.0000000000000000        0.0000000000000000        0.0000000000000000        0.0000000000000000     
  0.88281249999976374        0.0000000000000000        0.0000000000000000        9.8216750268004986E-004   0.0000000000000000        0.0000000000000000        21381120.000000000        0.0000000000000000        0.0000000000000000        1.5624999999999999E-009   9.9999999999818095E-008   1.5625000000028422E-002   132355973.59093246        1985339603851503.0        999801466138.88684        0.0000000000000000        0.0000000000000000        0.0000000000000000        0.0000000000000000        0.0000000000000000        0.0000000000000000        0.0000000000000000     
  0.89843749999979294        0.0000000000000000        0.0000000000000000       -9.0872053255335798E-004   0.0000000000000000        0.0000000000000000       -30883840.000000000        0.0000000000000000        0.0000000000000000        1.5624999999999999E-009   9.9999999999820927E-008   1.5625000000027981E-002   132355973.59094316        1985339603851606.5        999801466138.88684        0.0000000000000000        0.0000000000000000        0.0000000000000000        0.0000000000000000        0.0000000000000000        0.0000000000000000        0.0000000000000000     
  0.91406249999981970        0.0000000000000000        0.0000000000000000        7.9629668477639417E-004   0.0000000000000000        0.0000000000000000        50610176.000000000        0.0000000000000000        0.0000000000000000        1.5624999999999999E-009   9.9999999999817725E-008   1.5625000000028474E-002   132355973.59095402        1985339603851834.0        999801466138.88684        0.0000000000000000        0.0000000000000000        0.0000000000000000        0.0000000000000000        0.0000000000000000        0.0000000000000000        0.0000000000000000     
  0.92968749999984990        0.0000000000000000        0.0000000000000000       -5.6426881859216252E-004   0.0000000000000000        0.0000000000000000       -76382208.000000000        0.0000000000000000        0.0000000000000000        1.5624999999999999E-009   9.9999999999826261E-008   1.5625000000027152E-002   132355973.59095122        1985339603851621.2        999801466138.88684        0.0000000000000000        0.0000000000000000        0.0000000000000000        0.0000000000000000        0.0000000000000000        0.0000000000000000        0.0000000000000000     
  0.94531249999987399        0.0000000000000000        0.0000000000000000        4.1962924672369635E-004   0.0000000000000000        0.0000000000000000        103350272.00000066        0.0000000000000000        0.0000000000000000        1.5624999999999999E-009   9.9999999999822357E-008   1.5625000000027749E-002   132355973.59092686        1985339603851334.8        999801466138.88684        0.0000000000000000        0.0000000000000000        0.0000000000000000        0.0000000000000000        0.0000000000000000        0.0000000000000000        0.0000000000000000     
  0.96093749999990541        0.0000000000000000        0.0000000000000000       -1.8220446674284326E-004   0.0000000000000000        0.0000000000000000       -126500864.00000000        0.0000000000000000        0.0000000000000000        1.5624999999999999E-009   9.9999999999830179E-008   1.5625000000026538E-002   132355973.59099217        1985339603852158.0        999801466138.88684        0.0000000000000000        0.0000000000000000        0.0000000000000000        0.0000000000000000        0.0000000000000000        0.0000000000000000        0.0000000000000000     
  0.97656249999992706        0.0000000000000000        0.0000000000000000        6.0598579613769603E-005   0.0000000000000000        0.0000000000000000        141426688.00000021        0.0000000000000000        0.0000000000000000        1.5624999999999999E-009   9.9999999999828035E-008   1.5625000000026864E-002   132355973.59096766        1985339603851833.2        999801466138.88684        0.0000000000000000        0.0000000000000000        0.0000000000000000        0.0000000000000000        0.0000000000000000        0.0000000000000000        0.0000000000000000     
  0.99218749999995914        0.0000000000000000        0.0000000000000000        4.0649623255454513E-005   0.0000000000000000        0.0000000000000000       -143753216.00000000        0.0000000000000000        0.0000000000000000        1.5624999999999999E-009   9.9999999999829120E-008   1.5625000000026697E-002   132355973.59095378        1985339603851603.8        999801466138.88684        0.0000000000000000        0.0000000000000000        0.0000000000000000        0.0000000000000000        0.0000000000000000        0.0000000000000000        0.0000000000000000     
   1.0078124999999805        0.0000000000000000        0.0000000000000000        0.0000000000000000        0.0000000000000000        0.0000000000000000        0.0000000000000000        0.0000000000000000        0.0000000000000000        0.0000000000000000        0.0000000000000000        0.0000000000000000        0.0000000000000000        0.0000000000000000        0.0000000000000000        0.0000000000000000        0.0000000000000000        0.0000000000000000        0.0000000000000000        0.0000000000000000        0.0000000000000000        0.0000000000000000     
   1.0234375000000118        0.0000000000000000        0.0000000000000000        0.0000000000000000        0.0000000000000000        0.0000000000000000        0.0000000000000000        0.0000000000000000        0.0000000000000000        0.0000000000000000        0.0000000000000000        0.0000000000000000        0.0000000000000000        0.0000000000000000        0.0000000000000000        0.0000000000000000        0.0000000000000000        0.0000000000000000        0.0000000000000000        0.0000000000000000        0.0000000000000000        0.0000000000000000     
   1.0390625000000324        0.0000000000000000        0.0000000000000000        0.0000000000000000        0.0000000000000000        0.0000000000000000        0.0000000000000000        0.0000000000000000        0.0000000000000000        0.0000000000000000        0.0000000000000000        0.0000000000000000        0.0000000000000000        0.0000000000000000        0.0000000000000000        0.0000000000000000        0.0000000000000000        0.0000000000000000        0.0000000000000000        0.0000000000000000        0.0000000000000000        0.0000000000000000     
  -1.0390625000000946        0.0000000000000000        0.0000000000000000        0.0000000000000000        0.0000000000000000        0.0000000000000000        0.0000000000000000        0.0000000000000000        0.0000000000000000        0.0000000000000000        0.0000000000000000        0.0000000000000000        0.0000000000000000        0.0000000000000000        0.0000000000000000        0.0000000000000000        0.0000000000000000        0.0000000000000000        0.0000000000000000        0.0000000000000000        0.0000000000000000        0.0000000000000000     
  -1.0234375000000728        0.0000000000000000        0.0000000000000000        0.0000000000000000        0.0000000000000000        0.0000000000000000        0.0000000000000000        0.0000000000000000        0.0000000000000000        0.0000000000000000        0.0000000000000000        0.0000000000000000        0.0000000000000000        0.0000000000000000        0.0000000000000000        0.0000000000000000        0.0000000000000000        0.0000000000000000        0.0000000000000000        0.0000000000000000        0.0000000000000000        0.0000000000000000     
  -1.0078125000000409        0.0000000000000000        0.0000000000000000        0.0000000000000000        0.0000000000000000        0.0000000000000000        0.0000000000000000        0.0000000000000000        0.0000000000000000        0.0000000000000000        0.0000000000000000        0.0000000000000000        0.0000000000000000        0.0000000000000000        0.0000000000000000        0.0000000000000000        0.0000000000000000        0.0000000000000000        0.0000000000000000        0.0000000000000000        0.0000000000000000        0.0000000000000000     
