   6.3000000000000035E-008
 -0.99218750000000000        0.0000000000000000        0.0000000000000000       -5.8985042436060213E-008   0.0000000000000000        0.0000000000000000        0.0000000000000000        0.0000000000000000        0.0000000000000000        1.5624999999999999E-009   9.9999999999999982E-008   1.5625000000000003E-002   50200273.874758296        753004108121370.62        999924699688.82910        0.0000000000000000        0.0000000000000000        0.0000000000000000        0.0000000000000000        0.0000000000000000        0.0000000000000000        0.0000000000000000     
 -0.97656250000000000        0.0000000000000000        0.0000000000000000       -7.3731848875944954E-008   0.0000000000000000        0.0000000000000000        0.0000000000000000        0.0000000000000000        0.0000000000000000        1.5624999999999999E-009   9.9999999999999982E-008   1.5625000000000003E-002   50200273.874758326        753004108121371.12        999924699688.82910        0.0000000000000000        0.0000000000000000        0.0000000000000000        0.0000000000000000        0.0000000000000000        0.0000000000000000        0.0000000000000000     
 -0.96093750000000000        0.0000000000000000        0.0000000000000000       -1.0322542793558615E-007   0.0000000000000000        0.0000000000000000       -2.1041042932008668E-011   0.0000000000000000        0.0000000000000000        1.5624999999999999E-009   9.9999999999999982E-008   1.5625000000000003E-002   50200273.874758370        753004108121371.75        999924699688.82910        0.0000000000000000        0.0000000000000000        0.0000000000000000        0.0000000000000000        0.0000000000000000        0.0000000000000000        0.0000000000000000     
 -0.94531250000000000        0.0000000000000000        0.0000000000000000       -1.1797213488914055E-007   0.0000000000000000        0.0000000000000000       -2.1041042932008668E-011   0.0000000000000000        0.0000000000000000        1.5624999999999999E-009   9.9999999999999982E-008   1.5625000000000003E-002   50200273.874758355        753004108121371.62        999924699688.82910        0.0000000000000000        0.0000000000000000        0.0000000000000000        0.0000000000000000        0.0000000000000000        0.0000000000000000        0.0000000000000000     
 -0.92968750000000000        0.0000000000000000        0.0000000000000000       -1.3271901378182748E-007   0.0000000000000000        0.0000000000000000       -2.1041042932008668E-011   0.0000000000000000        0.0000000000000000        1.5624999999999999E-009   9.9999999999999982E-008   1.5625000000000003E-002   50200273.874758385        753004108121372.00        999924699688.82910        0.0000000000000000        0.0000000000000000        0.0000000000000000        0.0000000000000000        0.0000000000000000        0.0000000000000000        0.0000000000000000     
 -0.91406250000000000        0.0000000000000000        0.0000000000000000       -1.3271896150206767E-007   0.0000000000000000        0.0000000000000000        0.0000000000000000        0.0000000000000000        0.0000000000000000        1.5624999999999999E-009   9.9999999999999982E-008   1.5625000000000003E-002   50200273.874758378        753004108121371.88        999924699688.82910        0.0000000000000000        0.0000000000000000        0.0000000000000000        0.0000000000000000        0.0000000000000000        0.0000000000000000        0.0000000000000000     
 -0.89843750000000000        0.0000000000000000        0.0000000000000000       -5.8985324994977719E-008   0.0000000000000000        0.0000000000000000        0.0000000000000000        0.0000000000000000        0.0000000000000000        1.5624999999999999E-009   9.9999999999999982E-008   1.5625000000000003E-002   50200273.874758326        753004108121371.12        999924699688.82910        0.0000000000000000        0.0000000000000000        0.0000000000000000        0.0000000000000000        0.0000000000000000        0.0000000000000000        0.0000000000000000     
 -0.88281250000000000        0.0000000000000000        0.0000000000000000       -6.6633772715700575E-008   0.0000000000000000        0.0000000000000000        2.1041042932008668E-011   0.0000000000000000        0.0000000000000000        1.5624999999999999E-009   9.9999999999999982E-008   1.5625000000000003E-002   50200273.874758460        753004108121373.00        999924699688.82910        0.0000000000000000        0.0000000000000000        0.0000000000000000        0.0000000000000000        0.0000000000000000        0.0000000000000000        0.0000000000000000     
 -0.86718750000000000        0.0000000000000000        0.0000000000000000       -7.3731974565503627E-008   0.0000000000000000        0.0000000000000000        2.1041042932008668E-011   0.0000000000000000        0.0000000000000000        1.5624999999999999E-009   9.9999999999999982E-008   1.5625000000000003E-002   50200273.874758318        753004108121371.00        999924699688.82910        0.0000000000000000        0.0000000000000000        0.0000000000000000        0.0000000000000000        0.0000000000000000        0.0000000000000000        0.0000000000000000     
 -0.85156250000000000        0.0000000000000000        0.0000000000000000       -5.8985463117203883E-008   0.0000000000000000        0.0000000000000000        2.1041042932008668E-011   0.0000000000000000        0.0000000000000000        1.5624999999999999E-009   9.9999999999999982E-008   1.5625000000000003E-002   50200273.874758258        753004108121370.12        999924699688.82910        0.0000000000000000        0.0000000000000000        0.0000000000000000        0.0000000000000000        0.0000000000000000        0.0000000000000000        0.0000000000000000     
 -0.83593750000000000        0.0000000000000000        0.0000000000000000       -1.1797205339997633E-007   0.0000000000000000        0.0000000000000000        2.1041042932008668E-011   0.0000000000000000        0.0000000000000000        1.5624999999999999E-009   9.9999999999999982E-008   1.5625000000000003E-002   50200273.874758281        753004108121370.38        999924699688.82910        0.0000000000000000        0.0000000000000000        0.0000000000000000        0.0000000000000000        0.0000000000000000        0.0000000000000000        0.0000000000000000     
 -0.82031250000000000        0.0000000000000000        0.0000000000000000       -7.3732338952186208E-008   0.0000000000000000        0.0000000000000000        0.0000000000000000        0.0000000000000000        0.0000000000000000        1.5624999999999999E-009   9.9999999999999982E-008   1.5625000000000003E-002   50200273.874758266        753004108121370.25        999924699688.82910        0.0000000000000000        0.0000000000000000        0.0000000000000000        0.0000000000000000        0.0000000000000000        0.0000000000000000        0.0000000000000000     
 -0.80468750000000000        0.0000000000000000        0.0000000000000000       -8.1380666106515159E-008   0.0000000000000000        0.0000000000000000       -2.1041042932008668E-011   0.0000000000000000        0.0000000000000000        1.5624999999999999E-009   9.9999999999999982E-008   1.5625000000000003E-002   50200273.874758378        753004108121371.88        999924699688.82910        0.0000000000000000        0.0000000000000000        0.0000000000000000        0.0000000000000000        0.0000000000000000        0.0000000000000000        0.0000000000000000     
 -0.78906250000000000        0.0000000000000000        0.0000000000000000       -8.0830741707922984E-008   0.0000000000000000        0.0000000000000000       -2.1041042932008668E-011   0.0000000000000000        0.0000000000000000        1.5624999999999999E-009   9.9999999999999982E-008   1.5625000000000003E-002   50200273.874758340        753004108121371.25        999924699688.82910        0.0000000000000000        0.0000000000000000        0.0000000000000000        0.0000000000000000        0.0000000000000000        0.0000000000000000        0.0000000000000000     
 -0.77343750000000000        0.0000000000000000        0.0000000000000000       -6.6083690573402062E-008   0.0000000000000000        0.0000000000000000        0.0000000000000000        0.0000000000000000        0.0000000000000000        1.5624999999999999E-009   9.9999999999999982E-008   1.5625000000000003E-002   50200273.874758407        753004108121372.25        999924699688.82910        0.0000000000000000        0.0000000000000000        0.0000000000000000        0.0000000000000000        0.0000000000000000        0.0000000000000000        0.0000000000000000     
 -0.75781250000000000        0.0000000000000000        0.0000000000000000       -7.3732481174389273E-008   0.0000000000000000        0.0000000000000000        0.0000000000000000        0.0000000000000000        0.0000000000000000        1.5624999999999999E-009   9.9999999999999982E-008   1.5625000000000003E-002   50200273.874758370        753004108121371.75        999924699688.82910        0.0000000000000000        0.0000000000000000        0.0000000000000000        0.0000000000000000        0.0000000000000000        0.0000000000000000        0.0000000000000000     
 -0.74218750000000000        0.0000000000000000        0.0000000000000000       -7.3732211992820724E-008   0.0000000000000000        0.0000000000000000        0.0000000000000000        0.0000000000000000        0.0000000000000000        1.5624999999999999E-009   9.9999999999999982E-008   1.5625000000000003E-002   50200273.874758415        753004108121372.50        999924699688.82910        0.0000000000000000        0.0000000000000000        0.0000000000000000        0.0000000000000000        0.0000000000000000        0.0000000000000000        0.0000000000000000     
 -0.72656250000000000        0.0000000000000000        0.0000000000000000       -5.8985800824531191E-008   0.0000000000000000        0.0000000000000000        0.0000000000000000        0.0000000000000000        0.0000000000000000        1.5624999999999999E-009   9.9999999999999982E-008   1.5625000000000003E-002   50200273.874758378        753004108121371.88        999924699688.82910        0.0000000000000000        0.0000000000000000        0.0000000000000000        0.0000000000000000        0.0000000000000000        0.0000000000000000        0.0000000000000000     
 -0.71093750000000000        0.0000000000000000        0.0000000000000000       -7.3732263423279439E-008   0.0000000000000000        0.0000000000000000        0.0000000000000000        0.0000000000000000        0.0000000000000000        1.5624999999999999E-009   9.9999999999999982E-008   1.5625000000000003E-002   50200273.874758385        753004108121372.00        999924699688.82910        0.0000000000000000        0.0000000000000000        0.0000000000000000        0.0000000000000000        0.0000000000000000        0.0000000000000000        0.0000000000000000     
 -0.69531250000000000        0.0000000000000000        0.0000000000000000        1.4747735524841484E-008   0.0000000000000000        0.0000000000000000        0.0000000000000000        0.0000000000000000        0.0000000000000000        1.5624999999999999E-009   9.9999999999999982E-008   1.5625000000000003E-002   50200273.874758407        753004108121372.25        999924699688.82910        0.0000000000000000        0.0000000000000000        0.0000000000000000        0.0000000000000000        0.0000000000000000        0.0000000000000000        0.0000000000000000     
 -0.67968750000000000        0.0000000000000000        0.0000000000000000        1.2145342139834209E-012   0.0000000000000000        0.0000000000000000       -2.1041042932008668E-011   0.0000000000000000        0.0000000000000000        1.5624999999999999E-009   9.9999999999999982E-008   1.5625000000000003E-002   50200273.874758415        753004108121372.38        999924699688.82910        0.0000000000000000        0.0000000000000000        0.0000000000000000        0.0000000000000000        0.0000000000000000        0.0000000000000000        0.0000000000000000     
 -0.66406250000000000        0.0000000000000000        0.0000000000000000       -2.2393888802914726E-008   0.0000000000000000        0.0000000000000000       -2.1041042932008668E-011   0.0000000000000000        0.0000000000000000        1.5624999999999999E-009   9.9999999999999982E-008   1.5625000000000003E-002   50200273.874758378        753004108121371.88        999924699688.82910        0.0000000000000000        0.0000000000000000        0.0000000000000000        0.0000000000000000        0.0000000000000000        0.0000000000000000        0.0000000000000000     
 -0.64843750000000000        0.0000000000000000        0.0000000000000000       -4.4238803670431332E-008   0.0000000000000000        0.0000000000000000        0.0000000000000000        0.0000000000000000        0.0000000000000000        1.5624999999999999E-009   9.9999999999999982E-008   1.5625000000000003E-002   50200273.874758370        753004108121371.75        999924699688.82910        0.0000000000000000        0.0000000000000000        0.0000000000000000        0.0000000000000000        0.0000000000000000        0.0000000000000000        0.0000000000000000     
 -0.63281250000000000        0.0000000000000000        0.0000000000000000       -7.3732046205733142E-008   0.0000000000000000        0.0000000000000000        0.0000000000000000        0.0000000000000000        0.0000000000000000        1.5624999999999999E-009   9.9999999999999982E-008   1.5625000000000003E-002   50200273.874758385        753004108121372.00        999924699688.82910        0.0000000000000000        0.0000000000000000        0.0000000000000000        0.0000000000000000        0.0000000000000000        0.0000000000000000        0.0000000000000000     
 -0.61718750000000000        0.0000000000000000        0.0000000000000000       -9.5577015793069918E-008   0.0000000000000000        0.0000000000000000        2.1041042932008668E-011   0.0000000000000000        0.0000000000000000        1.5624999999999999E-009   9.9999999999999982E-008   1.5625000000000003E-002   50200273.874758318        753004108121371.00        999924699688.82910        0.0000000000000000        0.0000000000000000        0.0000000000000000        0.0000000000000000        0.0000000000000000        0.0000000000000000        0.0000000000000000     
 -0.60156250000000000        0.0000000000000000        0.0000000000000000       -2.9491871149689144E-008   0.0000000000000000        0.0000000000000000        2.1041042932008668E-011   0.0000000000000000        0.0000000000000000        1.5624999999999999E-009   9.9999999999999982E-008   1.5625000000000003E-002   50200273.874758281        753004108121370.38        999924699688.82910        0.0000000000000000        0.0000000000000000        0.0000000000000000        0.0000000000000000        0.0000000000000000        0.0000000000000000        0.0000000000000000     
 -0.58593750000000000        0.0000000000000000        0.0000000000000000       -2.9491965123379956E-008   0.0000000000000000        0.0000000000000000        2.1041042932008668E-011   0.0000000000000000        0.0000000000000000        1.5624999999999999E-009   9.9999999999999982E-008   1.5625000000000003E-002   50200273.874758348        753004108121371.38        999924699688.82910        0.0000000000000000        0.0000000000000000        0.0000000000000000        0.0000000000000000        0.0000000000000000        0.0000000000000000        0.0000000000000000     
 -0.57031250000000000        0.0000000000000000        0.0000000000000000       -1.4745124285078336E-008   0.0000000000000000        0.0000000000000000        2.1041042932008668E-011   0.0000000000000000        0.0000000000000000        1.5624999999999999E-009   9.9999999999999982E-008   1.5625000000000003E-002   50200273.874758385        753004108121372.00        999924699688.82910        0.0000000000000000        0.0000000000000000        0.0000000000000000        0.0000000000000000        0.0000000000000000        0.0000000000000000        0.0000000000000000     
 -0.55468750000000000        0.0000000000000000        0.0000000000000000       -2.9491882695507229E-008   0.0000000000000000        0.0000000000000000        2.1041042932008668E-011   0.0000000000000000        0.0000000000000000        1.5624999999999999E-009   9.9999999999999982E-008   1.5625000000000003E-002   50200273.874758355        753004108121371.62        999924699688.82910        0.0000000000000000        0.0000000000000000        0.0000000000000000        0.0000000000000000        0.0000000000000000        0.0000000000000000        0.0000000000000000     
 -0.53906250000000000        0.0000000000000000        0.0000000000000000       -2.9491868361026818E-008   0.0000000000000000        0.0000000000000000        0.0000000000000000        0.0000000000000000        0.0000000000000000        1.5624999999999999E-009   9.9999999999999982E-008   1.5625000000000003E-002   50200273.874758370        753004108121371.75        999924699688.82910        0.0000000000000000        0.0000000000000000        0.0000000000000000        0.0000000000000000        0.0000000000000000        0.0000000000000000        0.0000000000000000     
 -0.52343750000000000        0.0000000000000000        0.0000000000000000       -5.8985417055284741E-008   0.0000000000000000        0.0000000000000000        0.0000000000000000        0.0000000000000000        0.0000000000000000        1.5624999999999999E-009   9.9999999999999982E-008   1.5625000000000003E-002   50200273.874758415        753004108121372.38        999924699688.82910        0.0000000000000000        0.0000000000000000        0.0000000000000000        0.0000000000000000        0.0000000000000000        0.0000000000000000        0.0000000000000000     
 -0.50781250000000000        0.0000000000000000        0.0000000000000000       -4.4238645732294711E-008   0.0000000000000000        0.0000000000000000        0.0000000000000000        0.0000000000000000        0.0000000000000000        1.5624999999999999E-009   9.9999999999999982E-008   1.5625000000000003E-002   50200273.874758437        753004108121372.75        999924699688.82910        0.0000000000000000        0.0000000000000000        0.0000000000000000        0.0000000000000000        0.0000000000000000        0.0000000000000000        0.0000000000000000     
 -0.49218750000000000        0.0000000000000000        0.0000000000000000       -8.8478894103106323E-008   0.0000000000000000        0.0000000000000000        2.1041042932008668E-011   0.0000000000000000        0.0000000000000000        1.5624999999999999E-009   9.9999999999999982E-008   1.5625000000000003E-002   50200273.874758355        753004108121371.50        999924699688.82910        0.0000000000000000        0.0000000000000000        0.0000000000000000        0.0000000000000000        0.0000000000000000        0.0000000000000000        0.0000000000000000     
 -0.47656250000000000        0.0000000000000000        0.0000000000000000       -1.1797225889262918E-007   0.0000000000000000        0.0000000000000000        2.1041042932008668E-011   0.0000000000000000        0.0000000000000000        1.5624999999999999E-009   9.9999999999999982E-008   1.5625000000000003E-002   50200273.874758378        753004108121371.88        999924699688.82910        0.0000000000000000        0.0000000000000000        0.0000000000000000        0.0000000000000000        0.0000000000000000        0.0000000000000000        0.0000000000000000     
 -0.46093750000000000        0.0000000000000000        0.0000000000000000       -2.9492022423777370E-008   0.0000000000000000        0.0000000000000000        2.1041042932008668E-011   0.0000000000000000        0.0000000000000000        1.5624999999999999E-009   9.9999999999999982E-008   1.5625000000000003E-002   50200273.874758407        753004108121372.25        999924699688.82910        0.0000000000000000        0.0000000000000000        0.0000000000000000        0.0000000000000000        0.0000000000000000        0.0000000000000000        0.0000000000000000     
 -0.44531250000000000        0.0000000000000000        0.0000000000000000       -2.9492069797926324E-008   0.0000000000000000        0.0000000000000000        2.1041042932008668E-011   0.0000000000000000        0.0000000000000000        1.5624999999999999E-009   9.9999999999999982E-008   1.5625000000000003E-002   50200273.874758281        753004108121370.38        999924699688.82910        0.0000000000000000        0.0000000000000000        0.0000000000000000        0.0000000000000000        0.0000000000000000        0.0000000000000000        0.0000000000000000     
 -0.42968750000000000        0.0000000000000000        0.0000000000000000       -2.9492126067765118E-008   0.0000000000000000        0.0000000000000000        0.0000000000000000        0.0000000000000000        0.0000000000000000        1.5624999999999999E-009   9.9999999999999982E-008   1.5625000000000003E-002   50200273.874758311        753004108121370.88        999924699688.82910        0.0000000000000000        0.0000000000000000        0.0000000000000000        0.0000000000000000        0.0000000000000000        0.0000000000000000        0.0000000000000000     
 -0.41406250000000000        0.0000000000000000        0.0000000000000000       -6.6633951795705193E-008   0.0000000000000000        0.0000000000000000       -2.1041042932008668E-011   0.0000000000000000        0.0000000000000000        1.5624999999999999E-009   9.9999999999999982E-008   1.5625000000000003E-002   50200273.874758370        753004108121371.75        999924699688.82910        0.0000000000000000        0.0000000000000000        0.0000000000000000        0.0000000000000000        0.0000000000000000        0.0000000000000000        0.0000000000000000     
 -0.39843750000000000        0.0000000000000000        0.0000000000000000       -5.8985587496943451E-008   0.0000000000000000        0.0000000000000000       -2.1041042932008668E-011   0.0000000000000000        0.0000000000000000        1.5624999999999999E-009   9.9999999999999982E-008   1.5625000000000003E-002   50200273.874758400        753004108121372.12        999924699688.82910        0.0000000000000000        0.0000000000000000        0.0000000000000000        0.0000000000000000        0.0000000000000000        0.0000000000000000        0.0000000000000000     
 -0.38281250000000000        0.0000000000000000        0.0000000000000000       -5.8985655892104214E-008   0.0000000000000000        0.0000000000000000        0.0000000000000000        0.0000000000000000        0.0000000000000000        1.5624999999999999E-009   9.9999999999999982E-008   1.5625000000000003E-002   50200273.874758400        753004108121372.12        999924699688.82910        0.0000000000000000        0.0000000000000000        0.0000000000000000        0.0000000000000000        0.0000000000000000        0.0000000000000000        0.0000000000000000     
 -0.36718750000000000        0.0000000000000000        0.0000000000000000       -1.1797235618360397E-007   0.0000000000000000        0.0000000000000000        0.0000000000000000        0.0000000000000000        0.0000000000000000        1.5624999999999999E-009   9.9999999999999982E-008   1.5625000000000003E-002   50200273.874758415        753004108121372.38        999924699688.82910        0.0000000000000000        0.0000000000000000        0.0000000000000000        0.0000000000000000        0.0000000000000000        0.0000000000000000        0.0000000000000000     
 -0.35156250000000000        0.0000000000000000        0.0000000000000000       -9.6127461434215468E-008   0.0000000000000000        0.0000000000000000        2.1041042932008668E-011   0.0000000000000000        0.0000000000000000        1.5624999999999999E-009   9.9999999999999982E-008   1.5625000000000003E-002   50200273.874758556        753004108121374.50        999924699688.82910        0.0000000000000000        0.0000000000000000        0.0000000000000000        0.0000000000000000        0.0000000000000000        0.0000000000000000        0.0000000000000000     
 -0.33593750000000000        0.0000000000000000        0.0000000000000000       -4.4238698009879461E-008   0.0000000000000000        0.0000000000000000        2.1041042932008668E-011   0.0000000000000000        0.0000000000000000        1.5624999999999999E-009   9.9999999999999982E-008   1.5625000000000003E-002   50200273.874758519        753004108121373.88        999924699688.82910        0.0000000000000000        0.0000000000000000        0.0000000000000000        0.0000000000000000        0.0000000000000000        0.0000000000000000        0.0000000000000000     
 -0.32031250000000000        0.0000000000000000        0.0000000000000000       -1.4745153378012451E-008   0.0000000000000000        0.0000000000000000        2.1041042932008668E-011   0.0000000000000000        0.0000000000000000        1.5624999999999999E-009   9.9999999999999982E-008   1.5625000000000003E-002   50200273.874758460        753004108121373.00        999924699688.82910        0.0000000000000000        0.0000000000000000        0.0000000000000000        0.0000000000000000        0.0000000000000000        0.0000000000000000        0.0000000000000000     
 -0.30468750000000000        0.0000000000000000        0.0000000000000000       -1.4745156338763789E-008   0.0000000000000000        0.0000000000000000        2.1041042932008668E-011   0.0000000000000000        0.0000000000000000        1.5624999999999999E-009   9.9999999999999982E-008   1.5625000000000003E-002   50200273.874758415        753004108121372.38        999924699688.82910        0.0000000000000000        0.0000000000000000        0.0000000000000000        0.0000000000000000        0.0000000000000000        0.0000000000000000        0.0000000000000000     
 -0.28906250000000000        0.0000000000000000        0.0000000000000000       -2.9491906531625668E-008   0.0000000000000000        0.0000000000000000        2.1041042932008668E-011   0.0000000000000000        0.0000000000000000        1.5624999999999999E-009   9.9999999999999982E-008   1.5625000000000003E-002   50200273.874758370        753004108121371.75        999924699688.82910        0.0000000000000000        0.0000000000000000        0.0000000000000000        0.0000000000000000        0.0000000000000000        0.0000000000000000        0.0000000000000000     
 -0.27343750000000000        0.0000000000000000        0.0000000000000000        1.4413702453815256E-012   0.0000000000000000        0.0000000000000000        0.0000000000000000        0.0000000000000000        0.0000000000000000        1.5624999999999999E-009   9.9999999999999982E-008   1.5625000000000003E-002   50200273.874758311        753004108121370.75        999924699688.82910        0.0000000000000000        0.0000000000000000        0.0000000000000000        0.0000000000000000        0.0000000000000000        0.0000000000000000        0.0000000000000000     
 -0.25781250000000000        0.0000000000000000        0.0000000000000000       -1.4745570763878655E-008   0.0000000000000000        0.0000000000000000       -2.1041042932008668E-011   0.0000000000000000        0.0000000000000000        1.5624999999999999E-009   9.9999999999999982E-008   1.5625000000000003E-002   50200273.874758340        753004108121371.25        999924699688.82910        0.0000000000000000        0.0000000000000000        0.0000000000000000        0.0000000000000000        0.0000000000000000        0.0000000000000000        0.0000000000000000     
 -0.24218750000000000        0.0000000000000000        0.0000000000000000       -8.1380720140248323E-008   0.0000000000000000        0.0000000000000000        0.0000000000000000        0.0000000000000000        0.0000000000000000        1.5624999999999999E-009   9.9999999999999982E-008   1.5625000000000003E-002   50200273.874758311        753004108121370.88        999924699688.82910        0.0000000000000000        0.0000000000000000        0.0000000000000000        0.0000000000000000        0.0000000000000000        0.0000000000000000        0.0000000000000000     
 -0.22656250000000000        0.0000000000000000        0.0000000000000000       -9.5577651558072913E-008   0.0000000000000000        0.0000000000000000        0.0000000000000000        0.0000000000000000        0.0000000000000000        1.5624999999999999E-009   9.9999999999999982E-008   1.5625000000000003E-002   50200273.874758415        753004108121372.50        999924699688.82910        0.0000000000000000        0.0000000000000000        0.0000000000000000        0.0000000000000000        0.0000000000000000        0.0000000000000000        0.0000000000000000     
 -0.21093750000000000        0.0000000000000000        0.0000000000000000       -8.1380801381441302E-008   0.0000000000000000        0.0000000000000000       -2.1041042932008668E-011   0.0000000000000000        0.0000000000000000        1.5624999999999999E-009   9.9999999999999982E-008   1.5625000000000003E-002   50200273.874758415        753004108121372.38        999924699688.82910        0.0000000000000000        0.0000000000000000        0.0000000000000000        0.0000000000000000        0.0000000000000000        0.0000000000000000        0.0000000000000000     
 -0.19531250000000000        0.0000000000000000        0.0000000000000000       -5.8985784338145783E-008   0.0000000000000000        0.0000000000000000        0.0000000000000000        0.0000000000000000        0.0000000000000000        1.5624999999999999E-009   9.9999999999999982E-008   1.5625000000000003E-002   50200273.874758467        753004108121373.12        999924699688.82910        0.0000000000000000        0.0000000000000000        0.0000000000000000        0.0000000000000000        0.0000000000000000        0.0000000000000000        0.0000000000000000     
 -0.17968750000000000        0.0000000000000000        0.0000000000000000       -1.4745243049309023E-008   0.0000000000000000        0.0000000000000000        0.0000000000000000        0.0000000000000000        0.0000000000000000        1.5624999999999999E-009   9.9999999999999982E-008   1.5625000000000003E-002   50200273.874758415        753004108121372.38        999924699688.82910        0.0000000000000000        0.0000000000000000        0.0000000000000000        0.0000000000000000        0.0000000000000000        0.0000000000000000        0.0000000000000000     
 -0.16406250000000000        0.0000000000000000        0.0000000000000000       -5.1337183948903886E-008   0.0000000000000000        0.0000000000000000        0.0000000000000000        0.0000000000000000        0.0000000000000000        1.5624999999999999E-009   9.9999999999999982E-008   1.5625000000000003E-002   50200273.874758475        753004108121373.38        999924699688.82910        0.0000000000000000        0.0000000000000000        0.0000000000000000        0.0000000000000000        0.0000000000000000        0.0000000000000000        0.0000000000000000     
 -0.14843750000000000        0.0000000000000000        0.0000000000000000       -5.1886875186762344E-008   0.0000000000000000        0.0000000000000000        0.0000000000000000        0.0000000000000000        0.0000000000000000        1.5624999999999999E-009   9.9999999999999982E-008   1.5625000000000003E-002   50200273.874758475        753004108121373.38        999924699688.82910        0.0000000000000000        0.0000000000000000        0.0000000000000000        0.0000000000000000        0.0000000000000000        0.0000000000000000        0.0000000000000000     
 -0.13281250000000000        0.0000000000000000        0.0000000000000000       -3.7316464732966187E-008   0.0000000000000000        0.0000000000000000        0.0000000000000000        0.0000000000000000        0.0000000000000000        1.5624999999999999E-009   9.9999999999999982E-008   1.5625000000000003E-002   50200273.874758504        753004108121373.75        999924699688.82910        0.0000000000000000        0.0000000000000000        0.0000000000000000        0.0000000000000000        0.0000000000000000        0.0000000000000000        0.0000000000000000     
 -0.11718750000000000        0.0000000000000000        0.0000000000000000       -6.6083189921143480E-008   0.0000000000000000        0.0000000000000000        0.0000000000000000        0.0000000000000000        0.0000000000000000        1.5624999999999999E-009   9.9999999999999982E-008   1.5625000000000003E-002   50200273.874758467        753004108121373.12        999924699688.82910        0.0000000000000000        0.0000000000000000        0.0000000000000000        0.0000000000000000        0.0000000000000000        0.0000000000000000        0.0000000000000000     
 -0.10156250000000000        0.0000000000000000        0.0000000000000000       -5.8985417815326319E-008   0.0000000000000000        0.0000000000000000        2.1041042932008668E-011   0.0000000000000000        0.0000000000000000        1.5624999999999999E-009   9.9999999999999982E-008   1.5625000000000003E-002   50200273.874758415        753004108121372.38        999924699688.82910        0.0000000000000000        0.0000000000000000        0.0000000000000000        0.0000000000000000        0.0000000000000000        0.0000000000000000        0.0000000000000000     
  -8.5937500000000000E-002   0.0000000000000000        0.0000000000000000       -8.8478283482027459E-008   0.0000000000000000        0.0000000000000000        2.1041042932008668E-011   0.0000000000000000        0.0000000000000000        1.5624999999999999E-009   9.9999999999999982E-008   1.5625000000000003E-002   50200273.874758467        753004108121373.25        999924699688.82910        0.0000000000000000        0.0000000000000000        0.0000000000000000        0.0000000000000000        0.0000000000000000        0.0000000000000000        0.0000000000000000     
  -7.0312500000000000E-002   0.0000000000000000        0.0000000000000000       -4.4238446124570911E-008   0.0000000000000000        0.0000000000000000        2.1041042932008668E-011   0.0000000000000000        0.0000000000000000        1.5624999999999999E-009   9.9999999999999982E-008   1.5625000000000003E-002   50200273.874758437        753004108121372.75        999924699688.82910        0.0000000000000000        0.0000000000000000        0.0000000000000000        0.0000000000000000        0.0000000000000000        0.0000000000000000        0.0000000000000000     
  -5.4687500000000000E-002   0.0000000000000000        0.0000000000000000       -2.9491352153493271E-008   0.0000000000000000        0.0000000000000000        2.1041042932008668E-011   0.0000000000000000        0.0000000000000000        1.5624999999999999E-009   9.9999999999999982E-008   1.5625000000000003E-002   50200273.874758460        753004108121373.00        999924699688.82910        0.0000000000000000        0.0000000000000000        0.0000000000000000        0.0000000000000000        0.0000000000000000        0.0000000000000000        0.0000000000000000     
  -3.9062500000000000E-002   0.0000000000000000        0.0000000000000000       -2.9491733153610703E-008   0.0000000000000000        0.0000000000000000        2.1041042932008668E-011   0.0000000000000000        0.0000000000000000        1.5624999999999999E-009   9.9999999999999982E-008   1.5625000000000003E-002   50200273.874758385        753004108121372.00        999924699688.82910        0.0000000000000000        0.0000000000000000        0.0000000000000000        0.0000000000000000        0.0000000000000000        0.0000000000000000        0.0000000000000000     
  -2.3437500000000000E-002   0.0000000000000000        0.0000000000000000       -7.3731700141283373E-008   0.0000000000000000        0.0000000000000000        0.0000000000000000        0.0000000000000000        0.0000000000000000        1.5624999999999999E-009   9.9999999999999982E-008   1.5625000000000003E-002   50200273.874758311        753004108121370.88        999924699688.82910        0.0000000000000000        0.0000000000000000        0.0000000000000000        0.0000000000000000        0.0000000000000000        0.0000000000000000        0.0000000000000000     
  -7.8125000000000000E-003   0.0000000000000000        0.0000000000000000       -8.8478815985805278E-008   0.0000000000000000        0.0000000000000000       -2.1041042932008668E-011   0.0000000000000000        0.0000000000000000        1.5624999999999999E-009   9.9999999999999982E-008   1.5625000000000003E-002   50200273.874758378        753004108121371.88        999924699688.82910        0.0000000000000000        0.0000000000000000        0.0000000000000000        0.0000000000000000        0.0000000000000000        0.0000000000000000        0.0000000000000000     
   7.8125000000000000E-003   0.0000000000000000        0.0000000000000000       -1.0322531416663564E-007   0.0000000000000000        0.0000000000000000        0.0000000000000000        0.0000000000000000        0.0000000000000000        1.5624999999999999E-009   9.9999999999999982E-008   1.5625000000000003E-002   50200273.874758407        753004108121372.25        999924699688.82910        0.0000000000000000        0.0000000000000000        0.0000000000000000        0.0000000000000000        0.0000000000000000        0.0000000000000000        0.0000000000000000     
   2.3437500000000000E-002   0.0000000000000000        0.0000000000000000       -1.1797241922509782E-007   0.0000000000000000        0.0000000000000000        0.0000000000000000        0.0000000000000000        0.0000000000000000        1.5624999999999999E-009   9.9999999999999982E-008   1.5625000000000003E-002   50200273.874758326        753004108121371.12        999924699688.82910        0.0000000000000000        0.0000000000000000        0.0000000000000000        0.0000000000000000        0.0000000000000000        0.0000000000000000        0.0000000000000000     
   3.9062500000000000E-002   0.0000000000000000        0.0000000000000000       -1.2562066488578156E-007   0.0000000000000000        0.0000000000000000        0.0000000000000000        0.0000000000000000        0.0000000000000000        1.5624999999999999E-009   9.9999999999999982E-008   1.5625000000000003E-002   50200273.874758415        753004108121372.38        999924699688.82910        0.0000000000000000        0.0000000000000000        0.0000000000000000        0.0000000000000000        0.0000000000000000        0.0000000000000000        0.0000000000000000     
   5.4687500000000000E-002   0.0000000000000000        0.0000000000000000       -5.1887083678209186E-008   0.0000000000000000        0.0000000000000000        0.0000000000000000        0.0000000000000000        0.0000000000000000        1.5624999999999999E-009   9.9999999999999982E-008   1.5625000000000003E-002   50200273.874758415        753004108121372.50        999924699688.82910        0.0000000000000000        0.0000000000000000        0.0000000000000000        0.0000000000000000        0.0000000000000000        0.0000000000000000        0.0000000000000000     
   7.0312500000000000E-002   0.0000000000000000        0.0000000000000000       -9.6127198220455242E-008   0.0000000000000000        0.0000000000000000        0.0000000000000000        0.0000000000000000        0.0000000000000000        1.5624999999999999E-009   9.9999999999999982E-008   1.5625000000000003E-002   50200273.874758340        753004108121371.25        999924699688.82910        0.0000000000000000        0.0000000000000000        0.0000000000000000        0.0000000000000000        0.0000000000000000        0.0000000000000000        0.0000000000000000     
   8.5937500000000000E-002   0.0000000000000000        0.0000000000000000       -9.5577199129262552E-008   0.0000000000000000        0.0000000000000000        0.0000000000000000        0.0000000000000000        0.0000000000000000        1.5624999999999999E-009   9.9999999999999982E-008   1.5625000000000003E-002   50200273.874758460        753004108121373.00        999924699688.82910        0.0000000000000000        0.0000000000000000        0.0000000000000000        0.0000000000000000        0.0000000000000000        0.0000000000000000        0.0000000000000000     
  0.10156250000000000        0.0000000000000000        0.0000000000000000       -8.1380503543470675E-008   0.0000000000000000        0.0000000000000000       -2.1041042932008668E-011   0.0000000000000000        0.0000000000000000        1.5624999999999999E-009   9.9999999999999982E-008   1.5625000000000003E-002   50200273.874758378        753004108121371.88        999924699688.82910        0.0000000000000000        0.0000000000000000        0.0000000000000000        0.0000000000000000        0.0000000000000000        0.0000000000000000        0.0000000000000000     
  0.11718750000000000        0.0000000000000000        0.0000000000000000       -1.1797228277995298E-007   0.0000000000000000        0.0000000000000000       -2.1041042932008668E-011   0.0000000000000000        0.0000000000000000        1.5624999999999999E-009   9.9999999999999982E-008   1.5625000000000003E-002   50200273.874758460        753004108121373.00        999924699688.82910        0.0000000000000000        0.0000000000000000        0.0000000000000000        0.0000000000000000        0.0000000000000000        0.0000000000000000        0.0000000000000000     
  0.13281250000000000        0.0000000000000000        0.0000000000000000       -8.8478853100920353E-008   0.0000000000000000        0.0000000000000000        0.0000000000000000        0.0000000000000000        0.0000000000000000        1.5624999999999999E-009   9.9999999999999982E-008   1.5625000000000003E-002   50200273.874758445        753004108121372.88        999924699688.82910        0.0000000000000000        0.0000000000000000        0.0000000000000000        0.0000000000000000        0.0000000000000000        0.0000000000000000        0.0000000000000000     
  0.14843750000000000        0.0000000000000000        0.0000000000000000       -8.8478594870759059E-008   0.0000000000000000        0.0000000000000000        0.0000000000000000        0.0000000000000000        0.0000000000000000        1.5624999999999999E-009   9.9999999999999982E-008   1.5625000000000003E-002   50200273.874758437        753004108121372.75        999924699688.82910        0.0000000000000000        0.0000000000000000        0.0000000000000000        0.0000000000000000        0.0000000000000000        0.0000000000000000        0.0000000000000000     
  0.16406250000000000        0.0000000000000000        0.0000000000000000       -7.3731718771484766E-008   0.0000000000000000        0.0000000000000000        2.1041042932008668E-011   0.0000000000000000        0.0000000000000000        1.5624999999999999E-009   9.9999999999999982E-008   1.5625000000000003E-002   50200273.874758564        753004108121374.62        999924699688.82910        0.0000000000000000        0.0000000000000000        0.0000000000000000        0.0000000000000000        0.0000000000000000        0.0000000000000000        0.0000000000000000     
  0.17968750000000000        0.0000000000000000        0.0000000000000000       -3.7139944016702983E-008   0.0000000000000000        0.0000000000000000        2.1041042932008668E-011   0.0000000000000000        0.0000000000000000        1.5624999999999999E-009   9.9999999999999982E-008   1.5625000000000003E-002   50200273.874758489        753004108121373.50        999924699688.82910        0.0000000000000000        0.0000000000000000        0.0000000000000000        0.0000000000000000        0.0000000000000000        0.0000000000000000        0.0000000000000000     
  0.19531250000000000        0.0000000000000000        0.0000000000000000       -7.0964129294313554E-009   0.0000000000000000        0.0000000000000000        2.1041042932008668E-011   0.0000000000000000        0.0000000000000000        1.5624999999999999E-009   9.9999999999999982E-008   1.5625000000000003E-002   50200273.874758467        753004108121373.12        999924699688.82910        0.0000000000000000        0.0000000000000000        0.0000000000000000        0.0000000000000000        0.0000000000000000        0.0000000000000000        0.0000000000000000     
  0.21093750000000000        0.0000000000000000        0.0000000000000000       -3.7139792851713982E-008   0.0000000000000000        0.0000000000000000        2.1041042932008668E-011   0.0000000000000000        0.0000000000000000        1.5624999999999999E-009   9.9999999999999982E-008   1.5625000000000003E-002   50200273.874758437        753004108121372.75        999924699688.82910        0.0000000000000000        0.0000000000000000        0.0000000000000000        0.0000000000000000        0.0000000000000000        0.0000000000000000        0.0000000000000000     
  0.22656250000000000        0.0000000000000000        0.0000000000000000       -6.6083220855444660E-008   0.0000000000000000        0.0000000000000000        2.1041042932008668E-011   0.0000000000000000        0.0000000000000000        1.5624999999999999E-009   9.9999999999999982E-008   1.5625000000000003E-002   50200273.874758415        753004108121372.38        999924699688.82910        0.0000000000000000        0.0000000000000000        0.0000000000000000        0.0000000000000000        0.0000000000000000        0.0000000000000000        0.0000000000000000     
  0.24218750000000000        0.0000000000000000        0.0000000000000000       -9.6126628990579050E-008   0.0000000000000000        0.0000000000000000        0.0000000000000000        0.0000000000000000        0.0000000000000000        1.5624999999999999E-009   9.9999999999999982E-008   1.5625000000000003E-002   50200273.874758407        753004108121372.25        999924699688.82910        0.0000000000000000        0.0000000000000000        0.0000000000000000        0.0000000000000000        0.0000000000000000        0.0000000000000000        0.0000000000000000     
  0.25781250000000000        0.0000000000000000        0.0000000000000000       -1.1087375816165075E-007   0.0000000000000000        0.0000000000000000       -2.1041042932008668E-011   0.0000000000000000        0.0000000000000000        1.5624999999999999E-009   9.9999999999999982E-008   1.5625000000000003E-002   50200273.874758467        753004108121373.12        999924699688.82910        0.0000000000000000        0.0000000000000000        0.0000000000000000        0.0000000000000000        0.0000000000000000        0.0000000000000000        0.0000000000000000     
  0.27343750000000000        0.0000000000000000        0.0000000000000000       -6.6083165669228238E-008   0.0000000000000000        0.0000000000000000        0.0000000000000000        0.0000000000000000        0.0000000000000000        1.5624999999999999E-009   9.9999999999999982E-008   1.5625000000000003E-002   50200273.874758460        753004108121373.00        999924699688.82910        0.0000000000000000        0.0000000000000000        0.0000000000000000        0.0000000000000000        0.0000000000000000        0.0000000000000000        0.0000000000000000     
  0.28906250000000000        0.0000000000000000        0.0000000000000000       -5.8985242131624036E-008   0.0000000000000000        0.0000000000000000        0.0000000000000000        0.0000000000000000        0.0000000000000000        1.5624999999999999E-009   9.9999999999999982E-008   1.5625000000000003E-002   50200273.874758340        753004108121371.25        999924699688.82910        0.0000000000000000        0.0000000000000000        0.0000000000000000        0.0000000000000000        0.0000000000000000        0.0000000000000000        0.0000000000000000     
  0.30468750000000000        0.0000000000000000        0.0000000000000000       -8.8478438318869425E-008   0.0000000000000000        0.0000000000000000       -2.1041042932008668E-011   0.0000000000000000        0.0000000000000000        1.5624999999999999E-009   9.9999999999999982E-008   1.5625000000000003E-002   50200273.874758467        753004108121373.12        999924699688.82910        0.0000000000000000        0.0000000000000000        0.0000000000000000        0.0000000000000000        0.0000000000000000        0.0000000000000000        0.0000000000000000     
  0.32031250000000000        0.0000000000000000        0.0000000000000000       -8.8478510970473736E-008   0.0000000000000000        0.0000000000000000        0.0000000000000000        0.0000000000000000        0.0000000000000000        1.5624999999999999E-009   9.9999999999999982E-008   1.5625000000000003E-002   50200273.874758489        753004108121373.50        999924699688.82910        0.0000000000000000        0.0000000000000000        0.0000000000000000        0.0000000000000000        0.0000000000000000        0.0000000000000000        0.0000000000000000     
  0.33593750000000000        0.0000000000000000        0.0000000000000000       -1.1797181887055903E-007   0.0000000000000000        0.0000000000000000        0.0000000000000000        0.0000000000000000        0.0000000000000000        1.5624999999999999E-009   9.9999999999999982E-008   1.5625000000000003E-002   50200273.874758519        753004108121373.88        999924699688.82910        0.0000000000000000        0.0000000000000000        0.0000000000000000        0.0000000000000000        0.0000000000000000        0.0000000000000000        0.0000000000000000     
  0.35156250000000000        0.0000000000000000        0.0000000000000000       -8.8478200916585103E-008   0.0000000000000000        0.0000000000000000        0.0000000000000000        0.0000000000000000        0.0000000000000000        1.5624999999999999E-009   9.9999999999999982E-008   1.5625000000000003E-002   50200273.874758475        753004108121373.38        999924699688.82910        0.0000000000000000        0.0000000000000000        0.0000000000000000        0.0000000000000000        0.0000000000000000        0.0000000000000000        0.0000000000000000     
  0.36718750000000000        0.0000000000000000        0.0000000000000000       -1.1104928140385486E-007   0.0000000000000000        0.0000000000000000        0.0000000000000000        0.0000000000000000        0.0000000000000000        1.5624999999999999E-009   9.9999999999999982E-008   1.5625000000000003E-002   50200273.874758467        753004108121373.12        999924699688.82910        0.0000000000000000        0.0000000000000000        0.0000000000000000        0.0000000000000000        0.0000000000000000        0.0000000000000000        0.0000000000000000     
  0.38281250000000000        0.0000000000000000        0.0000000000000000       -1.1014709823627631E-007   0.0000000000000000        0.0000000000000000       -2.1041042932008668E-011   0.0000000000000000        0.0000000000000000        1.5624999999999999E-009   9.9999999999999982E-008   1.5625000000000003E-002   50200273.874758467        753004108121373.12        999924699688.82910        0.0000000000000000        0.0000000000000000        0.0000000000000000        0.0000000000000000        0.0000000000000000        0.0000000000000000        0.0000000000000000     
  0.39843750000000000        0.0000000000000000        0.0000000000000000       -1.1014712761784261E-007   0.0000000000000000        0.0000000000000000        0.0000000000000000        0.0000000000000000        0.0000000000000000        1.5624999999999999E-009   9.9999999999999982E-008   1.5625000000000003E-002   50200273.874758519        753004108121374.00        999924699688.82910        0.0000000000000000        0.0000000000000000        0.0000000000000000        0.0000000000000000        0.0000000000000000        0.0000000000000000        0.0000000000000000     
  0.41406250000000000        0.0000000000000000        0.0000000000000000       -5.2061813012876075E-008   0.0000000000000000        0.0000000000000000        0.0000000000000000        0.0000000000000000        0.0000000000000000        1.5624999999999999E-009   9.9999999999999982E-008   1.5625000000000003E-002   50200273.874758519        753004108121373.88        999924699688.82910        0.0000000000000000        0.0000000000000000        0.0000000000000000        0.0000000000000000        0.0000000000000000        0.0000000000000000        0.0000000000000000     
  0.42968750000000000        0.0000000000000000        0.0000000000000000       -5.8984181221685048E-008   0.0000000000000000        0.0000000000000000        2.1041042932008668E-011   0.0000000000000000        0.0000000000000000        1.5624999999999999E-009   9.9999999999999982E-008   1.5625000000000003E-002   50200273.874758519        753004108121373.88        999924699688.82910        0.0000000000000000        0.0000000000000000        0.0000000000000000        0.0000000000000000        0.0000000000000000        0.0000000000000000        0.0000000000000000     
  0.44531250000000000        0.0000000000000000        0.0000000000000000       -7.3730565826265827E-008   0.0000000000000000        0.0000000000000000        2.1041042932008668E-011   0.0000000000000000        0.0000000000000000        1.5624999999999999E-009   9.9999999999999982E-008   1.5625000000000003E-002   50200273.874758564        753004108121374.75        999924699688.82910        0.0000000000000000        0.0000000000000000        0.0000000000000000        0.0000000000000000        0.0000000000000000        0.0000000000000000        0.0000000000000000     
  0.46093750000000000        0.0000000000000000        0.0000000000000000       -7.3730575295590048E-008   0.0000000000000000        0.0000000000000000        2.1041042932008668E-011   0.0000000000000000        0.0000000000000000        1.5624999999999999E-009   9.9999999999999982E-008   1.5625000000000003E-002   50200273.874758564        753004108121374.62        999924699688.82910        0.0000000000000000        0.0000000000000000        0.0000000000000000        0.0000000000000000        0.0000000000000000        0.0000000000000000        0.0000000000000000     
  0.47656250000000000        0.0000000000000000        0.0000000000000000       -5.8983556658251953E-008   0.0000000000000000        0.0000000000000000        2.1041042932008668E-011   0.0000000000000000        0.0000000000000000        1.5624999999999999E-009   9.9999999999999982E-008   1.5625000000000003E-002   50200273.874758415        753004108121372.50        999924699688.82910        0.0000000000000000        0.0000000000000000        0.0000000000000000        0.0000000000000000        0.0000000000000000        0.0000000000000000        0.0000000000000000     
  0.49218750000000000        0.0000000000000000        0.0000000000000000       -1.0322382811121538E-007   0.0000000000000000        0.0000000000000000        2.1041042932008668E-011   0.0000000000000000        0.0000000000000000        1.5624999999999999E-009   9.9999999999999982E-008   1.5625000000000003E-002   50200273.874758415        753004108121372.38        999924699688.82910        0.0000000000000000        0.0000000000000000        0.0000000000000000        0.0000000000000000        0.0000000000000000        0.0000000000000000        0.0000000000000000     
  0.50781250000000000        0.0000000000000000        0.0000000000000000       -8.8477012564498883E-008   0.0000000000000000        0.0000000000000000        0.0000000000000000        0.0000000000000000        0.0000000000000000        1.5624999999999999E-009   9.9999999999999982E-008   1.5625000000000003E-002   50200273.874758460        753004108121373.00        999924699688.82910        0.0000000000000000        0.0000000000000000        0.0000000000000000        0.0000000000000000        0.0000000000000000        0.0000000000000000        0.0000000000000000     
  0.52343750000000000        0.0000000000000000        0.0000000000000000       -5.8983709861257572E-008   0.0000000000000000        0.0000000000000000        0.0000000000000000        0.0000000000000000        0.0000000000000000        1.5624999999999999E-009   9.9999999999999982E-008   1.5625000000000003E-002   50200273.874758437        753004108121372.75        999924699688.82910        0.0000000000000000        0.0000000000000000        0.0000000000000000        0.0000000000000000        0.0000000000000000        0.0000000000000000        0.0000000000000000     
  0.53906250000000000        0.0000000000000000        0.0000000000000000       -6.6631954563089652E-008   0.0000000000000000        0.0000000000000000        0.0000000000000000        0.0000000000000000        0.0000000000000000        1.5624999999999999E-009   9.9999999999999982E-008   1.5625000000000003E-002   50200273.874758467        753004108121373.25        999924699688.82910        0.0000000000000000        0.0000000000000000        0.0000000000000000        0.0000000000000000        0.0000000000000000        0.0000000000000000        0.0000000000000000     
  0.55468750000000000        0.0000000000000000        0.0000000000000000       -4.4236996302112809E-008   0.0000000000000000        0.0000000000000000        2.1041042932008668E-011   0.0000000000000000        0.0000000000000000        1.5624999999999999E-009   9.9999999999999982E-008   1.5625000000000003E-002   50200273.874758385        753004108121372.00        999924699688.82910        0.0000000000000000        0.0000000000000000        0.0000000000000000        0.0000000000000000        0.0000000000000000        0.0000000000000000        0.0000000000000000     
  0.57031250000000000        0.0000000000000000        0.0000000000000000       -4.4236672541099638E-008   0.0000000000000000        0.0000000000000000        2.1041042932008668E-011   0.0000000000000000        0.0000000000000000        1.5624999999999999E-009   9.9999999999999982E-008   1.5625000000000003E-002   50200273.874758258        753004108121370.12        999924699688.82910        0.0000000000000000        0.0000000000000000        0.0000000000000000        0.0000000000000000        0.0000000000000000        0.0000000000000000        0.0000000000000000     
  0.58593750000000000        0.0000000000000000        0.0000000000000000       -7.3730346013139093E-008   0.0000000000000000        0.0000000000000000        2.1041042932008668E-011   0.0000000000000000        0.0000000000000000        1.5624999999999999E-009   9.9999999999999982E-008   1.5625000000000003E-002   50200273.874758229        753004108121369.62        999924699688.82910        0.0000000000000000        0.0000000000000000        0.0000000000000000        0.0000000000000000        0.0000000000000000        0.0000000000000000        0.0000000000000000     
  0.60156250000000000        0.0000000000000000        0.0000000000000000       -5.8983666366089142E-008   0.0000000000000000        0.0000000000000000        2.1041042932008668E-011   0.0000000000000000        0.0000000000000000        1.5624999999999999E-009   9.9999999999999982E-008   1.5625000000000003E-002   50200273.874758296        753004108121370.62        999924699688.82910        0.0000000000000000        0.0000000000000000        0.0000000000000000        0.0000000000000000        0.0000000000000000        0.0000000000000000        0.0000000000000000     
  0.61718750000000000        0.0000000000000000        0.0000000000000000       -4.4236983105527129E-008   0.0000000000000000        0.0000000000000000        2.1041042932008668E-011   0.0000000000000000        0.0000000000000000        1.5624999999999999E-009   9.9999999999999982E-008   1.5625000000000003E-002   50200273.874758162        753004108121368.62        999924699688.82910        0.0000000000000000        0.0000000000000000        0.0000000000000000        0.0000000000000000        0.0000000000000000        0.0000000000000000        0.0000000000000000     
  0.63281250000000000        0.0000000000000000        0.0000000000000000       -8.8477392146404375E-008   0.0000000000000000        0.0000000000000000        0.0000000000000000        0.0000000000000000        0.0000000000000000        1.5624999999999999E-009   9.9999999999999982E-008   1.5625000000000003E-002   50200273.874758221        753004108121369.50        999924699688.82910        0.0000000000000000        0.0000000000000000        0.0000000000000000        0.0000000000000000        0.0000000000000000        0.0000000000000000        0.0000000000000000     
  0.64843750000000000        0.0000000000000000        0.0000000000000000       -8.8477291718184733E-008   0.0000000000000000        0.0000000000000000       -2.1041042932008668E-011   0.0000000000000000        0.0000000000000000        1.5624999999999999E-009   9.9999999999999982E-008   1.5625000000000003E-002   50200273.874758311        753004108121370.88        999924699688.82910        0.0000000000000000        0.0000000000000000        0.0000000000000000        0.0000000000000000        0.0000000000000000        0.0000000000000000        0.0000000000000000     
  0.66406250000000000        0.0000000000000000        0.0000000000000000       -1.2506923043910901E-007   0.0000000000000000        0.0000000000000000        0.0000000000000000        0.0000000000000000        0.0000000000000000        1.5624999999999999E-009   9.9999999999999982E-008   1.5625000000000003E-002   50200273.874758378        753004108121371.88        999924699688.82910        0.0000000000000000        0.0000000000000000        0.0000000000000000        0.0000000000000000        0.0000000000000000        0.0000000000000000        0.0000000000000000     
  0.67968750000000000        0.0000000000000000        0.0000000000000000       -8.0828841553233066E-008   0.0000000000000000        0.0000000000000000        0.0000000000000000        0.0000000000000000        0.0000000000000000        1.5624999999999999E-009   9.9999999999999982E-008   1.5625000000000003E-002   50200273.874758407        753004108121372.25        999924699688.82910        0.0000000000000000        0.0000000000000000        0.0000000000000000        0.0000000000000000        0.0000000000000000        0.0000000000000000        0.0000000000000000     
  0.69531250000000000        0.0000000000000000        0.0000000000000000       -2.9490543840958102E-008   0.0000000000000000        0.0000000000000000        2.1041042932008668E-011   0.0000000000000000        0.0000000000000000        1.5624999999999999E-009   9.9999999999999982E-008   1.5625000000000003E-002   50200273.874758460        753004108121373.00        999924699688.82910        0.0000000000000000        0.0000000000000000        0.0000000000000000        0.0000000000000000        0.0000000000000000        0.0000000000000000        0.0000000000000000     
  0.71093750000000000        0.0000000000000000        0.0000000000000000       -5.8983737764431902E-008   0.0000000000000000        0.0000000000000000        2.1041042932008668E-011   0.0000000000000000        0.0000000000000000        1.5624999999999999E-009   9.9999999999999982E-008   1.5625000000000003E-002   50200273.874758437        753004108121372.75        999924699688.82910        0.0000000000000000        0.0000000000000000        0.0000000000000000        0.0000000000000000        0.0000000000000000        0.0000000000000000        0.0000000000000000     
  0.72656250000000000        0.0000000000000000        0.0000000000000000       -4.4237232025424252E-008   0.0000000000000000        0.0000000000000000        2.1041042932008668E-011   0.0000000000000000        0.0000000000000000        1.5624999999999999E-009   9.9999999999999982E-008   1.5625000000000003E-002   50200273.874758445        753004108121372.88        999924699688.82910        0.0000000000000000        0.0000000000000000        0.0000000000000000        0.0000000000000000        0.0000000000000000        0.0000000000000000        0.0000000000000000     
  0.74218750000000000        0.0000000000000000        0.0000000000000000       -5.8983859500885871E-008   0.0000000000000000        0.0000000000000000        2.1041042932008668E-011   0.0000000000000000        0.0000000000000000        1.5624999999999999E-009   9.9999999999999982E-008   1.5625000000000003E-002   50200273.874758378        753004108121371.88        999924699688.82910        0.0000000000000000        0.0000000000000000        0.0000000000000000        0.0000000000000000        0.0000000000000000        0.0000000000000000        0.0000000000000000     
  0.75781250000000000        0.0000000000000000        0.0000000000000000       -4.4237302107517047E-008   0.0000000000000000        0.0000000000000000        2.1041042932008668E-011   0.0000000000000000        0.0000000000000000        1.5624999999999999E-009   9.9999999999999982E-008   1.5625000000000003E-002   50200273.874758355        753004108121371.50        999924699688.82910        0.0000000000000000        0.0000000000000000        0.0000000000000000        0.0000000000000000        0.0000000000000000        0.0000000000000000        0.0000000000000000     
  0.77343750000000000        0.0000000000000000        0.0000000000000000       -2.9490632475396495E-008   0.0000000000000000        0.0000000000000000        0.0000000000000000        0.0000000000000000        0.0000000000000000        1.5624999999999999E-009   9.9999999999999982E-008   1.5625000000000003E-002   50200273.874758311        753004108121370.88        999924699688.82910        0.0000000000000000        0.0000000000000000        0.0000000000000000        0.0000000000000000        0.0000000000000000        0.0000000000000000        0.0000000000000000     
  0.78906250000000000        0.0000000000000000        0.0000000000000000       -5.8984524922451817E-008   0.0000000000000000        0.0000000000000000       -2.1041042932008668E-011   0.0000000000000000        0.0000000000000000        1.5624999999999999E-009   9.9999999999999982E-008   1.5625000000000003E-002   50200273.874758311        753004108121370.88        999924699688.82910        0.0000000000000000        0.0000000000000000        0.0000000000000000        0.0000000000000000        0.0000000000000000        0.0000000000000000        0.0000000000000000     
  0.80468750000000000        0.0000000000000000        0.0000000000000000       -4.4237381462682179E-008   0.0000000000000000        0.0000000000000000        0.0000000000000000        0.0000000000000000        0.0000000000000000        1.5624999999999999E-009   9.9999999999999982E-008   1.5625000000000003E-002   50200273.874758340        753004108121371.25        999924699688.82910        0.0000000000000000        0.0000000000000000        0.0000000000000000        0.0000000000000000        0.0000000000000000        0.0000000000000000        0.0000000000000000     
  0.82031250000000000        0.0000000000000000        0.0000000000000000       -7.3731342445201348E-008   0.0000000000000000        0.0000000000000000        0.0000000000000000        0.0000000000000000        0.0000000000000000        1.5624999999999999E-009   9.9999999999999982E-008   1.5625000000000003E-002   50200273.874758281        753004108121370.38        999924699688.82910        0.0000000000000000        0.0000000000000000        0.0000000000000000        0.0000000000000000        0.0000000000000000        0.0000000000000000        0.0000000000000000     
  0.83593750000000000        0.0000000000000000        0.0000000000000000       -1.0322461450128280E-007   0.0000000000000000        0.0000000000000000       -2.1041042932008668E-011   0.0000000000000000        0.0000000000000000        1.5624999999999999E-009   9.9999999999999982E-008   1.5625000000000003E-002   50200273.874758460        753004108121373.00        999924699688.82910        0.0000000000000000        0.0000000000000000        0.0000000000000000        0.0000000000000000        0.0000000000000000        0.0000000000000000        0.0000000000000000     
  0.85156250000000000        0.0000000000000000        0.0000000000000000       -1.4746478574734277E-007   0.0000000000000000        0.0000000000000000       -2.1041042932008668E-011   0.0000000000000000        0.0000000000000000        1.5624999999999999E-009   9.9999999999999982E-008   1.5625000000000003E-002   50200273.874758407        753004108121372.25        999924699688.82910        0.0000000000000000        0.0000000000000000        0.0000000000000000        0.0000000000000000        0.0000000000000000        0.0000000000000000        0.0000000000000000     
  0.86718750000000000        0.0000000000000000        0.0000000000000000       -1.1797129308682328E-007   0.0000000000000000        0.0000000000000000        0.0000000000000000        0.0000000000000000        0.0000000000000000        1.5624999999999999E-009   9.9999999999999982E-008   1.5625000000000003E-002   50200273.874758519        753004108121374.00        999924699688.82910        0.0000000000000000        0.0000000000000000        0.0000000000000000        0.0000000000000000        0.0000000000000000        0.0000000000000000        0.0000000000000000     
  0.88281250000000000        0.0000000000000000        0.0000000000000000        1.4749196441657333E-008   0.0000000000000000        0.0000000000000000        0.0000000000000000        0.0000000000000000        0.0000000000000000        1.5624999999999999E-009   9.9999999999999982E-008   1.5625000000000003E-002   50200273.874758370        753004108121371.75        999924699688.82910        0.0000000000000000        0.0000000000000000        0.0000000000000000        0.0000000000000000        0.0000000000000000        0.0000000000000000        0.0000000000000000     
  0.89843750000000000        0.0000000000000000        0.0000000000000000       -5.8984314732014623E-008   0.0000000000000000        0.0000000000000000       -2.1041042932008668E-011   0.0000000000000000        0.0000000000000000        1.5624999999999999E-009   9.9999999999999982E-008   1.5625000000000003E-002   50200273.874758266        753004108121370.25        999924699688.82910        0.0000000000000000        0.0000000000000000        0.0000000000000000        0.0000000000000000        0.0000000000000000        0.0000000000000000        0.0000000000000000     
  0.91406250000000000        0.0000000000000000        0.0000000000000000       -1.0322472027290958E-007   0.0000000000000000        0.0000000000000000        0.0000000000000000        0.0000000000000000        0.0000000000000000        1.5624999999999999E-009   9.9999999999999982E-008   1.5625000000000003E-002   50200273.874758437        753004108121372.75        999924699688.82910        0.0000000000000000        0.0000000000000000        0.0000000000000000        0.0000000000000000        0.0000000000000000        0.0000000000000000        0.0000000000000000     
  0.92968750000000000        0.0000000000000000        0.0000000000000000       -1.3271792807207696E-007   0.0000000000000000        0.0000000000000000        0.0000000000000000        0.0000000000000000        0.0000000000000000        1.5624999999999999E-009   9.9999999999999982E-008   1.5625000000000003E-002   50200273.874758407        753004108121372.25        999924699688.82910        0.0000000000000000        0.0000000000000000        0.0000000000000000        0.0000000000000000        0.0000000000000000        0.0000000000000000        0.0000000000000000     
  0.94531250000000000        0.0000000000000000        0.0000000000000000       -1.6221170550265803E-007   0.0000000000000000        0.0000000000000000        2.1041042932008668E-011   0.0000000000000000        0.0000000000000000        1.5624999999999999E-009   9.9999999999999982E-008   1.5625000000000003E-002   50200273.874758206        753004108121369.38        999924699688.82910        0.0000000000000000        0.0000000000000000        0.0000000000000000        0.0000000000000000        0.0000000000000000        0.0000000000000000        0.0000000000000000     
  0.96093750000000000        0.0000000000000000        0.0000000000000000       -2.0645161826728947E-007   0.0000000000000000        0.0000000000000000        2.1041042932008668E-011   0.0000000000000000        0.0000000000000000        1.5624999999999999E-009   9.9999999999999982E-008   1.5625000000000003E-002   50200273.874758206        753004108121369.38        999924699688.82910        0.0000000000000000        0.0000000000000000        0.0000000000000000        0.0000000000000000        0.0000000000000000        0.0000000000000000        0.0000000000000000     
  0.97656250000000000        0.0000000000000000        0.0000000000000000       -1.4746507115164264E-007   0.0000000000000000        0.0000000000000000        2.1041042932008668E-011   0.0000000000000000        0.0000000000000000        1.5624999999999999E-009   9.9999999999999982E-008   1.5625000000000003E-002   50200273.874758206        753004108121369.38        999924699688.82910        0.0000000000000000        0.0000000000000000        0.0000000000000000        0.0000000000000000        0.0000000000000000        0.0000000000000000        0.0000000000000000     
  0.99218750000000000        0.0000000000000000        0.0000000000000000       -7.3731537065777736E-008   0.0000000000000000        0.0000000000000000        2.1041042932008668E-011   0.0000000000000000        0.0000000000000000        1.5624999999999999E-009   9.9999999999999982E-008   1.5625000000000003E-002   50200273.874758296        753004108121370.62        999924699688.82910        0.0000000000000000        0.0000000000000000        0.0000000000000000        0.0000000000000000        0.0000000000000000        0.0000000000000000        0.0000000000000000     
   1.0078125000000000        0.0000000000000000        0.0000000000000000        0.0000000000000000        0.0000000000000000        0.0000000000000000        0.0000000000000000        0.0000000000000000        0.0000000000000000        0.0000000000000000        0.0000000000000000        0.0000000000000000        0.0000000000000000        0.0000000000000000        0.0000000000000000        0.0000000000000000        0.0000000000000000        0.0000000000000000        0.0000000000000000        0.0000000000000000        0.0000000000000000        0.0000000000000000     
   1.0234375000000000        0.0000000000000000        0.0000000000000000        0.0000000000000000        0.0000000000000000        0.0000000000000000        0.0000000000000000        0.0000000000000000        0.0000000000000000        0.0000000000000000        0.0000000000000000        0.0000000000000000        0.0000000000000000        0.0000000000000000        0.0000000000000000        0.0000000000000000        0.0000000000000000        0.0000000000000000        0.0000000000000000        0.0000000000000000        0.0000000000000000        0.0000000000000000     
   1.0390625000000000        0.0000000000000000        0.0000000000000000        0.0000000000000000        0.0000000000000000        0.0000000000000000        0.0000000000000000        0.0000000000000000        0.0000000000000000        0.0000000000000000        0.0000000000000000        0.0000000000000000        0.0000000000000000        0.0000000000000000        0.0000000000000000        0.0000000000000000        0.0000000000000000        0.0000000000000000        0.0000000000000000        0.0000000000000000        0.0000000000000000        0.0000000000000000     
  -1.0390625000000000        0.0000000000000000        0.0000000000000000        0.0000000000000000        0.0000000000000000        0.0000000000000000        0.0000000000000000        0.0000000000000000        0.0000000000000000        0.0000000000000000        0.0000000000000000        0.0000000000000000        0.0000000000000000        0.0000000000000000        0.0000000000000000        0.0000000000000000        0.0000000000000000        0.0000000000000000        0.0000000000000000        0.0000000000000000        0.0000000000000000        0.0000000000000000     
  -1.0234375000000000        0.0000000000000000        0.0000000000000000        0.0000000000000000        0.0000000000000000        0.0000000000000000        0.0000000000000000        0.0000000000000000        0.0000000000000000        0.0000000000000000        0.0000000000000000        0.0000000000000000        0.0000000000000000        0.0000000000000000        0.0000000000000000        0.0000000000000000        0.0000000000000000        0.0000000000000000        0.0000000000000000        0.0000000000000000        0.0000000000000000        0.0000000000000000     
  -1.0078125000000000        0.0000000000000000        0.0000000000000000        0.0000000000000000        0.0000000000000000        0.0000000000000000        0.0000000000000000        0.0000000000000000        0.0000000000000000        0.0000000000000000        0.0000000000000000        0.0000000000000000        0.0000000000000000        0.0000000000000000        0.0000000000000000        0.0000000000000000        0.0000000000000000        0.0000000000000000        0.0000000000000000        0.0000000000000000        0.0000000000000000        0.0000000000000000     
