   9.1999999999999911E-008
 -0.99218750000000000        0.0000000000000000        0.0000000000000000       -5.8983608171142903E-008   0.0000000000000000        0.0000000000000000        0.0000000000000000        0.0000000000000000        0.0000000000000000        1.5624999999999999E-009   9.9999999999999982E-008   1.5625000000000003E-002   72489339.433063731        1087340091482262.2        999891266090.43262        0.0000000000000000        0.0000000000000000        0.0000000000000000        0.0000000000000000        0.0000000000000000        0.0000000000000000        0.0000000000000000     
 -0.97656250000000000        0.0000000000000000        0.0000000000000000       -7.3730815865022184E-008   0.0000000000000000        0.0000000000000000        0.0000000000000000        0.0000000000000000        0.0000000000000000        1.5624999999999999E-009   9.9999999999999982E-008   1.5625000000000003E-002   72489339.433063805        1087340091482263.2        999891266090.43262        0.0000000000000000        0.0000000000000000        0.0000000000000000        0.0000000000000000        0.0000000000000000        0.0000000000000000        0.0000000000000000     
 -0.96093750000000000        0.0000000000000000        0.0000000000000000       -7.3731087378479267E-008   0.0000000000000000        0.0000000000000000       -2.1043152888699340E-011   0.0000000000000000        0.0000000000000000        1.5624999999999999E-009   9.9999999999999982E-008   1.5625000000000003E-002   72489339.433063790        1087340091482263.0        999891266090.43262        0.0000000000000000        0.0000000000000000        0.0000000000000000        0.0000000000000000        0.0000000000000000        0.0000000000000000        0.0000000000000000     
 -0.94531250000000000        0.0000000000000000        0.0000000000000000       -8.8478249958428880E-008   0.0000000000000000        0.0000000000000000       -2.1043152888699340E-011   0.0000000000000000        0.0000000000000000        1.5624999999999999E-009   9.9999999999999982E-008   1.5625000000000003E-002   72489339.433063820        1087340091482263.4        999891266090.43262        0.0000000000000000        0.0000000000000000        0.0000000000000000        0.0000000000000000        0.0000000000000000        0.0000000000000000        0.0000000000000000     
 -0.92968750000000000        0.0000000000000000        0.0000000000000000       -5.8984043346093511E-008   0.0000000000000000        0.0000000000000000       -2.1043152888699340E-011   0.0000000000000000        0.0000000000000000        1.5624999999999999E-009   9.9999999999999982E-008   1.5625000000000003E-002   72489339.433063850        1087340091482263.9        999891266090.43262        0.0000000000000000        0.0000000000000000        0.0000000000000000        0.0000000000000000        0.0000000000000000        0.0000000000000000        0.0000000000000000     
 -0.91406250000000000        0.0000000000000000        0.0000000000000000       -6.6208147356323491E-008   0.0000000000000000        0.0000000000000000        0.0000000000000000        0.0000000000000000        0.0000000000000000        1.5624999999999999E-009   9.9999999999999982E-008   1.5625000000000003E-002   72489339.433063880        1087340091482264.5        999891266090.43262        0.0000000000000000        0.0000000000000000        0.0000000000000000        0.0000000000000000        0.0000000000000000        0.0000000000000000        0.0000000000000000     
 -0.89843750000000000        0.0000000000000000        0.0000000000000000       -1.1074843765366450E-007   0.0000000000000000        0.0000000000000000        0.0000000000000000        0.0000000000000000        0.0000000000000000        1.5624999999999999E-009   9.9999999999999982E-008   1.5625000000000003E-002   72489339.433063820        1087340091482263.5        999891266090.43262        0.0000000000000000        0.0000000000000000        0.0000000000000000        0.0000000000000000        0.0000000000000000        0.0000000000000000        0.0000000000000000     
 -0.88281250000000000        0.0000000000000000        0.0000000000000000       -1.2562136888544245E-007   0.0000000000000000        0.0000000000000000        2.1043152888699340E-011   0.0000000000000000        0.0000000000000000        1.5624999999999999E-009   9.9999999999999982E-008   1.5625000000000003E-002   72489339.433063820        1087340091482263.4        999891266090.43262        0.0000000000000000        0.0000000000000000        0.0000000000000000        0.0000000000000000        0.0000000000000000        0.0000000000000000        0.0000000000000000     
 -0.86718750000000000        0.0000000000000000        0.0000000000000000       -1.1074832829073436E-007   0.0000000000000000        0.0000000000000000        2.1043152888699340E-011   0.0000000000000000        0.0000000000000000        1.5624999999999999E-009   9.9999999999999982E-008   1.5625000000000003E-002   72489339.433063731        1087340091482262.0        999891266090.43262        0.0000000000000000        0.0000000000000000        0.0000000000000000        0.0000000000000000        0.0000000000000000        0.0000000000000000        0.0000000000000000     
 -0.85156250000000000        0.0000000000000000        0.0000000000000000       -1.4746720521168426E-007   0.0000000000000000        0.0000000000000000        2.1043152888699340E-011   0.0000000000000000        0.0000000000000000        1.5624999999999999E-009   9.9999999999999982E-008   1.5625000000000003E-002   72489339.433063582        1087340091482260.0        999891266090.43262        0.0000000000000000        0.0000000000000000        0.0000000000000000        0.0000000000000000        0.0000000000000000        0.0000000000000000        0.0000000000000000     
 -0.83593750000000000        0.0000000000000000        0.0000000000000000       -1.8448437141290563E-007   0.0000000000000000        0.0000000000000000        2.1043152888699340E-011   0.0000000000000000        0.0000000000000000        1.5624999999999999E-009   9.9999999999999982E-008   1.5625000000000003E-002   72489339.433063611        1087340091482260.2        999891266090.43262        0.0000000000000000        0.0000000000000000        0.0000000000000000        0.0000000000000000        0.0000000000000000        0.0000000000000000        0.0000000000000000     
 -0.82031250000000000        0.0000000000000000        0.0000000000000000       -1.4746733220014723E-007   0.0000000000000000        0.0000000000000000        0.0000000000000000        0.0000000000000000        0.0000000000000000        1.5624999999999999E-009   9.9999999999999982E-008   1.5625000000000003E-002   72489339.433063671        1087340091482261.1        999891266090.43262        0.0000000000000000        0.0000000000000000        0.0000000000000000        0.0000000000000000        0.0000000000000000        0.0000000000000000        0.0000000000000000     
 -0.80468750000000000        0.0000000000000000        0.0000000000000000       -9.6126992235715156E-008   0.0000000000000000        0.0000000000000000       -2.1043152888699340E-011   0.0000000000000000        0.0000000000000000        1.5624999999999999E-009   9.9999999999999982E-008   1.5625000000000003E-002   72489339.433063626        1087340091482260.5        999891266090.43262        0.0000000000000000        0.0000000000000000        0.0000000000000000        0.0000000000000000        0.0000000000000000        0.0000000000000000        0.0000000000000000     
 -0.78906250000000000        0.0000000000000000        0.0000000000000000       -1.3981890008032900E-007   0.0000000000000000        0.0000000000000000       -2.1043152888699340E-011   0.0000000000000000        0.0000000000000000        1.5624999999999999E-009   9.9999999999999982E-008   1.5625000000000003E-002   72489339.433063641        1087340091482260.9        999891266090.43262        0.0000000000000000        0.0000000000000000        0.0000000000000000        0.0000000000000000        0.0000000000000000        0.0000000000000000        0.0000000000000000     
 -0.77343750000000000        0.0000000000000000        0.0000000000000000       -1.4704264678832365E-007   0.0000000000000000        0.0000000000000000        0.0000000000000000        0.0000000000000000        0.0000000000000000        1.5624999999999999E-009   9.9999999999999982E-008   1.5625000000000003E-002   72489339.433063760        1087340091482262.5        999891266090.43262        0.0000000000000000        0.0000000000000000        0.0000000000000000        0.0000000000000000        0.0000000000000000        0.0000000000000000        0.0000000000000000     
 -0.75781250000000000        0.0000000000000000        0.0000000000000000       -1.1797331061424420E-007   0.0000000000000000        0.0000000000000000        0.0000000000000000        0.0000000000000000        0.0000000000000000        1.5624999999999999E-009   9.9999999999999982E-008   1.5625000000000003E-002   72489339.433063716        1087340091482261.9        999891266090.43262        0.0000000000000000        0.0000000000000000        0.0000000000000000        0.0000000000000000        0.0000000000000000        0.0000000000000000        0.0000000000000000     
 -0.74218750000000000        0.0000000000000000        0.0000000000000000       -1.1797282736720831E-007   0.0000000000000000        0.0000000000000000        0.0000000000000000        0.0000000000000000        0.0000000000000000        1.5624999999999999E-009   9.9999999999999982E-008   1.5625000000000003E-002   72489339.433063745        1087340091482262.4        999891266090.43262        0.0000000000000000        0.0000000000000000        0.0000000000000000        0.0000000000000000        0.0000000000000000        0.0000000000000000        0.0000000000000000     
 -0.72656250000000000        0.0000000000000000        0.0000000000000000       -1.0322618279061604E-007   0.0000000000000000        0.0000000000000000        0.0000000000000000        0.0000000000000000        0.0000000000000000        1.5624999999999999E-009   9.9999999999999982E-008   1.5625000000000003E-002   72489339.433063626        1087340091482260.5        999891266090.43262        0.0000000000000000        0.0000000000000000        0.0000000000000000        0.0000000000000000        0.0000000000000000        0.0000000000000000        0.0000000000000000     
 -0.71093750000000000        0.0000000000000000        0.0000000000000000       -1.1797300136133239E-007   0.0000000000000000        0.0000000000000000        0.0000000000000000        0.0000000000000000        0.0000000000000000        1.5624999999999999E-009   9.9999999999999982E-008   1.5625000000000003E-002   72489339.433063850        1087340091482263.9        999891266090.43262        0.0000000000000000        0.0000000000000000        0.0000000000000000        0.0000000000000000        0.0000000000000000        0.0000000000000000        0.0000000000000000     
 -0.69531250000000000        0.0000000000000000        0.0000000000000000       -1.2549649767565677E-007   0.0000000000000000        0.0000000000000000        0.0000000000000000        0.0000000000000000        0.0000000000000000        1.5624999999999999E-009   9.9999999999999982E-008   1.5625000000000003E-002   72489339.433063686        1087340091482261.5        999891266090.43262        0.0000000000000000        0.0000000000000000        0.0000000000000000        0.0000000000000000        0.0000000000000000        0.0000000000000000        0.0000000000000000     
 -0.67968750000000000        0.0000000000000000        0.0000000000000000       -1.3272040839735325E-007   0.0000000000000000        0.0000000000000000       -2.1043152888699340E-011   0.0000000000000000        0.0000000000000000        1.5624999999999999E-009   9.9999999999999982E-008   1.5625000000000003E-002   72489339.433063895        1087340091482264.6        999891266090.43262        0.0000000000000000        0.0000000000000000        0.0000000000000000        0.0000000000000000        0.0000000000000000        0.0000000000000000        0.0000000000000000     
 -0.66406250000000000        0.0000000000000000        0.0000000000000000       -1.1087479328466569E-007   0.0000000000000000        0.0000000000000000       -2.1043152888699340E-011   0.0000000000000000        0.0000000000000000        1.5624999999999999E-009   9.9999999999999982E-008   1.5625000000000003E-002   72489339.433063909        1087340091482264.8        999891266090.43262        0.0000000000000000        0.0000000000000000        0.0000000000000000        0.0000000000000000        0.0000000000000000        0.0000000000000000        0.0000000000000000     
 -0.64843750000000000        0.0000000000000000        0.0000000000000000       -1.1797288701207339E-007   0.0000000000000000        0.0000000000000000        0.0000000000000000        0.0000000000000000        0.0000000000000000        1.5624999999999999E-009   9.9999999999999982E-008   1.5625000000000003E-002   72489339.433064029        1087340091482266.5        999891266090.43262        0.0000000000000000        0.0000000000000000        0.0000000000000000        0.0000000000000000        0.0000000000000000        0.0000000000000000        0.0000000000000000     
 -0.63281250000000000        0.0000000000000000        0.0000000000000000       -1.1797288545978347E-007   0.0000000000000000        0.0000000000000000        0.0000000000000000        0.0000000000000000        0.0000000000000000        1.5624999999999999E-009   9.9999999999999982E-008   1.5625000000000003E-002   72489339.433063969        1087340091482265.8        999891266090.43262        0.0000000000000000        0.0000000000000000        0.0000000000000000        0.0000000000000000        0.0000000000000000        0.0000000000000000        0.0000000000000000     
 -0.61718750000000000        0.0000000000000000        0.0000000000000000       -1.3981828716353104E-007   0.0000000000000000        0.0000000000000000        2.1043152888699340E-011   0.0000000000000000        0.0000000000000000        1.5624999999999999E-009   9.9999999999999982E-008   1.5625000000000003E-002   72489339.433063984        1087340091482265.9        999891266090.43262        0.0000000000000000        0.0000000000000000        0.0000000000000000        0.0000000000000000        0.0000000000000000        0.0000000000000000        0.0000000000000000     
 -0.60156250000000000        0.0000000000000000        0.0000000000000000       -1.4746702940390044E-007   0.0000000000000000        0.0000000000000000        2.1043152888699340E-011   0.0000000000000000        0.0000000000000000        1.5624999999999999E-009   9.9999999999999982E-008   1.5625000000000003E-002   72489339.433063909        1087340091482264.8        999891266090.43262        0.0000000000000000        0.0000000000000000        0.0000000000000000        0.0000000000000000        0.0000000000000000        0.0000000000000000        0.0000000000000000     
 -0.58593750000000000        0.0000000000000000        0.0000000000000000       -1.6221398630299171E-007   0.0000000000000000        0.0000000000000000        2.1043152888699340E-011   0.0000000000000000        0.0000000000000000        1.5624999999999999E-009   9.9999999999999982E-008   1.5625000000000003E-002   72489339.433063924        1087340091482265.0        999891266090.43262        0.0000000000000000        0.0000000000000000        0.0000000000000000        0.0000000000000000        0.0000000000000000        0.0000000000000000        0.0000000000000000     
 -0.57031250000000000        0.0000000000000000        0.0000000000000000       -1.4746664877995350E-007   0.0000000000000000        0.0000000000000000        2.1043152888699340E-011   0.0000000000000000        0.0000000000000000        1.5624999999999999E-009   9.9999999999999982E-008   1.5625000000000003E-002   72489339.433063924        1087340091482265.0        999891266090.43262        0.0000000000000000        0.0000000000000000        0.0000000000000000        0.0000000000000000        0.0000000000000000        0.0000000000000000        0.0000000000000000     
 -0.55468750000000000        0.0000000000000000        0.0000000000000000       -1.8418524356453376E-007   0.0000000000000000        0.0000000000000000        2.1043152888699340E-011   0.0000000000000000        0.0000000000000000        1.5624999999999999E-009   9.9999999999999982E-008   1.5625000000000003E-002   72489339.433063790        1087340091482263.1        999891266090.43262        0.0000000000000000        0.0000000000000000        0.0000000000000000        0.0000000000000000        0.0000000000000000        0.0000000000000000        0.0000000000000000     
 -0.53906250000000000        0.0000000000000000        0.0000000000000000       -1.6221386226769968E-007   0.0000000000000000        0.0000000000000000        0.0000000000000000        0.0000000000000000        0.0000000000000000        1.5624999999999999E-009   9.9999999999999982E-008   1.5625000000000003E-002   72489339.433063716        1087340091482261.9        999891266090.43262        0.0000000000000000        0.0000000000000000        0.0000000000000000        0.0000000000000000        0.0000000000000000        0.0000000000000000        0.0000000000000000     
 -0.52343750000000000        0.0000000000000000        0.0000000000000000       -1.1074821452901485E-007   0.0000000000000000        0.0000000000000000        0.0000000000000000        0.0000000000000000        0.0000000000000000        1.5624999999999999E-009   9.9999999999999982E-008   1.5625000000000003E-002   72489339.433063656        1087340091482261.0        999891266090.43262        0.0000000000000000        0.0000000000000000        0.0000000000000000        0.0000000000000000        0.0000000000000000        0.0000000000000000        0.0000000000000000     
 -0.50781250000000000        0.0000000000000000        0.0000000000000000       -2.4347313820456078E-007   0.0000000000000000        0.0000000000000000        0.0000000000000000        0.0000000000000000        0.0000000000000000        1.5624999999999999E-009   9.9999999999999982E-008   1.5625000000000003E-002   72489339.433063552        1087340091482259.5        999891266090.43262        0.0000000000000000        0.0000000000000000        0.0000000000000000        0.0000000000000000        0.0000000000000000        0.0000000000000000        0.0000000000000000     
 -0.49218750000000000        0.0000000000000000        0.0000000000000000       -1.9170867433685941E-007   0.0000000000000000        0.0000000000000000        2.1043152888699340E-011   0.0000000000000000        0.0000000000000000        1.5624999999999999E-009   9.9999999999999982E-008   1.5625000000000003E-002   72489339.433063731        1087340091482262.2        999891266090.43262        0.0000000000000000        0.0000000000000000        0.0000000000000000        0.0000000000000000        0.0000000000000000        0.0000000000000000        0.0000000000000000     
 -0.47656250000000000        0.0000000000000000        0.0000000000000000       -1.6221412844004941E-007   0.0000000000000000        0.0000000000000000        2.1043152888699340E-011   0.0000000000000000        0.0000000000000000        1.5624999999999999E-009   9.9999999999999982E-008   1.5625000000000003E-002   72489339.433063701        1087340091482261.8        999891266090.43262        0.0000000000000000        0.0000000000000000        0.0000000000000000        0.0000000000000000        0.0000000000000000        0.0000000000000000        0.0000000000000000     
 -0.46093750000000000        0.0000000000000000        0.0000000000000000       -1.7696143108627411E-007   0.0000000000000000        0.0000000000000000        2.1043152888699340E-011   0.0000000000000000        0.0000000000000000        1.5624999999999999E-009   9.9999999999999982E-008   1.5625000000000003E-002   72489339.433063686        1087340091482261.5        999891266090.43262        0.0000000000000000        0.0000000000000000        0.0000000000000000        0.0000000000000000        0.0000000000000000        0.0000000000000000        0.0000000000000000     
 -0.44531250000000000        0.0000000000000000        0.0000000000000000       -1.7696153158663971E-007   0.0000000000000000        0.0000000000000000        2.1043152888699340E-011   0.0000000000000000        0.0000000000000000        1.5624999999999999E-009   9.9999999999999982E-008   1.5625000000000003E-002   72489339.433063686        1087340091482261.5        999891266090.43262        0.0000000000000000        0.0000000000000000        0.0000000000000000        0.0000000000000000        0.0000000000000000        0.0000000000000000        0.0000000000000000     
 -0.42968750000000000        0.0000000000000000        0.0000000000000000       -1.9170866099711133E-007   0.0000000000000000        0.0000000000000000        0.0000000000000000        0.0000000000000000        0.0000000000000000        1.5624999999999999E-009   9.9999999999999982E-008   1.5625000000000003E-002   72489339.433063611        1087340091482260.2        999891266090.43262        0.0000000000000000        0.0000000000000000        0.0000000000000000        0.0000000000000000        0.0000000000000000        0.0000000000000000        0.0000000000000000     
 -0.41406250000000000        0.0000000000000000        0.0000000000000000       -1.3284563995397529E-007   0.0000000000000000        0.0000000000000000       -2.1043152888699340E-011   0.0000000000000000        0.0000000000000000        1.5624999999999999E-009   9.9999999999999982E-008   1.5625000000000003E-002   72489339.433063656        1087340091482261.0        999891266090.43262        0.0000000000000000        0.0000000000000000        0.0000000000000000        0.0000000000000000        0.0000000000000000        0.0000000000000000        0.0000000000000000     
 -0.39843750000000000        0.0000000000000000        0.0000000000000000       -1.5499018434148688E-007   0.0000000000000000        0.0000000000000000       -2.1043152888699340E-011   0.0000000000000000        0.0000000000000000        1.5624999999999999E-009   9.9999999999999982E-008   1.5625000000000003E-002   72489339.433063820        1087340091482263.5        999891266090.43262        0.0000000000000000        0.0000000000000000        0.0000000000000000        0.0000000000000000        0.0000000000000000        0.0000000000000000        0.0000000000000000     
 -0.38281250000000000        0.0000000000000000        0.0000000000000000       -1.9170887524939481E-007   0.0000000000000000        0.0000000000000000        0.0000000000000000        0.0000000000000000        0.0000000000000000        1.5624999999999999E-009   9.9999999999999982E-008   1.5625000000000003E-002   72489339.433063939        1087340091482265.1        999891266090.43262        0.0000000000000000        0.0000000000000000        0.0000000000000000        0.0000000000000000        0.0000000000000000        0.0000000000000000        0.0000000000000000     
 -0.36718750000000000        0.0000000000000000        0.0000000000000000       -1.9170866820627365E-007   0.0000000000000000        0.0000000000000000        0.0000000000000000        0.0000000000000000        0.0000000000000000        1.5624999999999999E-009   9.9999999999999982E-008   1.5625000000000003E-002   72489339.433063835        1087340091482263.6        999891266090.43262        0.0000000000000000        0.0000000000000000        0.0000000000000000        0.0000000000000000        0.0000000000000000        0.0000000000000000        0.0000000000000000     
 -0.35156250000000000        0.0000000000000000        0.0000000000000000       -1.1087431275931531E-007   0.0000000000000000        0.0000000000000000        2.1043152888699340E-011   0.0000000000000000        0.0000000000000000        1.5624999999999999E-009   9.9999999999999982E-008   1.5625000000000003E-002   72489339.433063790        1087340091482262.9        999891266090.43262        0.0000000000000000        0.0000000000000000        0.0000000000000000        0.0000000000000000        0.0000000000000000        0.0000000000000000        0.0000000000000000     
 -0.33593750000000000        0.0000000000000000        0.0000000000000000       -1.1797268538533042E-007   0.0000000000000000        0.0000000000000000        2.1043152888699340E-011   0.0000000000000000        0.0000000000000000        1.5624999999999999E-009   9.9999999999999982E-008   1.5625000000000003E-002   72489339.433063835        1087340091482263.6        999891266090.43262        0.0000000000000000        0.0000000000000000        0.0000000000000000        0.0000000000000000        0.0000000000000000        0.0000000000000000        0.0000000000000000     
 -0.32031250000000000        0.0000000000000000        0.0000000000000000       -1.3271978673909793E-007   0.0000000000000000        0.0000000000000000        2.1043152888699340E-011   0.0000000000000000        0.0000000000000000        1.5624999999999999E-009   9.9999999999999982E-008   1.5625000000000003E-002   72489339.433063731        1087340091482262.1        999891266090.43262        0.0000000000000000        0.0000000000000000        0.0000000000000000        0.0000000000000000        0.0000000000000000        0.0000000000000000        0.0000000000000000     
 -0.30468750000000000        0.0000000000000000        0.0000000000000000       -1.1797265863407242E-007   0.0000000000000000        0.0000000000000000        2.1043152888699340E-011   0.0000000000000000        0.0000000000000000        1.5624999999999999E-009   9.9999999999999982E-008   1.5625000000000003E-002   72489339.433063716        1087340091482261.9        999891266090.43262        0.0000000000000000        0.0000000000000000        0.0000000000000000        0.0000000000000000        0.0000000000000000        0.0000000000000000        0.0000000000000000     
 -0.28906250000000000        0.0000000000000000        0.0000000000000000       -1.2519693659914255E-007   0.0000000000000000        0.0000000000000000        2.1043152888699340E-011   0.0000000000000000        0.0000000000000000        1.5624999999999999E-009   9.9999999999999982E-008   1.5625000000000003E-002   72489339.433063716        1087340091482261.9        999891266090.43262        0.0000000000000000        0.0000000000000000        0.0000000000000000        0.0000000000000000        0.0000000000000000        0.0000000000000000        0.0000000000000000     
 -0.27343750000000000        0.0000000000000000        0.0000000000000000       -1.4024305756565852E-007   0.0000000000000000        0.0000000000000000        0.0000000000000000        0.0000000000000000        0.0000000000000000        1.5624999999999999E-009   9.9999999999999982E-008   1.5625000000000003E-002   72489339.433063686        1087340091482261.5        999891266090.43262        0.0000000000000000        0.0000000000000000        0.0000000000000000        0.0000000000000000        0.0000000000000000        0.0000000000000000        0.0000000000000000     
 -0.25781250000000000        0.0000000000000000        0.0000000000000000       -1.0322595124859023E-007   0.0000000000000000        0.0000000000000000       -2.1043152888699340E-011   0.0000000000000000        0.0000000000000000        1.5624999999999999E-009   9.9999999999999982E-008   1.5625000000000003E-002   72489339.433063939        1087340091482265.2        999891266090.43262        0.0000000000000000        0.0000000000000000        0.0000000000000000        0.0000000000000000        0.0000000000000000        0.0000000000000000        0.0000000000000000     
 -0.24218750000000000        0.0000000000000000        0.0000000000000000       -1.9935754700702799E-007   0.0000000000000000        0.0000000000000000        0.0000000000000000        0.0000000000000000        0.0000000000000000        1.5624999999999999E-009   9.9999999999999982E-008   1.5625000000000003E-002   72489339.433063924        1087340091482265.0        999891266090.43262        0.0000000000000000        0.0000000000000000        0.0000000000000000        0.0000000000000000        0.0000000000000000        0.0000000000000000        0.0000000000000000     
 -0.22656250000000000        0.0000000000000000        0.0000000000000000       -1.8406039720997132E-007   0.0000000000000000        0.0000000000000000        0.0000000000000000        0.0000000000000000        0.0000000000000000        1.5624999999999999E-009   9.9999999999999982E-008   1.5625000000000003E-002   72489339.433063731        1087340091482262.0        999891266090.43262        0.0000000000000000        0.0000000000000000        0.0000000000000000        0.0000000000000000        0.0000000000000000        0.0000000000000000        0.0000000000000000     
 -0.21093750000000000        0.0000000000000000        0.0000000000000000       -1.4036874498308756E-007   0.0000000000000000        0.0000000000000000       -2.1043152888699340E-011   0.0000000000000000        0.0000000000000000        1.5624999999999999E-009   9.9999999999999982E-008   1.5625000000000003E-002   72489339.433063760        1087340091482262.6        999891266090.43262        0.0000000000000000        0.0000000000000000        0.0000000000000000        0.0000000000000000        0.0000000000000000        0.0000000000000000        0.0000000000000000     
 -0.19531250000000000        0.0000000000000000        0.0000000000000000       -1.3272012142999961E-007   0.0000000000000000        0.0000000000000000        0.0000000000000000        0.0000000000000000        0.0000000000000000        1.5624999999999999E-009   9.9999999999999982E-008   1.5625000000000003E-002   72489339.433063790        1087340091482263.0        999891266090.43262        0.0000000000000000        0.0000000000000000        0.0000000000000000        0.0000000000000000        0.0000000000000000        0.0000000000000000        0.0000000000000000     
 -0.17968750000000000        0.0000000000000000        0.0000000000000000       -1.3271981048527456E-007   0.0000000000000000        0.0000000000000000        0.0000000000000000        0.0000000000000000        0.0000000000000000        1.5624999999999999E-009   9.9999999999999982E-008   1.5625000000000003E-002   72489339.433063835        1087340091482263.8        999891266090.43262        0.0000000000000000        0.0000000000000000        0.0000000000000000        0.0000000000000000        0.0000000000000000        0.0000000000000000        0.0000000000000000     
 -0.16406250000000000        0.0000000000000000        0.0000000000000000       -1.1032407287012801E-007   0.0000000000000000        0.0000000000000000        0.0000000000000000        0.0000000000000000        0.0000000000000000        1.5624999999999999E-009   9.9999999999999982E-008   1.5625000000000003E-002   72489339.433063880        1087340091482264.5        999891266090.43262        0.0000000000000000        0.0000000000000000        0.0000000000000000        0.0000000000000000        0.0000000000000000        0.0000000000000000        0.0000000000000000     
 -0.14843750000000000        0.0000000000000000        0.0000000000000000       -1.2562109336492549E-007   0.0000000000000000        0.0000000000000000        0.0000000000000000        0.0000000000000000        0.0000000000000000        1.5624999999999999E-009   9.9999999999999982E-008   1.5625000000000003E-002   72489339.433063909        1087340091482264.9        999891266090.43262        0.0000000000000000        0.0000000000000000        0.0000000000000000        0.0000000000000000        0.0000000000000000        0.0000000000000000        0.0000000000000000     
 -0.13281250000000000        0.0000000000000000        0.0000000000000000       -1.4054443378489413E-007   0.0000000000000000        0.0000000000000000        0.0000000000000000        0.0000000000000000        0.0000000000000000        1.5624999999999999E-009   9.9999999999999982E-008   1.5625000000000003E-002   72489339.433063969        1087340091482265.8        999891266090.43262        0.0000000000000000        0.0000000000000000        0.0000000000000000        0.0000000000000000        0.0000000000000000        0.0000000000000000        0.0000000000000000     
 -0.11718750000000000        0.0000000000000000        0.0000000000000000       -1.3981792805588447E-007   0.0000000000000000        0.0000000000000000        0.0000000000000000        0.0000000000000000        0.0000000000000000        1.5624999999999999E-009   9.9999999999999982E-008   1.5625000000000003E-002   72489339.433063835        1087340091482263.6        999891266090.43262        0.0000000000000000        0.0000000000000000        0.0000000000000000        0.0000000000000000        0.0000000000000000        0.0000000000000000        0.0000000000000000     
 -0.10156250000000000        0.0000000000000000        0.0000000000000000       -1.3271967890376267E-007   0.0000000000000000        0.0000000000000000        2.1043152888699340E-011   0.0000000000000000        0.0000000000000000        1.5624999999999999E-009   9.9999999999999982E-008   1.5625000000000003E-002   72489339.433063790        1087340091482263.1        999891266090.43262        0.0000000000000000        0.0000000000000000        0.0000000000000000        0.0000000000000000        0.0000000000000000        0.0000000000000000        0.0000000000000000     
  -8.5937500000000000E-002   0.0000000000000000        0.0000000000000000       -1.6221366298288249E-007   0.0000000000000000        0.0000000000000000        2.1043152888699340E-011   0.0000000000000000        0.0000000000000000        1.5624999999999999E-009   9.9999999999999982E-008   1.5625000000000003E-002   72489339.433063745        1087340091482262.4        999891266090.43262        0.0000000000000000        0.0000000000000000        0.0000000000000000        0.0000000000000000        0.0000000000000000        0.0000000000000000        0.0000000000000000     
  -7.0312500000000000E-002   0.0000000000000000        0.0000000000000000       -1.3271955367886462E-007   0.0000000000000000        0.0000000000000000        2.1043152888699340E-011   0.0000000000000000        0.0000000000000000        1.5624999999999999E-009   9.9999999999999982E-008   1.5625000000000003E-002   72489339.433063641        1087340091482260.9        999891266090.43262        0.0000000000000000        0.0000000000000000        0.0000000000000000        0.0000000000000000        0.0000000000000000        0.0000000000000000        0.0000000000000000     
  -5.4687500000000000E-002   0.0000000000000000        0.0000000000000000       -8.8477668695941930E-008   0.0000000000000000        0.0000000000000000        2.1043152888699340E-011   0.0000000000000000        0.0000000000000000        1.5624999999999999E-009   9.9999999999999982E-008   1.5625000000000003E-002   72489339.433063552        1087340091482259.4        999891266090.43262        0.0000000000000000        0.0000000000000000        0.0000000000000000        0.0000000000000000        0.0000000000000000        0.0000000000000000        0.0000000000000000     
  -3.9062500000000000E-002   0.0000000000000000        0.0000000000000000       -1.0322549837706735E-007   0.0000000000000000        0.0000000000000000        2.1043152888699340E-011   0.0000000000000000        0.0000000000000000        1.5624999999999999E-009   9.9999999999999982E-008   1.5625000000000003E-002   72489339.433063701        1087340091482261.8        999891266090.43262        0.0000000000000000        0.0000000000000000        0.0000000000000000        0.0000000000000000        0.0000000000000000        0.0000000000000000        0.0000000000000000     
  -2.3437500000000000E-002   0.0000000000000000        0.0000000000000000       -1.0322520293601675E-007   0.0000000000000000        0.0000000000000000        0.0000000000000000        0.0000000000000000        0.0000000000000000        1.5624999999999999E-009   9.9999999999999982E-008   1.5625000000000003E-002   72489339.433063671        1087340091482261.4        999891266090.43262        0.0000000000000000        0.0000000000000000        0.0000000000000000        0.0000000000000000        0.0000000000000000        0.0000000000000000        0.0000000000000000     
  -7.8125000000000000E-003   0.0000000000000000        0.0000000000000000       -8.8478474834032400E-008   0.0000000000000000        0.0000000000000000       -2.1043152888699340E-011   0.0000000000000000        0.0000000000000000        1.5624999999999999E-009   9.9999999999999982E-008   1.5625000000000003E-002   72489339.433063850        1087340091482263.9        999891266090.43262        0.0000000000000000        0.0000000000000000        0.0000000000000000        0.0000000000000000        0.0000000000000000        0.0000000000000000        0.0000000000000000     
   7.8125000000000000E-003   0.0000000000000000        0.0000000000000000       -1.7696131235537454E-007   0.0000000000000000        0.0000000000000000        0.0000000000000000        0.0000000000000000        0.0000000000000000        1.5624999999999999E-009   9.9999999999999982E-008   1.5625000000000003E-002   72489339.433063909        1087340091482264.9        999891266090.43262        0.0000000000000000        0.0000000000000000        0.0000000000000000        0.0000000000000000        0.0000000000000000        0.0000000000000000        0.0000000000000000     
   2.3437500000000000E-002   0.0000000000000000        0.0000000000000000       -1.4746725439689775E-007   0.0000000000000000        0.0000000000000000        0.0000000000000000        0.0000000000000000        0.0000000000000000        1.5624999999999999E-009   9.9999999999999982E-008   1.5625000000000003E-002   72489339.433063686        1087340091482261.5        999891266090.43262        0.0000000000000000        0.0000000000000000        0.0000000000000000        0.0000000000000000        0.0000000000000000        0.0000000000000000        0.0000000000000000     
   3.9062500000000000E-002   0.0000000000000000        0.0000000000000000       -1.6986307446387280E-007   0.0000000000000000        0.0000000000000000        0.0000000000000000        0.0000000000000000        0.0000000000000000        1.5624999999999999E-009   9.9999999999999982E-008   1.5625000000000003E-002   72489339.433063656        1087340091482261.0        999891266090.43262        0.0000000000000000        0.0000000000000000        0.0000000000000000        0.0000000000000000        0.0000000000000000        0.0000000000000000        0.0000000000000000     
   5.4687500000000000E-002   0.0000000000000000        0.0000000000000000       -1.6986308052730643E-007   0.0000000000000000        0.0000000000000000        0.0000000000000000        0.0000000000000000        0.0000000000000000        1.5624999999999999E-009   9.9999999999999982E-008   1.5625000000000003E-002   72489339.433063775        1087340091482262.8        999891266090.43262        0.0000000000000000        0.0000000000000000        0.0000000000000000        0.0000000000000000        0.0000000000000000        0.0000000000000000        0.0000000000000000     
   7.0312500000000000E-002   0.0000000000000000        0.0000000000000000       -9.6127068476295698E-008   0.0000000000000000        0.0000000000000000        0.0000000000000000        0.0000000000000000        0.0000000000000000        1.5624999999999999E-009   9.9999999999999982E-008   1.5625000000000003E-002   72489339.433063641        1087340091482260.8        999891266090.43262        0.0000000000000000        0.0000000000000000        0.0000000000000000        0.0000000000000000        0.0000000000000000        0.0000000000000000        0.0000000000000000     
   8.5937500000000000E-002   0.0000000000000000        0.0000000000000000       -9.5577008450738020E-008   0.0000000000000000        0.0000000000000000        0.0000000000000000        0.0000000000000000        0.0000000000000000        1.5624999999999999E-009   9.9999999999999982E-008   1.5625000000000003E-002   72489339.433063880        1087340091482264.2        999891266090.43262        0.0000000000000000        0.0000000000000000        0.0000000000000000        0.0000000000000000        0.0000000000000000        0.0000000000000000        0.0000000000000000     
  0.10156250000000000        0.0000000000000000        0.0000000000000000       -1.1087428123404283E-007   0.0000000000000000        0.0000000000000000       -2.1043152888699340E-011   0.0000000000000000        0.0000000000000000        1.5624999999999999E-009   9.9999999999999982E-008   1.5625000000000003E-002   72489339.433063835        1087340091482263.8        999891266090.43262        0.0000000000000000        0.0000000000000000        0.0000000000000000        0.0000000000000000        0.0000000000000000        0.0000000000000000        0.0000000000000000     
  0.11718750000000000        0.0000000000000000        0.0000000000000000       -1.3271995912897863E-007   0.0000000000000000        0.0000000000000000       -2.1043152888699340E-011   0.0000000000000000        0.0000000000000000        1.5624999999999999E-009   9.9999999999999982E-008   1.5625000000000003E-002   72489339.433063850        1087340091482263.9        999891266090.43262        0.0000000000000000        0.0000000000000000        0.0000000000000000        0.0000000000000000        0.0000000000000000        0.0000000000000000        0.0000000000000000     
  0.13281250000000000        0.0000000000000000        0.0000000000000000       -1.1797288153648007E-007   0.0000000000000000        0.0000000000000000        0.0000000000000000        0.0000000000000000        0.0000000000000000        1.5624999999999999E-009   9.9999999999999982E-008   1.5625000000000003E-002   72489339.433063731        1087340091482262.1        999891266090.43262        0.0000000000000000        0.0000000000000000        0.0000000000000000        0.0000000000000000        0.0000000000000000        0.0000000000000000        0.0000000000000000     
  0.14843750000000000        0.0000000000000000        0.0000000000000000       -1.3271974117918352E-007   0.0000000000000000        0.0000000000000000        0.0000000000000000        0.0000000000000000        0.0000000000000000        1.5624999999999999E-009   9.9999999999999982E-008   1.5625000000000003E-002   72489339.433063731        1087340091482262.2        999891266090.43262        0.0000000000000000        0.0000000000000000        0.0000000000000000        0.0000000000000000        0.0000000000000000        0.0000000000000000        0.0000000000000000     
  0.16406250000000000        0.0000000000000000        0.0000000000000000       -1.1797252993133993E-007   0.0000000000000000        0.0000000000000000        2.1043152888699340E-011   0.0000000000000000        0.0000000000000000        1.5624999999999999E-009   9.9999999999999982E-008   1.5625000000000003E-002   72489339.433063701        1087340091482261.8        999891266090.43262        0.0000000000000000        0.0000000000000000        0.0000000000000000        0.0000000000000000        0.0000000000000000        0.0000000000000000        0.0000000000000000     
  0.17968750000000000        0.0000000000000000        0.0000000000000000       -1.2562121130557535E-007   0.0000000000000000        0.0000000000000000        2.1043152888699340E-011   0.0000000000000000        0.0000000000000000        1.5624999999999999E-009   9.9999999999999982E-008   1.5625000000000003E-002   72489339.433063626        1087340091482260.5        999891266090.43262        0.0000000000000000        0.0000000000000000        0.0000000000000000        0.0000000000000000        0.0000000000000000        0.0000000000000000        0.0000000000000000     
  0.19531250000000000        0.0000000000000000        0.0000000000000000       -1.1032403321621073E-007   0.0000000000000000        0.0000000000000000        2.1043152888699340E-011   0.0000000000000000        0.0000000000000000        1.5624999999999999E-009   9.9999999999999982E-008   1.5625000000000003E-002   72489339.433063641        1087340091482260.8        999891266090.43262        0.0000000000000000        0.0000000000000000        0.0000000000000000        0.0000000000000000        0.0000000000000000        0.0000000000000000        0.0000000000000000     
  0.21093750000000000        0.0000000000000000        0.0000000000000000       -1.1087389957905176E-007   0.0000000000000000        0.0000000000000000        2.1043152888699340E-011   0.0000000000000000        0.0000000000000000        1.5624999999999999E-009   9.9999999999999982E-008   1.5625000000000003E-002   72489339.433063775        1087340091482262.8        999891266090.43262        0.0000000000000000        0.0000000000000000        0.0000000000000000        0.0000000000000000        0.0000000000000000        0.0000000000000000        0.0000000000000000     
  0.22656250000000000        0.0000000000000000        0.0000000000000000       -9.5576804433487441E-008   0.0000000000000000        0.0000000000000000        2.1043152888699340E-011   0.0000000000000000        0.0000000000000000        1.5624999999999999E-009   9.9999999999999982E-008   1.5625000000000003E-002   72489339.433063835        1087340091482263.8        999891266090.43262        0.0000000000000000        0.0000000000000000        0.0000000000000000        0.0000000000000000        0.0000000000000000        0.0000000000000000        0.0000000000000000     
  0.24218750000000000        0.0000000000000000        0.0000000000000000       -1.1087389246676670E-007   0.0000000000000000        0.0000000000000000        0.0000000000000000        0.0000000000000000        0.0000000000000000        1.5624999999999999E-009   9.9999999999999982E-008   1.5625000000000003E-002   72489339.433063880        1087340091482264.5        999891266090.43262        0.0000000000000000        0.0000000000000000        0.0000000000000000        0.0000000000000000        0.0000000000000000        0.0000000000000000        0.0000000000000000     
  0.25781250000000000        0.0000000000000000        0.0000000000000000       -1.5511592504555464E-007   0.0000000000000000        0.0000000000000000       -2.1043152888699340E-011   0.0000000000000000        0.0000000000000000        1.5624999999999999E-009   9.9999999999999982E-008   1.5625000000000003E-002   72489339.433064044        1087340091482266.9        999891266090.43262        0.0000000000000000        0.0000000000000000        0.0000000000000000        0.0000000000000000        0.0000000000000000        0.0000000000000000        0.0000000000000000     
  0.27343750000000000        0.0000000000000000        0.0000000000000000       -1.3981804412405093E-007   0.0000000000000000        0.0000000000000000        0.0000000000000000        0.0000000000000000        0.0000000000000000        1.5624999999999999E-009   9.9999999999999982E-008   1.5625000000000003E-002   72489339.433063999        1087340091482266.1        999891266090.43262        0.0000000000000000        0.0000000000000000        0.0000000000000000        0.0000000000000000        0.0000000000000000        0.0000000000000000        0.0000000000000000     
  0.28906250000000000        0.0000000000000000        0.0000000000000000       -1.1797271361943747E-007   0.0000000000000000        0.0000000000000000        0.0000000000000000        0.0000000000000000        0.0000000000000000        1.5624999999999999E-009   9.9999999999999982E-008   1.5625000000000003E-002   72489339.433063969        1087340091482265.6        999891266090.43262        0.0000000000000000        0.0000000000000000        0.0000000000000000        0.0000000000000000        0.0000000000000000        0.0000000000000000        0.0000000000000000     
  0.30468750000000000        0.0000000000000000        0.0000000000000000       -1.4746672770116310E-007   0.0000000000000000        0.0000000000000000       -2.1043152888699340E-011   0.0000000000000000        0.0000000000000000        1.5624999999999999E-009   9.9999999999999982E-008   1.5625000000000003E-002   72489339.433063984        1087340091482266.0        999891266090.43262        0.0000000000000000        0.0000000000000000        0.0000000000000000        0.0000000000000000        0.0000000000000000        0.0000000000000000        0.0000000000000000     
  0.32031250000000000        0.0000000000000000        0.0000000000000000       -1.4746683859472671E-007   0.0000000000000000        0.0000000000000000        0.0000000000000000        0.0000000000000000        0.0000000000000000        1.5624999999999999E-009   9.9999999999999982E-008   1.5625000000000003E-002   72489339.433063939        1087340091482265.4        999891266090.43262        0.0000000000000000        0.0000000000000000        0.0000000000000000        0.0000000000000000        0.0000000000000000        0.0000000000000000        0.0000000000000000     
  0.33593750000000000        0.0000000000000000        0.0000000000000000       -1.6221383899710741E-007   0.0000000000000000        0.0000000000000000        0.0000000000000000        0.0000000000000000        0.0000000000000000        1.5624999999999999E-009   9.9999999999999982E-008   1.5625000000000003E-002   72489339.433063895        1087340091482264.6        999891266090.43262        0.0000000000000000        0.0000000000000000        0.0000000000000000        0.0000000000000000        0.0000000000000000        0.0000000000000000        0.0000000000000000     
  0.35156250000000000        0.0000000000000000        0.0000000000000000       -1.3271937579973068E-007   0.0000000000000000        0.0000000000000000        0.0000000000000000        0.0000000000000000        0.0000000000000000        1.5624999999999999E-009   9.9999999999999982E-008   1.5625000000000003E-002   72489339.433063790        1087340091482263.1        999891266090.43262        0.0000000000000000        0.0000000000000000        0.0000000000000000        0.0000000000000000        0.0000000000000000        0.0000000000000000        0.0000000000000000     
  0.36718750000000000        0.0000000000000000        0.0000000000000000       -1.2579677810415981E-007   0.0000000000000000        0.0000000000000000        0.0000000000000000        0.0000000000000000        0.0000000000000000        1.5624999999999999E-009   9.9999999999999982E-008   1.5625000000000003E-002   72489339.433063954        1087340091482265.5        999891266090.43262        0.0000000000000000        0.0000000000000000        0.0000000000000000        0.0000000000000000        0.0000000000000000        0.0000000000000000        0.0000000000000000     
  0.38281250000000000        0.0000000000000000        0.0000000000000000       -1.3964173758950489E-007   0.0000000000000000        0.0000000000000000       -2.1043152888699340E-011   0.0000000000000000        0.0000000000000000        1.5624999999999999E-009   9.9999999999999982E-008   1.5625000000000003E-002   72489339.433064029        1087340091482266.5        999891266090.43262        0.0000000000000000        0.0000000000000000        0.0000000000000000        0.0000000000000000        0.0000000000000000        0.0000000000000000        0.0000000000000000     
  0.39843750000000000        0.0000000000000000        0.0000000000000000       -1.3964164043263213E-007   0.0000000000000000        0.0000000000000000        0.0000000000000000        0.0000000000000000        0.0000000000000000        1.5624999999999999E-009   9.9999999999999982E-008   1.5625000000000003E-002   72489339.433064073        1087340091482267.2        999891266090.43262        0.0000000000000000        0.0000000000000000        0.0000000000000000        0.0000000000000000        0.0000000000000000        0.0000000000000000        0.0000000000000000     
  0.41406250000000000        0.0000000000000000        0.0000000000000000       -1.4054321864998517E-007   0.0000000000000000        0.0000000000000000        0.0000000000000000        0.0000000000000000        0.0000000000000000        1.5624999999999999E-009   9.9999999999999982E-008   1.5625000000000003E-002   72489339.433064029        1087340091482266.6        999891266090.43262        0.0000000000000000        0.0000000000000000        0.0000000000000000        0.0000000000000000        0.0000000000000000        0.0000000000000000        0.0000000000000000     
  0.42968750000000000        0.0000000000000000        0.0000000000000000       -1.4746571777670090E-007   0.0000000000000000        0.0000000000000000        2.1043152888699340E-011   0.0000000000000000        0.0000000000000000        1.5624999999999999E-009   9.9999999999999982E-008   1.5625000000000003E-002   72489339.433063969        1087340091482265.6        999891266090.43262        0.0000000000000000        0.0000000000000000        0.0000000000000000        0.0000000000000000        0.0000000000000000        0.0000000000000000        0.0000000000000000     
  0.44531250000000000        0.0000000000000000        0.0000000000000000       -1.4746557038813194E-007   0.0000000000000000        0.0000000000000000        2.1043152888699340E-011   0.0000000000000000        0.0000000000000000        1.5624999999999999E-009   9.9999999999999982E-008   1.5625000000000003E-002   72489339.433063984        1087340091482266.0        999891266090.43262        0.0000000000000000        0.0000000000000000        0.0000000000000000        0.0000000000000000        0.0000000000000000        0.0000000000000000        0.0000000000000000     
  0.46093750000000000        0.0000000000000000        0.0000000000000000       -1.4746552621829400E-007   0.0000000000000000        0.0000000000000000        2.1043152888699340E-011   0.0000000000000000        0.0000000000000000        1.5624999999999999E-009   9.9999999999999982E-008   1.5625000000000003E-002   72489339.433064044        1087340091482266.9        999891266090.43262        0.0000000000000000        0.0000000000000000        0.0000000000000000        0.0000000000000000        0.0000000000000000        0.0000000000000000        0.0000000000000000     
  0.47656250000000000        0.0000000000000000        0.0000000000000000       -1.4746510417701949E-007   0.0000000000000000        0.0000000000000000        2.1043152888699340E-011   0.0000000000000000        0.0000000000000000        1.5624999999999999E-009   9.9999999999999982E-008   1.5625000000000003E-002   72489339.433063954        1087340091482265.5        999891266090.43262        0.0000000000000000        0.0000000000000000        0.0000000000000000        0.0000000000000000        0.0000000000000000        0.0000000000000000        0.0000000000000000     
  0.49218750000000000        0.0000000000000000        0.0000000000000000       -1.1074661149629434E-007   0.0000000000000000        0.0000000000000000        2.1043152888699340E-011   0.0000000000000000        0.0000000000000000        1.5624999999999999E-009   9.9999999999999982E-008   1.5625000000000003E-002   72489339.433063939        1087340091482265.4        999891266090.43262        0.0000000000000000        0.0000000000000000        0.0000000000000000        0.0000000000000000        0.0000000000000000        0.0000000000000000        0.0000000000000000     
  0.50781250000000000        0.0000000000000000        0.0000000000000000       -1.1797066752462189E-007   0.0000000000000000        0.0000000000000000        0.0000000000000000        0.0000000000000000        0.0000000000000000        1.5624999999999999E-009   9.9999999999999982E-008   1.5625000000000003E-002   72489339.433063909        1087340091482264.8        999891266090.43262        0.0000000000000000        0.0000000000000000        0.0000000000000000        0.0000000000000000        0.0000000000000000        0.0000000000000000        0.0000000000000000     
  0.52343750000000000        0.0000000000000000        0.0000000000000000       -1.1797088828796658E-007   0.0000000000000000        0.0000000000000000        0.0000000000000000        0.0000000000000000        0.0000000000000000        1.5624999999999999E-009   9.9999999999999982E-008   1.5625000000000003E-002   72489339.433063760        1087340091482262.5        999891266090.43262        0.0000000000000000        0.0000000000000000        0.0000000000000000        0.0000000000000000        0.0000000000000000        0.0000000000000000        0.0000000000000000     
  0.53906250000000000        0.0000000000000000        0.0000000000000000       -1.2561932087224753E-007   0.0000000000000000        0.0000000000000000        0.0000000000000000        0.0000000000000000        0.0000000000000000        1.5624999999999999E-009   9.9999999999999982E-008   1.5625000000000003E-002   72489339.433063716        1087340091482261.9        999891266090.43262        0.0000000000000000        0.0000000000000000        0.0000000000000000        0.0000000000000000        0.0000000000000000        0.0000000000000000        0.0000000000000000     
  0.55468750000000000        0.0000000000000000        0.0000000000000000       -1.1797089576883358E-007   0.0000000000000000        0.0000000000000000        2.1043152888699340E-011   0.0000000000000000        0.0000000000000000        1.5624999999999999E-009   9.9999999999999982E-008   1.5625000000000003E-002   72489339.433063775        1087340091482262.8        999891266090.43262        0.0000000000000000        0.0000000000000000        0.0000000000000000        0.0000000000000000        0.0000000000000000        0.0000000000000000        0.0000000000000000     
  0.57031250000000000        0.0000000000000000        0.0000000000000000       -8.8475923492787122E-008   0.0000000000000000        0.0000000000000000        2.1043152888699340E-011   0.0000000000000000        0.0000000000000000        1.5624999999999999E-009   9.9999999999999982E-008   1.5625000000000003E-002   72489339.433063701        1087340091482261.8        999891266090.43262        0.0000000000000000        0.0000000000000000        0.0000000000000000        0.0000000000000000        0.0000000000000000        0.0000000000000000        0.0000000000000000     
  0.58593750000000000        0.0000000000000000        0.0000000000000000       -1.9170664874937529E-007   0.0000000000000000        0.0000000000000000        2.1043152888699340E-011   0.0000000000000000        0.0000000000000000        1.5624999999999999E-009   9.9999999999999982E-008   1.5625000000000003E-002   72489339.433063611        1087340091482260.2        999891266090.43262        0.0000000000000000        0.0000000000000000        0.0000000000000000        0.0000000000000000        0.0000000000000000        0.0000000000000000        0.0000000000000000     
  0.60156250000000000        0.0000000000000000        0.0000000000000000       -2.0645389560795342E-007   0.0000000000000000        0.0000000000000000        2.1043152888699340E-011   0.0000000000000000        0.0000000000000000        1.5624999999999999E-009   9.9999999999999982E-008   1.5625000000000003E-002   72489339.433063731        1087340091482262.1        999891266090.43262        0.0000000000000000        0.0000000000000000        0.0000000000000000        0.0000000000000000        0.0000000000000000        0.0000000000000000        0.0000000000000000     
  0.61718750000000000        0.0000000000000000        0.0000000000000000       -1.4746501654395917E-007   0.0000000000000000        0.0000000000000000        2.1043152888699340E-011   0.0000000000000000        0.0000000000000000        1.5624999999999999E-009   9.9999999999999982E-008   1.5625000000000003E-002   72489339.433063671        1087340091482261.1        999891266090.43262        0.0000000000000000        0.0000000000000000        0.0000000000000000        0.0000000000000000        0.0000000000000000        0.0000000000000000        0.0000000000000000     
  0.63281250000000000        0.0000000000000000        0.0000000000000000       -1.3271801427320697E-007   0.0000000000000000        0.0000000000000000        0.0000000000000000        0.0000000000000000        0.0000000000000000        1.5624999999999999E-009   9.9999999999999982E-008   1.5625000000000003E-002   72489339.433063656        1087340091482261.0        999891266090.43262        0.0000000000000000        0.0000000000000000        0.0000000000000000        0.0000000000000000        0.0000000000000000        0.0000000000000000        0.0000000000000000     
  0.64843750000000000        0.0000000000000000        0.0000000000000000       -1.1797070548193796E-007   0.0000000000000000        0.0000000000000000       -2.1043152888699340E-011   0.0000000000000000        0.0000000000000000        1.5624999999999999E-009   9.9999999999999982E-008   1.5625000000000003E-002   72489339.433063552        1087340091482259.5        999891266090.43262        0.0000000000000000        0.0000000000000000        0.0000000000000000        0.0000000000000000        0.0000000000000000        0.0000000000000000        0.0000000000000000     
  0.66406250000000000        0.0000000000000000        0.0000000000000000       -8.0827897330955636E-008   0.0000000000000000        0.0000000000000000        0.0000000000000000        0.0000000000000000        0.0000000000000000        1.5624999999999999E-009   9.9999999999999982E-008   1.5625000000000003E-002   72489339.433063686        1087340091482261.5        999891266090.43262        0.0000000000000000        0.0000000000000000        0.0000000000000000        0.0000000000000000        0.0000000000000000        0.0000000000000000        0.0000000000000000     
  0.67968750000000000        0.0000000000000000        0.0000000000000000       -6.6080548321293159E-008   0.0000000000000000        0.0000000000000000        0.0000000000000000        0.0000000000000000        0.0000000000000000        1.5624999999999999E-009   9.9999999999999982E-008   1.5625000000000003E-002   72489339.433063671        1087340091482261.1        999891266090.43262        0.0000000000000000        0.0000000000000000        0.0000000000000000        0.0000000000000000        0.0000000000000000        0.0000000000000000        0.0000000000000000     
  0.69531250000000000        0.0000000000000000        0.0000000000000000       -1.0322399524465078E-007   0.0000000000000000        0.0000000000000000        2.1043152888699340E-011   0.0000000000000000        0.0000000000000000        1.5624999999999999E-009   9.9999999999999982E-008   1.5625000000000003E-002   72489339.433063880        1087340091482264.2        999891266090.43262        0.0000000000000000        0.0000000000000000        0.0000000000000000        0.0000000000000000        0.0000000000000000        0.0000000000000000        0.0000000000000000     
  0.71093750000000000        0.0000000000000000        0.0000000000000000       -9.5999203301026093E-008   0.0000000000000000        0.0000000000000000        2.1043152888699340E-011   0.0000000000000000        0.0000000000000000        1.5624999999999999E-009   9.9999999999999982E-008   1.5625000000000003E-002   72489339.433063760        1087340091482262.6        999891266090.43262        0.0000000000000000        0.0000000000000000        0.0000000000000000        0.0000000000000000        0.0000000000000000        0.0000000000000000        0.0000000000000000     
  0.72656250000000000        0.0000000000000000        0.0000000000000000       -9.5999747769177604E-008   0.0000000000000000        0.0000000000000000        2.1043152888699340E-011   0.0000000000000000        0.0000000000000000        1.5624999999999999E-009   9.9999999999999982E-008   1.5625000000000003E-002   72489339.433063745        1087340091482262.4        999891266090.43262        0.0000000000000000        0.0000000000000000        0.0000000000000000        0.0000000000000000        0.0000000000000000        0.0000000000000000        0.0000000000000000     
  0.74218750000000000        0.0000000000000000        0.0000000000000000       -1.1797093348958616E-007   0.0000000000000000        0.0000000000000000        2.1043152888699340E-011   0.0000000000000000        0.0000000000000000        1.5624999999999999E-009   9.9999999999999982E-008   1.5625000000000003E-002   72489339.433063641        1087340091482260.9        999891266090.43262        0.0000000000000000        0.0000000000000000        0.0000000000000000        0.0000000000000000        0.0000000000000000        0.0000000000000000        0.0000000000000000     
  0.75781250000000000        0.0000000000000000        0.0000000000000000       -1.6221304969615972E-007   0.0000000000000000        0.0000000000000000        2.1043152888699340E-011   0.0000000000000000        0.0000000000000000        1.5624999999999999E-009   9.9999999999999982E-008   1.5625000000000003E-002   72489339.433063701        1087340091482261.8        999891266090.43262        0.0000000000000000        0.0000000000000000        0.0000000000000000        0.0000000000000000        0.0000000000000000        0.0000000000000000        0.0000000000000000     
  0.77343750000000000        0.0000000000000000        0.0000000000000000       -1.7696001891876222E-007   0.0000000000000000        0.0000000000000000        0.0000000000000000        0.0000000000000000        0.0000000000000000        1.5624999999999999E-009   9.9999999999999982E-008   1.5625000000000003E-002   72489339.433063641        1087340091482260.8        999891266090.43262        0.0000000000000000        0.0000000000000000        0.0000000000000000        0.0000000000000000        0.0000000000000000        0.0000000000000000        0.0000000000000000     
  0.78906250000000000        0.0000000000000000        0.0000000000000000       -1.4746642468712295E-007   0.0000000000000000        0.0000000000000000       -2.1043152888699340E-011   0.0000000000000000        0.0000000000000000        1.5624999999999999E-009   9.9999999999999982E-008   1.5625000000000003E-002   72489339.433063701        1087340091482261.6        999891266090.43262        0.0000000000000000        0.0000000000000000        0.0000000000000000        0.0000000000000000        0.0000000000000000        0.0000000000000000        0.0000000000000000     
  0.80468750000000000        0.0000000000000000        0.0000000000000000       -1.3271846065459552E-007   0.0000000000000000        0.0000000000000000        0.0000000000000000        0.0000000000000000        0.0000000000000000        1.5624999999999999E-009   9.9999999999999982E-008   1.5625000000000003E-002   72489339.433063820        1087340091482263.4        999891266090.43262        0.0000000000000000        0.0000000000000000        0.0000000000000000        0.0000000000000000        0.0000000000000000        0.0000000000000000        0.0000000000000000     
  0.82031250000000000        0.0000000000000000        0.0000000000000000       -1.4746656962786506E-007   0.0000000000000000        0.0000000000000000        0.0000000000000000        0.0000000000000000        0.0000000000000000        1.5624999999999999E-009   9.9999999999999982E-008   1.5625000000000003E-002   72489339.433063701        1087340091482261.6        999891266090.43262        0.0000000000000000        0.0000000000000000        0.0000000000000000        0.0000000000000000        0.0000000000000000        0.0000000000000000        0.0000000000000000     
  0.83593750000000000        0.0000000000000000        0.0000000000000000       -8.8477374349721361E-008   0.0000000000000000        0.0000000000000000       -2.1043152888699340E-011   0.0000000000000000        0.0000000000000000        1.5624999999999999E-009   9.9999999999999982E-008   1.5625000000000003E-002   72489339.433063790        1087340091482263.1        999891266090.43262        0.0000000000000000        0.0000000000000000        0.0000000000000000        0.0000000000000000        0.0000000000000000        0.0000000000000000        0.0000000000000000     
  0.85156250000000000        0.0000000000000000        0.0000000000000000       -1.1797216727577102E-007   0.0000000000000000        0.0000000000000000       -2.1043152888699340E-011   0.0000000000000000        0.0000000000000000        1.5624999999999999E-009   9.9999999999999982E-008   1.5625000000000003E-002   72489339.433063686        1087340091482261.5        999891266090.43262        0.0000000000000000        0.0000000000000000        0.0000000000000000        0.0000000000000000        0.0000000000000000        0.0000000000000000        0.0000000000000000     
  0.86718750000000000        0.0000000000000000        0.0000000000000000       -1.0322456644595620E-007   0.0000000000000000        0.0000000000000000        0.0000000000000000        0.0000000000000000        0.0000000000000000        1.5624999999999999E-009   9.9999999999999982E-008   1.5625000000000003E-002   72489339.433063939        1087340091482265.1        999891266090.43262        0.0000000000000000        0.0000000000000000        0.0000000000000000        0.0000000000000000        0.0000000000000000        0.0000000000000000        0.0000000000000000     
  0.88281250000000000        0.0000000000000000        0.0000000000000000       -1.6221362154567223E-007   0.0000000000000000        0.0000000000000000        0.0000000000000000        0.0000000000000000        0.0000000000000000        1.5624999999999999E-009   9.9999999999999982E-008   1.5625000000000003E-002   72489339.433063835        1087340091482263.6        999891266090.43262        0.0000000000000000        0.0000000000000000        0.0000000000000000        0.0000000000000000        0.0000000000000000        0.0000000000000000        0.0000000000000000     
  0.89843750000000000        0.0000000000000000        0.0000000000000000       -2.9488372596513763E-008   0.0000000000000000        0.0000000000000000       -2.1043152888699340E-011   0.0000000000000000        0.0000000000000000        1.5624999999999999E-009   9.9999999999999982E-008   1.5625000000000003E-002   72489339.433063671        1087340091482261.1        999891266090.43262        0.0000000000000000        0.0000000000000000        0.0000000000000000        0.0000000000000000        0.0000000000000000        0.0000000000000000        0.0000000000000000     
  0.91406250000000000        0.0000000000000000        0.0000000000000000       -8.8477739774160068E-008   0.0000000000000000        0.0000000000000000        0.0000000000000000        0.0000000000000000        0.0000000000000000        1.5624999999999999E-009   9.9999999999999982E-008   1.5625000000000003E-002   72489339.433063507        1087340091482258.8        999891266090.43262        0.0000000000000000        0.0000000000000000        0.0000000000000000        0.0000000000000000        0.0000000000000000        0.0000000000000000        0.0000000000000000     
  0.92968750000000000        0.0000000000000000        0.0000000000000000       -1.6221356526359791E-007   0.0000000000000000        0.0000000000000000        0.0000000000000000        0.0000000000000000        0.0000000000000000        1.5624999999999999E-009   9.9999999999999982E-008   1.5625000000000003E-002   72489339.433063626        1087340091482260.6        999891266090.43262        0.0000000000000000        0.0000000000000000        0.0000000000000000        0.0000000000000000        0.0000000000000000        0.0000000000000000        0.0000000000000000     
  0.94531250000000000        0.0000000000000000        0.0000000000000000       -1.7696111912274230E-007   0.0000000000000000        0.0000000000000000        2.1043152888699340E-011   0.0000000000000000        0.0000000000000000        1.5624999999999999E-009   9.9999999999999982E-008   1.5625000000000003E-002   72489339.433063522        1087340091482259.0        999891266090.43262        0.0000000000000000        0.0000000000000000        0.0000000000000000        0.0000000000000000        0.0000000000000000        0.0000000000000000        0.0000000000000000     
  0.96093750000000000        0.0000000000000000        0.0000000000000000       -4.4235950487895223E-008   0.0000000000000000        0.0000000000000000        2.1043152888699340E-011   0.0000000000000000        0.0000000000000000        1.5624999999999999E-009   9.9999999999999982E-008   1.5625000000000003E-002   72489339.433063611        1087340091482260.4        999891266090.43262        0.0000000000000000        0.0000000000000000        0.0000000000000000        0.0000000000000000        0.0000000000000000        0.0000000000000000        0.0000000000000000     
  0.97656250000000000        0.0000000000000000        0.0000000000000000       -7.3730667919736773E-008   0.0000000000000000        0.0000000000000000        2.1043152888699340E-011   0.0000000000000000        0.0000000000000000        1.5624999999999999E-009   9.9999999999999982E-008   1.5625000000000003E-002   72489339.433063731        1087340091482262.1        999891266090.43262        0.0000000000000000        0.0000000000000000        0.0000000000000000        0.0000000000000000        0.0000000000000000        0.0000000000000000        0.0000000000000000     
  0.99218750000000000        0.0000000000000000        0.0000000000000000       -5.8983345750294175E-008   0.0000000000000000        0.0000000000000000        2.1043152888699340E-011   0.0000000000000000        0.0000000000000000        1.5624999999999999E-009   9.9999999999999982E-008   1.5625000000000003E-002   72489339.433063805        1087340091482263.2        999891266090.43262        0.0000000000000000        0.0000000000000000        0.0000000000000000        0.0000000000000000        0.0000000000000000        0.0000000000000000        0.0000000000000000     
   1.0078125000000000        0.0000000000000000        0.0000000000000000        0.0000000000000000        0.0000000000000000        0.0000000000000000        0.0000000000000000        0.0000000000000000        0.0000000000000000        0.0000000000000000        0.0000000000000000        0.0000000000000000        0.0000000000000000        0.0000000000000000        0.0000000000000000        0.0000000000000000        0.0000000000000000        0.0000000000000000        0.0000000000000000        0.0000000000000000        0.0000000000000000        0.0000000000000000     
   1.0234375000000000        0.0000000000000000        0.0000000000000000        0.0000000000000000        0.0000000000000000        0.0000000000000000        0.0000000000000000        0.0000000000000000        0.0000000000000000        0.0000000000000000        0.0000000000000000        0.0000000000000000        0.0000000000000000        0.0000000000000000        0.0000000000000000        0.0000000000000000        0.0000000000000000        0.0000000000000000        0.0000000000000000        0.0000000000000000        0.0000000000000000        0.0000000000000000     
   1.0390625000000000        0.0000000000000000        0.0000000000000000        0.0000000000000000        0.0000000000000000        0.0000000000000000        0.0000000000000000        0.0000000000000000        0.0000000000000000        0.0000000000000000        0.0000000000000000        0.0000000000000000        0.0000000000000000        0.0000000000000000        0.0000000000000000        0.0000000000000000        0.0000000000000000        0.0000000000000000        0.0000000000000000        0.0000000000000000        0.0000000000000000        0.0000000000000000     
  -1.0390625000000000        0.0000000000000000        0.0000000000000000        0.0000000000000000        0.0000000000000000        0.0000000000000000        0.0000000000000000        0.0000000000000000        0.0000000000000000        0.0000000000000000        0.0000000000000000        0.0000000000000000        0.0000000000000000        0.0000000000000000        0.0000000000000000        0.0000000000000000        0.0000000000000000        0.0000000000000000        0.0000000000000000        0.0000000000000000        0.0000000000000000        0.0000000000000000     
  -1.0234375000000000        0.0000000000000000        0.0000000000000000        0.0000000000000000        0.0000000000000000        0.0000000000000000        0.0000000000000000        0.0000000000000000        0.0000000000000000        0.0000000000000000        0.0000000000000000        0.0000000000000000        0.0000000000000000        0.0000000000000000        0.0000000000000000        0.0000000000000000        0.0000000000000000        0.0000000000000000        0.0000000000000000        0.0000000000000000        0.0000000000000000        0.0000000000000000     
  -1.0078125000000000        0.0000000000000000        0.0000000000000000        0.0000000000000000        0.0000000000000000        0.0000000000000000        0.0000000000000000        0.0000000000000000        0.0000000000000000        0.0000000000000000        0.0000000000000000        0.0000000000000000        0.0000000000000000        0.0000000000000000        0.0000000000000000        0.0000000000000000        0.0000000000000000        0.0000000000000000        0.0000000000000000        0.0000000000000000        0.0000000000000000        0.0000000000000000     
