   1.7799999999999956E-007
 -0.99218749999997491        0.0000000000000000        0.0000000000000000        5.4161584653083985E-004   0.0000000000000000        0.0000000000000000       -83509248.000000000        0.0000000000000000        0.0000000000000000        1.5624999999999999E-009   9.9999999999910461E-008   1.5625000000013978E-002   121700381.44269194        1825505721616004.5        999817449527.06628        0.0000000000000000        0.0000000000000000        0.0000000000000000        0.0000000000000000        0.0000000000000000        0.0000000000000000        0.0000000000000000     
 -0.97656249999996403        0.0000000000000000        0.0000000000000000       -5.3761307426523517E-004   0.0000000000000000        0.0000000000000000        55083008.000000000        0.0000000000000000        0.0000000000000000        1.5624999999999999E-009   9.9999999999918627E-008   1.5625000000012722E-002   121700381.44271904        1825505721616260.5        999817449527.06628        0.0000000000000000        0.0000000000000000        0.0000000000000000        0.0000000000000000        0.0000000000000000        0.0000000000000000        0.0000000000000000     
 -0.96093749999994948        0.0000000000000000        0.0000000000000000        5.6782442272236317E-004   0.0000000000000000        0.0000000000000000       -29016064.000001732        0.0000000000000000        0.0000000000000000        1.5624999999999999E-009   9.9999999999913678E-008   1.5625000000013479E-002   121700381.44268169        1825505721615791.8        999817449527.06628        0.0000000000000000        0.0000000000000000        0.0000000000000000        0.0000000000000000        0.0000000000000000        0.0000000000000000        0.0000000000000000     
 -0.94531249999993705        0.0000000000000000        0.0000000000000000       -6.0326419861222839E-004   0.0000000000000000        0.0000000000000000        8142848.0000000000        0.0000000000000000        0.0000000000000000        1.5624999999999999E-009   9.9999999999920057E-008   1.5625000000012497E-002   121700381.44271971        1825505721616244.8        999817449527.06628        0.0000000000000000        0.0000000000000000        0.0000000000000000        0.0000000000000000        0.0000000000000000        0.0000000000000000        0.0000000000000000     
 -0.92968749999992450        0.0000000000000000        0.0000000000000000        6.5422208468593642E-004   0.0000000000000000        0.0000000000000000        8388608.0000000000        0.0000000000000000        0.0000000000000000        1.5624999999999999E-009   9.9999999999918270E-008   1.5625000000012761E-002   121700381.44272049        1825505721616290.0        999817449527.06628        0.0000000000000000        0.0000000000000000        0.0000000000000000        0.0000000000000000        0.0000000000000000        0.0000000000000000        0.0000000000000000     
 -0.91406249999991152        0.0000000000000000        0.0000000000000000       -6.0399043354282371E-004   0.0000000000000000        0.0000000000000000       -23920640.000000000        0.0000000000000000        0.0000000000000000        1.5624999999999999E-009   9.9999999999923961E-008   1.5625000000011883E-002   121700381.44271523        1825505721616106.2        999817449527.06628        0.0000000000000000        0.0000000000000000        0.0000000000000000        0.0000000000000000        0.0000000000000000        0.0000000000000000        0.0000000000000000     
 -0.89843749999990075        0.0000000000000000        0.0000000000000000        6.3547337658584205E-004   0.0000000000000000        0.0000000000000000        38027264.000000089        0.0000000000000000        0.0000000000000000        1.5624999999999999E-009   9.9999999999922545E-008   1.5625000000012094E-002   121700381.44270831        1825505721616029.5        999817449527.06628        0.0000000000000000        0.0000000000000000        0.0000000000000000        0.0000000000000000        0.0000000000000000        0.0000000000000000        0.0000000000000000     
 -0.88281249999988731        0.0000000000000000        0.0000000000000000       -5.8135364694685704E-004   0.0000000000000000        0.0000000000000000       -56229888.000000000        0.0000000000000000        0.0000000000000000        1.5624999999999999E-009   9.9999999999927151E-008   1.5625000000011390E-002   121700381.44272281        1825505721616161.5        999817449527.06628        0.0000000000000000        0.0000000000000000        0.0000000000000000        0.0000000000000000        0.0000000000000000        0.0000000000000000        0.0000000000000000     
 -0.86718749999987799        0.0000000000000000        0.0000000000000000        5.6518287271660049E-004   0.0000000000000000        0.0000000000000000        86196224.000001743        0.0000000000000000        0.0000000000000000        1.5624999999999999E-009   9.9999999999920771E-008   1.5625000000012369E-002   121700381.44272771        1825505721616353.2        999817449527.06628        0.0000000000000000        0.0000000000000000        0.0000000000000000        0.0000000000000000        0.0000000000000000        0.0000000000000000        0.0000000000000000     
 -0.85156249999986255        0.0000000000000000        0.0000000000000000       -3.9371423286549948E-004   0.0000000000000000        0.0000000000000000       -122208256.00000000        0.0000000000000000        0.0000000000000000        1.5624999999999999E-009   9.9999999999931068E-008   1.5625000000010780E-002   121700381.44273591        1825505721616286.5        999817449527.06628        0.0000000000000000        0.0000000000000000        0.0000000000000000        0.0000000000000000        0.0000000000000000        0.0000000000000000        0.0000000000000000     
 -0.83593749999985645        0.0000000000000000        0.0000000000000000        3.1858536649817244E-004   0.0000000000000000        0.0000000000000000        153796608.00000089        0.0000000000000000        0.0000000000000000        1.5624999999999999E-009   9.9999999999924318E-008   1.5625000000011817E-002   121700381.44273330        1825505721616371.8        999817449527.06628        0.0000000000000000        0.0000000000000000        0.0000000000000000        0.0000000000000000        0.0000000000000000        0.0000000000000000        0.0000000000000000     
 -0.82031249999983891        0.0000000000000000        0.0000000000000000       -3.2193616334064373E-005   0.0000000000000000        0.0000000000000000       -167575552.00000066        0.0000000000000000        0.0000000000000000        1.5624999999999999E-009   9.9999999999929295E-008   1.5625000000011047E-002   121700381.44275036        1825505721616536.5        999817449527.06628        0.0000000000000000        0.0000000000000000        0.0000000000000000        0.0000000000000000        0.0000000000000000        0.0000000000000000        0.0000000000000000     
 -0.80468749999983435        0.0000000000000000        0.0000000000000000       -9.9753269700027399E-005   0.0000000000000000        0.0000000000000000        159350784.00000000        0.0000000000000000        0.0000000000000000        1.5624999999999999E-009   9.9999999999933199E-008   1.5625000000010443E-002   121700381.44274250        1825505721616346.8        999817449527.06628        0.0000000000000000        0.0000000000000000        0.0000000000000000        0.0000000000000000        0.0000000000000000        0.0000000000000000        0.0000000000000000     
 -0.78906249999981803        0.0000000000000000        0.0000000000000000        4.3876053912145208E-004   0.0000000000000000        0.0000000000000000       -131727360.00000000        0.0000000000000000        0.0000000000000000        1.5624999999999999E-009   9.9999999999927865E-008   1.5625000000011258E-002   121700381.44273707        1825505721616364.2        999817449527.06628        0.0000000000000000        0.0000000000000000        0.0000000000000000        0.0000000000000000        0.0000000000000000        0.0000000000000000        0.0000000000000000     
 -0.77343749999981182        0.0000000000000000        0.0000000000000000       -4.2746373999013568E-004   0.0000000000000000        0.0000000000000000        93782016.000000000        0.0000000000000000        0.0000000000000000        1.5624999999999999E-009   9.9999999999940293E-008   1.5625000000009343E-002   121700381.44277316        1825505721616676.5        999817449527.06628        0.0000000000000000        0.0000000000000000        0.0000000000000000        0.0000000000000000        0.0000000000000000        0.0000000000000000        0.0000000000000000     
 -0.75781249999979938        0.0000000000000000        0.0000000000000000        6.3376502324150681E-004   0.0000000000000000        0.0000000000000000       -57393152.000000000        0.0000000000000000        0.0000000000000000        1.5624999999999999E-009   9.9999999999934972E-008   1.5625000000010152E-002   121700381.44274098        1825505721616293.0        999817449527.06628        0.0000000000000000        0.0000000000000000        0.0000000000000000        0.0000000000000000        0.0000000000000000        0.0000000000000000        0.0000000000000000     
 -0.74218749999979150        0.0000000000000000        0.0000000000000000       -5.0005741134773987E-004   0.0000000000000000        0.0000000000000000        23625728.000000000        0.0000000000000000        0.0000000000000000        1.5624999999999999E-009   9.9999999999946341E-008   1.5625000000008393E-002   121700381.44275454        1825505721616287.2        999817449527.06628        0.0000000000000000        0.0000000000000000        0.0000000000000000        0.0000000000000000        0.0000000000000000        0.0000000000000000        0.0000000000000000     
 -0.72656249999978262        0.0000000000000000        0.0000000000000000        6.2114936448292538E-004   0.0000000000000000        0.0000000000000000        1720320.0000000000        0.0000000000000000        0.0000000000000000        1.5624999999999999E-009   9.9999999999942781E-008   1.5625000000008934E-002   121700381.44276041        1825505721616441.5        999817449527.06628        0.0000000000000000        0.0000000000000000        0.0000000000000000        0.0000000000000000        0.0000000000000000        0.0000000000000000        0.0000000000000000     
 -0.71093749999977363        0.0000000000000000        0.0000000000000000       -5.4406026676181150E-004   0.0000000000000000        0.0000000000000000       -17629184.000000000        0.0000000000000000        0.0000000000000000        1.5624999999999999E-009   9.9999999999948115E-008   1.5625000000008108E-002   121700381.44276729        1825505721616446.5        999817449527.06628        0.0000000000000000        0.0000000000000000        0.0000000000000000        0.0000000000000000        0.0000000000000000        0.0000000000000000        0.0000000000000000     
 -0.69531249999976641        0.0000000000000000        0.0000000000000000        7.1331795079063284E-004   0.0000000000000000        0.0000000000000000        29917183.999998946        0.0000000000000000        0.0000000000000000        1.5624999999999999E-009   9.9999999999947413E-008   1.5625000000008212E-002   121700381.44276787        1825505721616468.8        999817449527.06628        0.0000000000000000        0.0000000000000000        0.0000000000000000        0.0000000000000000        0.0000000000000000        0.0000000000000000        0.0000000000000000     
 -0.67968749999975719        0.0000000000000000        0.0000000000000000       -6.0359307600972025E-004   0.0000000000000000        0.0000000000000000       -43958272.000000000        0.0000000000000000        0.0000000000000000        1.5624999999999999E-009   9.9999999999952376E-008   1.5625000000007445E-002   121700381.44278313        1825505721616606.0        999817449527.06628        0.0000000000000000        0.0000000000000000        0.0000000000000000        0.0000000000000000        0.0000000000000000        0.0000000000000000        0.0000000000000000     
 -0.66406249999975153        0.0000000000000000        0.0000000000000000        6.8392402284323482E-004   0.0000000000000000        0.0000000000000000        60424192.000000000        0.0000000000000000        0.0000000000000000        1.5624999999999999E-009   9.9999999999949901E-008   1.5625000000007824E-002   121700381.44277835        1825505721616580.5        999817449527.06628        0.0000000000000000        0.0000000000000000        0.0000000000000000        0.0000000000000000        0.0000000000000000        0.0000000000000000        0.0000000000000000     
 -0.64843749999974154        0.0000000000000000        0.0000000000000000       -5.2806416719774043E-004   0.0000000000000000        0.0000000000000000       -75595776.000000000        0.0000000000000000        0.0000000000000000        1.5624999999999999E-009   9.9999999999955235E-008   1.5625000000006998E-002   121700381.44278210        1825505721616538.5        999817449527.06628        0.0000000000000000        0.0000000000000000        0.0000000000000000        0.0000000000000000        0.0000000000000000        0.0000000000000000        0.0000000000000000     
 -0.63281249999973754        0.0000000000000000        0.0000000000000000        5.7717515716423061E-004   0.0000000000000000        0.0000000000000000        93454336.000000045        0.0000000000000000        0.0000000000000000        1.5624999999999999E-009   9.9999999999954163E-008   1.5625000000007154E-002   121700381.44280407        1825505721616888.5        999817449527.06628        0.0000000000000000        0.0000000000000000        0.0000000000000000        0.0000000000000000        0.0000000000000000        0.0000000000000000        0.0000000000000000     
 -0.61718749999972722        0.0000000000000000        0.0000000000000000       -3.2863530571455732E-004   0.0000000000000000        0.0000000000000000       -116588544.00000000        0.0000000000000000        0.0000000000000000        1.5624999999999999E-009   9.9999999999963044E-008   1.5625000000005780E-002   121700381.44282433        1825505721617029.5        999817449527.06628        0.0000000000000000        0.0000000000000000        0.0000000000000000        0.0000000000000000        0.0000000000000000        0.0000000000000000        0.0000000000000000     
 -0.60156249999972600        0.0000000000000000        0.0000000000000000        3.1103747119981832E-004   0.0000000000000000        0.0000000000000000        141017088.00000036        0.0000000000000000        0.0000000000000000        1.5624999999999999E-009   9.9999999999960185E-008   1.5625000000006214E-002   121700381.44278529        1825505721616497.0        999817449527.06628        0.0000000000000000        0.0000000000000000        0.0000000000000000        0.0000000000000000        0.0000000000000000        0.0000000000000000        0.0000000000000000     
 -0.58593749999971478        0.0000000000000000        0.0000000000000000        9.0761397372078406E-006   0.0000000000000000        0.0000000000000000       -154337280.00000000        0.0000000000000000        0.0000000000000000        1.5624999999999999E-009   9.9999999999967676E-008   1.5625000000005048E-002   121700381.44280207        1825505721616611.5        999817449527.06628        0.0000000000000000        0.0000000000000000        0.0000000000000000        0.0000000000000000        0.0000000000000000        0.0000000000000000        0.0000000000000000     
 -0.57031249999971589        0.0000000000000000        0.0000000000000000       -4.8083517165375202E-005   0.0000000000000000        0.0000000000000000        147177472.00000000        0.0000000000000000        0.0000000000000000        1.5624999999999999E-009   9.9999999999972996E-008   1.5625000000004226E-002   121700381.44281793        1825505721616751.5        999817449527.06628        0.0000000000000000        0.0000000000000000        0.0000000000000000        0.0000000000000000        0.0000000000000000        0.0000000000000000        0.0000000000000000     
 -0.55468749999970635        0.0000000000000000        0.0000000000000000        3.5954366391969655E-004   0.0000000000000000        0.0000000000000000       -120913920.00000662        0.0000000000000000        0.0000000000000000        1.5624999999999999E-009   9.9999999999969079E-008   1.5625000000004823E-002   121700381.44280693        1825505721616659.5        999817449527.06628        0.0000000000000000        0.0000000000000000        0.0000000000000000        0.0000000000000000        0.0000000000000000        0.0000000000000000        0.0000000000000000     
 -0.53906249999970623        0.0000000000000000        0.0000000000000000       -3.9140348322525828E-004   0.0000000000000000        0.0000000000000000        92831744.000000000        0.0000000000000000        0.0000000000000000        1.5624999999999999E-009   9.9999999999981506E-008   1.5625000000002894E-002   121700381.44282444        1825505721616693.8        999817449527.06628        0.0000000000000000        0.0000000000000000        0.0000000000000000        0.0000000000000000        0.0000000000000000        0.0000000000000000        0.0000000000000000     
 -0.52343749999970057        0.0000000000000000        0.0000000000000000        5.4269381829057605E-004   0.0000000000000000        0.0000000000000000       -76529664.000000000        0.0000000000000000        0.0000000000000000        1.5624999999999999E-009   9.9999999999984008E-008   1.5625000000002495E-002   121700381.44287452        1825505721617400.5        999817449527.06628        0.0000000000000000        0.0000000000000000        0.0000000000000000        0.0000000000000000        0.0000000000000000        0.0000000000000000        0.0000000000000000     
 -0.50781249999970124        0.0000000000000000        0.0000000000000000       -4.4561219540587775E-004   0.0000000000000000        0.0000000000000000        68943872.000000000        0.0000000000000000        0.0000000000000000        1.5624999999999999E-009   9.9999999999992187E-008   1.5625000000001225E-002   121700381.44290002        1825505721617633.0        999817449527.06628        0.0000000000000000        0.0000000000000000        0.0000000000000000        0.0000000000000000        0.0000000000000000        0.0000000000000000        0.0000000000000000     
 -0.49218749999969813        0.0000000000000000        0.0000000000000000        5.5135557927782786E-004   0.0000000000000000        0.0000000000000000       -64897024.000000000        0.0000000000000000        0.0000000000000000        1.5624999999999999E-009   9.9999999999998923E-008   1.5625000000000167E-002   121700381.44287170        1825505721617085.8        999817449527.06628        0.0000000000000000        0.0000000000000000        0.0000000000000000        0.0000000000000000        0.0000000000000000        0.0000000000000000        0.0000000000000000     
 -0.47656249999970091        0.0000000000000000        0.0000000000000000       -3.6784488594294741E-004   0.0000000000000000        0.0000000000000000        51380224.000000000        0.0000000000000000        0.0000000000000000        1.5624999999999999E-009   1.0000000000000798E-007   1.5624999999998761E-002   121700381.44290066        1825505721617354.0        999817449527.06628        0.0000000000000000        0.0000000000000000        0.0000000000000000        0.0000000000000000        0.0000000000000000        0.0000000000000000        0.0000000000000000     
 -0.46093749999970063        0.0000000000000000        0.0000000000000000        4.2590502758070104E-004   0.0000000000000000        0.0000000000000000       -22462463.999999929        0.0000000000000000        0.0000000000000000        1.5624999999999999E-009   1.0000000000000673E-007   1.5624999999998940E-002   121700381.44289368        1825505721617273.2        999817449527.06628        0.0000000000000000        0.0000000000000000        0.0000000000000000        0.0000000000000000        0.0000000000000000        0.0000000000000000        0.0000000000000000     
 -0.44531249999970302        0.0000000000000000        0.0000000000000000       -2.3974443816395365E-004   0.0000000000000000        0.0000000000000000       -12156928.000000000        0.0000000000000000        0.0000000000000000        1.5624999999999999E-009   1.0000000000002201E-007   1.5624999999996574E-002   121700381.44290991        1825505721617236.5        999817449527.06628        0.0000000000000000        0.0000000000000000        0.0000000000000000        0.0000000000000000        0.0000000000000000        0.0000000000000000        0.0000000000000000     
 -0.42968749999970751        0.0000000000000000        0.0000000000000000        2.8287602276988493E-004   0.0000000000000000        0.0000000000000000        39796735.999996342        0.0000000000000000        0.0000000000000000        1.5624999999999999E-009   1.0000000000002148E-007   1.5624999999996638E-002   121700381.44291231        1825505721617283.5        999817449527.06628        0.0000000000000000        0.0000000000000000        0.0000000000000000        0.0000000000000000        0.0000000000000000        0.0000000000000000        0.0000000000000000     
 -0.41406249999970973        0.0000000000000000        0.0000000000000000       -9.3724060912145241E-005   0.0000000000000000        0.0000000000000000       -55427072.000000000        0.0000000000000000        0.0000000000000000        1.5624999999999999E-009   1.0000000000003070E-007   1.5624999999995207E-002   121700381.44295105        1825505721617695.5        999817449527.06628        0.0000000000000000        0.0000000000000000        0.0000000000000000        0.0000000000000000        0.0000000000000000        0.0000000000000000        0.0000000000000000     
 -0.39843749999971712        0.0000000000000000        0.0000000000000000        1.7128632715802827E-004   0.0000000000000000        0.0000000000000000        64733184.000000000        0.0000000000000000        0.0000000000000000        1.5624999999999999E-009   1.0000000000003516E-007   1.5624999999994503E-002   121700381.44295865        1825505721617728.5        999817449527.06628        0.0000000000000000        0.0000000000000000        0.0000000000000000        0.0000000000000000        0.0000000000000000        0.0000000000000000        0.0000000000000000     
 -0.38281249999972072        0.0000000000000000        0.0000000000000000       -3.4490010555907294E-005   0.0000000000000000        0.0000000000000000       -73449472.000000000        0.0000000000000000        0.0000000000000000        1.5624999999999999E-009   1.0000000000004331E-007   1.5624999999993236E-002   121700381.44295162        1825505721617473.5        999817449527.06628        0.0000000000000000        0.0000000000000000        0.0000000000000000        0.0000000000000000        0.0000000000000000        0.0000000000000000        0.0000000000000000     
 -0.36718749999973066        0.0000000000000000        0.0000000000000000        7.7108093116781952E-005   0.0000000000000000        0.0000000000000000        79822848.000000000        0.0000000000000000        0.0000000000000000        1.5624999999999999E-009   1.0000000000004707E-007   1.5624999999992643E-002   121700381.44296384        1825505721617588.5        999817449527.06628        0.0000000000000000        0.0000000000000000        0.0000000000000000        0.0000000000000000        0.0000000000000000        0.0000000000000000        0.0000000000000000     
 -0.35156249999973543        0.0000000000000000        0.0000000000000000        1.0985405673938397E-004   0.0000000000000000        0.0000000000000000       -81264640.000000000        0.0000000000000000        0.0000000000000000        1.5624999999999999E-009   1.0000000000005204E-007   1.5624999999991868E-002   121700381.44298226        1825505721617774.2        999817449527.06628        0.0000000000000000        0.0000000000000000        0.0000000000000000        0.0000000000000000        0.0000000000000000        0.0000000000000000        0.0000000000000000     
 -0.33593749999974692        0.0000000000000000        0.0000000000000000       -6.8073447299126595E-005   0.0000000000000000        0.0000000000000000        75153408.000000000        0.0000000000000000        0.0000000000000000        1.5624999999999999E-009   1.0000000000005717E-007   1.5624999999991070E-002   121700381.44299912        1825505721617933.2        999817449527.06628        0.0000000000000000        0.0000000000000000        0.0000000000000000        0.0000000000000000        0.0000000000000000        0.0000000000000000        0.0000000000000000     
 -0.32031249999975331        0.0000000000000000        0.0000000000000000        2.3448343359830671E-004   0.0000000000000000        0.0000000000000000       -62177279.999999993        0.0000000000000000        0.0000000000000000        1.5624999999999999E-009   1.0000000000005683E-007   1.5624999999991113E-002   121700381.44298759        1825505721617767.2        999817449527.06628        0.0000000000000000        0.0000000000000000        0.0000000000000000        0.0000000000000000        0.0000000000000000        0.0000000000000000        0.0000000000000000     
 -0.30468749999976469        0.0000000000000000        0.0000000000000000       -1.6725794912739918E-004   0.0000000000000000        0.0000000000000000        47595520.000000000        0.0000000000000000        0.0000000000000000        1.5624999999999999E-009   1.0000000000006340E-007   1.5624999999990098E-002   121700381.44300511        1825505721617909.2        999817449527.06628        0.0000000000000000        0.0000000000000000        0.0000000000000000        0.0000000000000000        0.0000000000000000        0.0000000000000000        0.0000000000000000     
 -0.28906249999977313        0.0000000000000000        0.0000000000000000        3.0790939162572619E-004   0.0000000000000000        0.0000000000000000       -38666240.000000112        0.0000000000000000        0.0000000000000000        1.5624999999999999E-009   1.0000000000006323E-007   1.5624999999990119E-002   121700381.44300832        1825505721617961.0        999817449527.06628        0.0000000000000000        0.0000000000000000        0.0000000000000000        0.0000000000000000        0.0000000000000000        0.0000000000000000        0.0000000000000000     
 -0.27343749999978445        0.0000000000000000        0.0000000000000000       -2.0353284690484896E-004   0.0000000000000000        0.0000000000000000        34996224.000000000        0.0000000000000000        0.0000000000000000        1.5624999999999999E-009   1.0000000000006482E-007   1.5624999999989876E-002   121700381.44299957        1825505721617800.5        999817449527.06628        0.0000000000000000        0.0000000000000000        0.0000000000000000        0.0000000000000000        0.0000000000000000        0.0000000000000000        0.0000000000000000     
 -0.25781249999979339        0.0000000000000000        0.0000000000000000        2.2302233782720324E-004   0.0000000000000000        0.0000000000000000       -33406976.000000000        0.0000000000000000        0.0000000000000000        1.5624999999999999E-009   1.0000000000006473E-007   1.5624999999989887E-002   121700381.44300944        1825505721617950.2        999817449527.06628        0.0000000000000000        0.0000000000000000        0.0000000000000000        0.0000000000000000        0.0000000000000000        0.0000000000000000        0.0000000000000000     
 -0.24218749999980468        0.0000000000000000        0.0000000000000000       -1.4324141049735820E-004   0.0000000000000000        0.0000000000000000        37781503.999999605        0.0000000000000000        0.0000000000000000        1.5624999999999999E-009   1.0000000000006421E-007   1.5624999999989965E-002   121700381.44300546        1825505721617900.0        999817449527.06628        0.0000000000000000        0.0000000000000000        0.0000000000000000        0.0000000000000000        0.0000000000000000        0.0000000000000000        0.0000000000000000     
 -0.22656249999981345        0.0000000000000000        0.0000000000000000        9.7631500051199071E-005   0.0000000000000000        0.0000000000000000       -41582592.000000350        0.0000000000000000        0.0000000000000000        1.5624999999999999E-009   1.0000000000006731E-007   1.5624999999989484E-002   121700381.44300979        1825505721617908.5        999817449527.06628        0.0000000000000000        0.0000000000000000        0.0000000000000000        0.0000000000000000        0.0000000000000000        0.0000000000000000        0.0000000000000000     
 -0.21093749999982572        0.0000000000000000        0.0000000000000000       -4.4711343145534353E-006   0.0000000000000000        0.0000000000000000        40386560.000000000        0.0000000000000000        0.0000000000000000        1.5624999999999999E-009   1.0000000000007014E-007   1.5624999999989042E-002   121700381.44301738        1825505721617970.5        999817449527.06628        0.0000000000000000        0.0000000000000000        0.0000000000000000        0.0000000000000000        0.0000000000000000        0.0000000000000000        0.0000000000000000     
 -0.19531249999983538        0.0000000000000000        0.0000000000000000       -4.3683022054867530E-006   0.0000000000000000        0.0000000000000000       -36847616.000000000        0.0000000000000000        0.0000000000000000        1.5624999999999999E-009   1.0000000000007156E-007   1.5624999999988820E-002   121700381.44302578        1825505721618070.8        999817449527.06628        0.0000000000000000        0.0000000000000000        0.0000000000000000        0.0000000000000000        0.0000000000000000        0.0000000000000000        0.0000000000000000     
 -0.17968749999984809        0.0000000000000000        0.0000000000000000        1.0289776617466718E-004   0.0000000000000000        0.0000000000000000        31326208.000000000        0.0000000000000000        0.0000000000000000        1.5624999999999999E-009   1.0000000000007468E-007   1.5624999999988334E-002   121700381.44302988        1825505721618075.0        999817449527.06628        0.0000000000000000        0.0000000000000000        0.0000000000000000        0.0000000000000000        0.0000000000000000        0.0000000000000000        0.0000000000000000     
 -0.16406249999985872        0.0000000000000000        0.0000000000000000       -7.9662429609796614E-005   0.0000000000000000        0.0000000000000000       -22200320.000001103        0.0000000000000000        0.0000000000000000        1.5624999999999999E-009   1.0000000000007451E-007   1.5624999999988357E-002   121700381.44301918        1825505721617918.2        999817449527.06628        0.0000000000000000        0.0000000000000000        0.0000000000000000        0.0000000000000000        0.0000000000000000        0.0000000000000000        0.0000000000000000     
 -0.14843749999987138        0.0000000000000000        0.0000000000000000        1.9564412117793251E-004   0.0000000000000000        0.0000000000000000        8454144.0000000000        0.0000000000000000        0.0000000000000000        1.5624999999999999E-009   1.0000000000007956E-007   1.5624999999987574E-002   121700381.44303262        1825505721618026.8        999817449527.06628        0.0000000000000000        0.0000000000000000        0.0000000000000000        0.0000000000000000        0.0000000000000000        0.0000000000000000        0.0000000000000000     
 -0.13281249999988359        0.0000000000000000        0.0000000000000000       -1.6835043190367008E-004   0.0000000000000000        0.0000000000000000        5308416.0000000000        0.0000000000000000        0.0000000000000000        1.5624999999999999E-009   1.0000000000007725E-007   1.5624999999987928E-002   121700381.44303045        1825505721618037.2        999817449527.06628        0.0000000000000000        0.0000000000000000        0.0000000000000000        0.0000000000000000        0.0000000000000000        0.0000000000000000        0.0000000000000000     
 -0.11718749999989553        0.0000000000000000        0.0000000000000000        2.2195530748871423E-004   0.0000000000000000        0.0000000000000000       -16515072.000000000        0.0000000000000000        0.0000000000000000        1.5624999999999999E-009   1.0000000000008041E-007   1.5624999999987441E-002   121700381.44303627        1825505721618066.2        999817449527.06628        0.0000000000000000        0.0000000000000000        0.0000000000000000        0.0000000000000000        0.0000000000000000        0.0000000000000000        0.0000000000000000     
 -0.10156249999990873        0.0000000000000000        0.0000000000000000       -1.9403741388842555E-004   0.0000000000000000        0.0000000000000000        25935872.000000156        0.0000000000000000        0.0000000000000000        1.5624999999999999E-009   1.0000000000007850E-007   1.5624999999987730E-002   121700381.44303311        1825505721618054.2        999817449527.06628        0.0000000000000000        0.0000000000000000        0.0000000000000000        0.0000000000000000        0.0000000000000000        0.0000000000000000        0.0000000000000000     
  -8.5937499999920064E-002   0.0000000000000000        0.0000000000000000        2.1861028786403187E-004   0.0000000000000000        0.0000000000000000       -30851072.000000000        0.0000000000000000        0.0000000000000000        1.5624999999999999E-009   1.0000000000008036E-007   1.5624999999987446E-002   121700381.44303574        1825505721618059.2        999817449527.06628        0.0000000000000000        0.0000000000000000        0.0000000000000000        0.0000000000000000        0.0000000000000000        0.0000000000000000        0.0000000000000000     
  -7.0312499999933845E-002   0.0000000000000000        0.0000000000000000       -1.7113318654347307E-004   0.0000000000000000        0.0000000000000000        31162368.000000000        0.0000000000000000        0.0000000000000000        1.5624999999999999E-009   1.0000000000008139E-007   1.5624999999987286E-002   121700381.44303927        1825505721618093.5        999817449527.06628        0.0000000000000000        0.0000000000000000        0.0000000000000000        0.0000000000000000        0.0000000000000000        0.0000000000000000        0.0000000000000000     
  -5.4687499999945509E-002   0.0000000000000000        0.0000000000000000        1.8808727819742078E-004   0.0000000000000000        0.0000000000000000       -27770880.000000000        0.0000000000000000        0.0000000000000000        1.5624999999999999E-009   1.0000000000008189E-007   1.5624999999987203E-002   121700381.44304039        1825505721618101.2        999817449527.06628        0.0000000000000000        0.0000000000000000        0.0000000000000000        0.0000000000000000        0.0000000000000000        0.0000000000000000        0.0000000000000000     
  -3.9062499999959442E-002   0.0000000000000000        0.0000000000000000       -1.3469505368972310E-004   0.0000000000000000        0.0000000000000000        22986752.000000000        0.0000000000000000        0.0000000000000000        1.5624999999999999E-009   1.0000000000008486E-007   1.5624999999986743E-002   121700381.44304541        1825505721618122.2        999817449527.06628        0.0000000000000000        0.0000000000000000        0.0000000000000000        0.0000000000000000        0.0000000000000000        0.0000000000000000        0.0000000000000000     
  -2.3437499999972036E-002   0.0000000000000000        0.0000000000000000        9.1595514206308548E-005   0.0000000000000000        0.0000000000000000       -18382848.000000384        0.0000000000000000        0.0000000000000000        1.5624999999999999E-009   1.0000000000008586E-007   1.5624999999986582E-002   121700381.44304776        1825505721618139.2        999817449527.06628        0.0000000000000000        0.0000000000000000        0.0000000000000000        0.0000000000000000        0.0000000000000000        0.0000000000000000        0.0000000000000000     
  -7.8124999999862740E-003   0.0000000000000000        0.0000000000000000       -4.8232768643112776E-005   0.0000000000000000        0.0000000000000000        11976704.000000000        0.0000000000000000        0.0000000000000000        1.5624999999999999E-009   1.0000000000008885E-007   1.5624999999986119E-002   121700381.44305223        1825505721618151.5        999817449527.06628        0.0000000000000000        0.0000000000000000        0.0000000000000000        0.0000000000000000        0.0000000000000000        0.0000000000000000        0.0000000000000000     
   7.8125000000001943E-003   0.0000000000000000        0.0000000000000000       -1.0588207279776187E-005   0.0000000000000000        0.0000000000000000       -3457024.0000000000        0.0000000000000000        0.0000000000000000        1.5624999999999999E-009   1.0000000000008782E-007   1.5624999999986275E-002   121700381.44305237        1825505721618172.8        999817449527.06628        0.0000000000000000        0.0000000000000000        0.0000000000000000        0.0000000000000000        0.0000000000000000        0.0000000000000000        0.0000000000000000     
   2.3437499999986278E-002   0.0000000000000000        0.0000000000000000        3.3845512142200819E-005   0.0000000000000000        0.0000000000000000       -4964352.0000000000        0.0000000000000000        0.0000000000000000        1.5624999999999999E-009   1.0000000000009059E-007   1.5624999999985848E-002   121700381.44305769        1825505721618201.8        999817449527.06628        0.0000000000000000        0.0000000000000000        0.0000000000000000        0.0000000000000000        0.0000000000000000        0.0000000000000000        0.0000000000000000     
   3.9062499999971884E-002   0.0000000000000000        0.0000000000000000       -8.9981506729547758E-005   0.0000000000000000        0.0000000000000000        13697024.000000000        0.0000000000000000        0.0000000000000000        1.5624999999999999E-009   1.0000000000008946E-007   1.5624999999986020E-002   121700381.44305487        1825505721618180.5        999817449527.06628        0.0000000000000000        0.0000000000000000        0.0000000000000000        0.0000000000000000        0.0000000000000000        0.0000000000000000        0.0000000000000000     
   5.4687499999958311E-002   0.0000000000000000        0.0000000000000000        1.0848200654417161E-004   0.0000000000000000        0.0000000000000000       -21774336.000000000        0.0000000000000000        0.0000000000000000        1.5624999999999999E-009   1.0000000000009272E-007   1.5624999999985513E-002   121700381.44306132        1825505721618217.2        999817449527.06628        0.0000000000000000        0.0000000000000000        0.0000000000000000        0.0000000000000000        0.0000000000000000        0.0000000000000000        0.0000000000000000     
   7.0312499999942907E-002   0.0000000000000000        0.0000000000000000       -1.5888229435211232E-004   0.0000000000000000        0.0000000000000000        26787840.000000000        0.0000000000000000        0.0000000000000000        1.5624999999999999E-009   1.0000000000009289E-007   1.5624999999985486E-002   121700381.44306141        1825505721618216.0        999817449527.06628        0.0000000000000000        0.0000000000000000        0.0000000000000000        0.0000000000000000        0.0000000000000000        0.0000000000000000        0.0000000000000000     
   8.5937499999929279E-002   0.0000000000000000        0.0000000000000000        1.5778053252492593E-004   0.0000000000000000        0.0000000000000000       -33095680.000000000        0.0000000000000000        0.0000000000000000        1.5624999999999999E-009   1.0000000000009472E-007   1.5624999999985201E-002   121700381.44306344        1825505721618212.5        999817449527.06628        0.0000000000000000        0.0000000000000000        0.0000000000000000        0.0000000000000000        0.0000000000000000        0.0000000000000000        0.0000000000000000     
  0.10156249999991331        0.0000000000000000        0.0000000000000000       -2.0725213109006824E-004   0.0000000000000000        0.0000000000000000        36847616.000000000        0.0000000000000000        0.0000000000000000        1.5624999999999999E-009   1.0000000000009240E-007   1.5624999999985564E-002   121700381.44306292        1825505721618247.2        999817449527.06628        0.0000000000000000        0.0000000000000000        0.0000000000000000        0.0000000000000000        0.0000000000000000        0.0000000000000000        0.0000000000000000     
  0.11718749999990040        0.0000000000000000        0.0000000000000000        1.5433262515950234E-004   0.0000000000000000        0.0000000000000000       -35733504.000000000        0.0000000000000000        0.0000000000000000        1.5624999999999999E-009   1.0000000000008948E-007   1.5624999999986016E-002   121700381.44305727        1825505721618216.0        999817449527.06628        0.0000000000000000        0.0000000000000000        0.0000000000000000        0.0000000000000000        0.0000000000000000        0.0000000000000000        0.0000000000000000     
  0.13281249999988534        0.0000000000000000        0.0000000000000000       -2.1474254955282463E-004   0.0000000000000000        0.0000000000000000        31719424.000000000        0.0000000000000000        0.0000000000000000        1.5624999999999999E-009   1.0000000000008698E-007   1.5624999999986414E-002   121700381.44305135        1825505721618172.5        999817449527.06628        0.0000000000000000        0.0000000000000000        0.0000000000000000        0.0000000000000000        0.0000000000000000        0.0000000000000000        0.0000000000000000     
  0.14843749999987321        0.0000000000000000        0.0000000000000000        1.4249283414230699E-004   0.0000000000000000        0.0000000000000000       -21446656.000000000        0.0000000000000000        0.0000000000000000        1.5624999999999999E-009   1.0000000000008115E-007   1.5624999999987317E-002   121700381.44303510        1825505721618035.8        999817449527.06628        0.0000000000000000        0.0000000000000000        0.0000000000000000        0.0000000000000000        0.0000000000000000        0.0000000000000000        0.0000000000000000     
  0.16406249999985997        0.0000000000000000        0.0000000000000000       -1.9749053779519543E-004   0.0000000000000000        0.0000000000000000        7340032.0000000000        0.0000000000000000        0.0000000000000000        1.5624999999999999E-009   1.0000000000008160E-007   1.5624999999987253E-002   121700381.44303572        1825505721618035.8        999817449527.06628        0.0000000000000000        0.0000000000000000        0.0000000000000000        0.0000000000000000        0.0000000000000000        0.0000000000000000        0.0000000000000000     
  0.17968749999984771        0.0000000000000000        0.0000000000000000        1.0648037783044184E-004   0.0000000000000000        0.0000000000000000        8650752.0000018124        0.0000000000000000        0.0000000000000000        1.5624999999999999E-009   1.0000000000007512E-007   1.5624999999988259E-002   121700381.44302994        1825505721618068.5        999817449527.06628        0.0000000000000000        0.0000000000000000        0.0000000000000000        0.0000000000000000        0.0000000000000000        0.0000000000000000        0.0000000000000000     
  0.19531249999983649        0.0000000000000000        0.0000000000000000       -1.7069825700475539E-004   0.0000000000000000        0.0000000000000000       -24903680.000000000        0.0000000000000000        0.0000000000000000        1.5624999999999999E-009   1.0000000000007655E-007   1.5624999999988044E-002   121700381.44303361        1825505721618096.8        999817449527.06628        0.0000000000000000        0.0000000000000000        0.0000000000000000        0.0000000000000000        0.0000000000000000        0.0000000000000000        0.0000000000000000     
  0.21093749999982378        0.0000000000000000        0.0000000000000000        2.4291192780230847E-005   0.0000000000000000        0.0000000000000000        36880384.000001520        0.0000000000000000        0.0000000000000000        1.5624999999999999E-009   1.0000000000007059E-007   1.5624999999988967E-002   121700381.44301477        1825505721617923.5        999817449527.06628        0.0000000000000000        0.0000000000000000        0.0000000000000000        0.0000000000000000        0.0000000000000000        0.0000000000000000        0.0000000000000000     
  0.22656249999981443        0.0000000000000000        0.0000000000000000       -6.0836519251197180E-005   0.0000000000000000        0.0000000000000000       -43581439.999999754        0.0000000000000000        0.0000000000000000        1.5624999999999999E-009   1.0000000000006821E-007   1.5624999999989344E-002   121700381.44301048        1825505721617902.2        999817449527.06628        0.0000000000000000        0.0000000000000000        0.0000000000000000        0.0000000000000000        0.0000000000000000        0.0000000000000000        0.0000000000000000     
  0.24218749999980246        0.0000000000000000        0.0000000000000000       -7.4784254955633693E-005   0.0000000000000000        0.0000000000000000        49217536.000001140        0.0000000000000000        0.0000000000000000        1.5624999999999999E-009   1.0000000000006305E-007   1.5624999999990147E-002   121700381.44300653        1825505721617937.2        999817449527.06628        0.0000000000000000        0.0000000000000000        0.0000000000000000        0.0000000000000000        0.0000000000000000        0.0000000000000000        0.0000000000000000     
  0.25781249999979472        0.0000000000000000        0.0000000000000000        5.3194833939784340E-005   0.0000000000000000        0.0000000000000000       -52658176.000000000        0.0000000000000000        0.0000000000000000        1.5624999999999999E-009   1.0000000000006029E-007   1.5624999999990582E-002   121700381.44299725        1825505721617848.5        999817449527.06628        0.0000000000000000        0.0000000000000000        0.0000000000000000        0.0000000000000000        0.0000000000000000        0.0000000000000000        0.0000000000000000     
  0.27343749999978362        0.0000000000000000        0.0000000000000000       -1.6111615731722269E-004   0.0000000000000000        0.0000000000000000        58458112.000000000        0.0000000000000000        0.0000000000000000        1.5624999999999999E-009   1.0000000000005698E-007   1.5624999999991094E-002   121700381.44297935        1825505721617640.5        999817449527.06628        0.0000000000000000        0.0000000000000000        0.0000000000000000        0.0000000000000000        0.0000000000000000        0.0000000000000000        0.0000000000000000     
  0.28906249999977690        0.0000000000000000        0.0000000000000000        7.7793931340137409E-005   0.0000000000000000        0.0000000000000000       -67420160.000000000        0.0000000000000000        0.0000000000000000        1.5624999999999999E-009   1.0000000000005860E-007   1.5624999999990848E-002   121700381.44299683        1825505721617872.8        999817449527.06628        0.0000000000000000        0.0000000000000000        0.0000000000000000        0.0000000000000000        0.0000000000000000        0.0000000000000000        0.0000000000000000     
  0.30468749999976530        0.0000000000000000        0.0000000000000000       -1.0524674212766049E-004   0.0000000000000000        0.0000000000000000        71598080.000000000        0.0000000000000000        0.0000000000000000        1.5624999999999999E-009   1.0000000000005664E-007   1.5624999999991149E-002   121700381.44300032        1825505721617961.0        999817449527.06628        0.0000000000000000        0.0000000000000000        0.0000000000000000        0.0000000000000000        0.0000000000000000        0.0000000000000000        0.0000000000000000     
  0.32031249999975919        0.0000000000000000        0.0000000000000000       -4.5138232035176040E-005   0.0000000000000000        0.0000000000000000       -73203712.000000000        0.0000000000000000        0.0000000000000000        1.5624999999999999E-009   1.0000000000005504E-007   1.5624999999991401E-002   121700381.44298023        1825505721617689.0        999817449527.06628        0.0000000000000000        0.0000000000000000        0.0000000000000000        0.0000000000000000        0.0000000000000000        0.0000000000000000        0.0000000000000000     
  0.33593749999974809        0.0000000000000000        0.0000000000000000        4.2013738791617095E-005   0.0000000000000000        0.0000000000000000        72646656.000000000        0.0000000000000000        0.0000000000000000        1.5624999999999999E-009   1.0000000000005204E-007   1.5624999999991871E-002   121700381.44298257        1825505721617779.0        999817449527.06628        0.0000000000000000        0.0000000000000000        0.0000000000000000        0.0000000000000000        0.0000000000000000        0.0000000000000000        0.0000000000000000     
  0.35156249999974293        0.0000000000000000        0.0000000000000000       -1.9411767817963810E-004   0.0000000000000000        0.0000000000000000       -67534848.000000000        0.0000000000000000        0.0000000000000000        1.5624999999999999E-009   1.0000000000004740E-007   1.5624999999992591E-002   121700381.44296981        1825505721617672.2        999817449527.06628        0.0000000000000000        0.0000000000000000        0.0000000000000000        0.0000000000000000        0.0000000000000000        0.0000000000000000        0.0000000000000000     
  0.36718749999973327        0.0000000000000000        0.0000000000000000        1.5572591853587226E-004   0.0000000000000000        0.0000000000000000        59867136.000000089        0.0000000000000000        0.0000000000000000        1.5624999999999999E-009   1.0000000000004599E-007   1.5624999999992817E-002   121700381.44295758        1825505721617514.2        999817449527.06628        0.0000000000000000        0.0000000000000000        0.0000000000000000        0.0000000000000000        0.0000000000000000        0.0000000000000000        0.0000000000000000     
  0.38281249999972855        0.0000000000000000        0.0000000000000000       -2.9730914811709318E-004   0.0000000000000000        0.0000000000000000       -52019200.000000000        0.0000000000000000        0.0000000000000000        1.5624999999999999E-009   1.0000000000004085E-007   1.5624999999993613E-002   121700381.44295175        1825505721617521.0        999817449527.06628        0.0000000000000000        0.0000000000000000        0.0000000000000000        0.0000000000000000        0.0000000000000000        0.0000000000000000        0.0000000000000000     
  0.39843749999972050        0.0000000000000000        0.0000000000000000        1.6853594785603754E-004   0.0000000000000000        0.0000000000000000        42303488.000000000        0.0000000000000000        0.0000000000000000        1.5624999999999999E-009   1.0000000000003925E-007   1.5624999999993869E-002   121700381.44297189        1825505721617851.8        999817449527.06628        0.0000000000000000        0.0000000000000000        0.0000000000000000        0.0000000000000000        0.0000000000000000        0.0000000000000000        0.0000000000000000     
  0.41406249999971628        0.0000000000000000        0.0000000000000000       -3.2119754513236672E-004   0.0000000000000000        0.0000000000000000       -26771456.000000000        0.0000000000000000        0.0000000000000000        1.5624999999999999E-009   1.0000000000003214E-007   1.5624999999994969E-002   121700381.44295868        1825505721617784.2        999817449527.06628        0.0000000000000000        0.0000000000000000        0.0000000000000000        0.0000000000000000        0.0000000000000000        0.0000000000000000        0.0000000000000000     
  0.42968749999971045        0.0000000000000000        0.0000000000000000        2.0303606580048553E-004   0.0000000000000000        0.0000000000000000       -720896.00000000000        0.0000000000000000        0.0000000000000000        1.5624999999999999E-009   1.0000000000003409E-007   1.5624999999994687E-002   121700381.44294176        1825505721617493.5        999817449527.06628        0.0000000000000000        0.0000000000000000        0.0000000000000000        0.0000000000000000        0.0000000000000000        0.0000000000000000        0.0000000000000000     
  0.44531249999970562        0.0000000000000000        0.0000000000000000       -3.5198223870551925E-004   0.0000000000000000        0.0000000000000000        37994496.000009276        0.0000000000000000        0.0000000000000000        1.5624999999999999E-009   1.0000000000001936E-007   1.5624999999996962E-002   121700381.44291043        1825505721617294.2        999817449527.06628        0.0000000000000000        0.0000000000000000        0.0000000000000000        0.0000000000000000        0.0000000000000000        0.0000000000000000        0.0000000000000000     
  0.46093749999970440        0.0000000000000000        0.0000000000000000        2.3143520559448653E-004   0.0000000000000000        0.0000000000000000       -73580544.000000000        0.0000000000000000        0.0000000000000000        1.5624999999999999E-009   1.0000000000002273E-007   1.5624999999996458E-002   121700381.44291732        1825505721617334.2        999817449527.06628        0.0000000000000000        0.0000000000000000        0.0000000000000000        0.0000000000000000        0.0000000000000000        0.0000000000000000        0.0000000000000000     
  0.47656249999969852        0.0000000000000000        0.0000000000000000       -2.9303034544726943E-004   0.0000000000000000        0.0000000000000000        101810176.00000606        0.0000000000000000        0.0000000000000000        1.5624999999999999E-009   1.0000000000001082E-007   1.5624999999998302E-002   121700381.44289455        1825505721617211.5        999817449527.06628        0.0000000000000000        0.0000000000000000        0.0000000000000000        0.0000000000000000        0.0000000000000000        0.0000000000000000        0.0000000000000000     
  0.49218749999970102        0.0000000000000000        0.0000000000000000        2.0994710668962400E-004   0.0000000000000000        0.0000000000000000       -118849535.99999999        0.0000000000000000        0.0000000000000000        1.5624999999999999E-009   1.0000000000001012E-007   1.5624999999998423E-002   121700381.44289979        1825505721617302.2        999817449527.06628        0.0000000000000000        0.0000000000000000        0.0000000000000000        0.0000000000000000        0.0000000000000000        0.0000000000000000        0.0000000000000000     
  0.50781249999969535        0.0000000000000000        0.0000000000000000       -2.9021529091334476E-004   0.0000000000000000        0.0000000000000000        128712704.00000130        0.0000000000000000        0.0000000000000000        1.5624999999999999E-009   1.0000000000000460E-007   1.5624999999999275E-002   121700381.44288637        1825505721617202.0        999817449527.06628        0.0000000000000000        0.0000000000000000        0.0000000000000000        0.0000000000000000        0.0000000000000000        0.0000000000000000        0.0000000000000000     
  0.52343749999969957        0.0000000000000000        0.0000000000000000        1.3248577659915901E-004   0.0000000000000000        0.0000000000000000       -138444800.00000000        0.0000000000000000        0.0000000000000000        1.5624999999999999E-009   1.0000000000000354E-007   1.5624999999999448E-002   121700381.44291283        1825505721617617.8        999817449527.06628        0.0000000000000000        0.0000000000000000        0.0000000000000000        0.0000000000000000        0.0000000000000000        0.0000000000000000        0.0000000000000000     
  0.53906249999969424        0.0000000000000000        0.0000000000000000       -1.4918205709583396E-004   0.0000000000000000        0.0000000000000000        146046976.00000000        0.0000000000000000        0.0000000000000000        1.5624999999999999E-009   9.9999999999997507E-008   1.5625000000000385E-002   121700381.44289932        1825505721617526.0        999817449527.06628        0.0000000000000000        0.0000000000000000        0.0000000000000000        0.0000000000000000        0.0000000000000000        0.0000000000000000        0.0000000000000000     
  0.55468749999970035        0.0000000000000000        0.0000000000000000       -1.3626527728976068E-004   0.0000000000000000        0.0000000000000000       -150519807.99999934        0.0000000000000000        0.0000000000000000        1.5624999999999999E-009   9.9999999999993590E-008   1.5625000000000999E-002   121700381.44285238        1825505721616893.0        999817449527.06628        0.0000000000000000        0.0000000000000000        0.0000000000000000        0.0000000000000000        0.0000000000000000        0.0000000000000000        0.0000000000000000     
  0.57031249999969624        0.0000000000000000        0.0000000000000000        1.1797551438361773E-004   0.0000000000000000        0.0000000000000000        144883712.00000176        0.0000000000000000        0.0000000000000000        1.5624999999999999E-009   9.9999999999987197E-008   1.5625000000002002E-002   121700381.44282801        1825505721616644.0        999817449527.06628        0.0000000000000000        0.0000000000000000        0.0000000000000000        0.0000000000000000        0.0000000000000000        0.0000000000000000        0.0000000000000000     
  0.58593749999970435        0.0000000000000000        0.0000000000000000       -3.9832224559158494E-004   0.0000000000000000        0.0000000000000000       -125894655.99999222        0.0000000000000000        0.0000000000000000        1.5624999999999999E-009   9.9999999999973711E-008   1.5625000000004101E-002   121700381.44281991        1825505721616769.2        999817449527.06628        0.0000000000000000        0.0000000000000000        0.0000000000000000        0.0000000000000000        0.0000000000000000        0.0000000000000000        0.0000000000000000     
  0.60156249999970446        0.0000000000000000        0.0000000000000000        4.1849496230903979E-004   0.0000000000000000        0.0000000000000000        103579648.00000034        0.0000000000000000        0.0000000000000000        1.5624999999999999E-009   9.9999999999970852E-008   1.5625000000004559E-002   121700381.44283870        1825505721617102.5        999817449527.06628        0.0000000000000000        0.0000000000000000        0.0000000000000000        0.0000000000000000        0.0000000000000000        0.0000000000000000        0.0000000000000000     
  0.61718749999971345        0.0000000000000000        0.0000000000000000       -5.8344075077446534E-004   0.0000000000000000        0.0000000000000000       -77774847.999993399        0.0000000000000000        0.0000000000000000        1.5624999999999999E-009   9.9999999999958438E-008   1.5625000000006488E-002   121700381.44279745        1825505721616711.2        999817449527.06628        0.0000000000000000        0.0000000000000000        0.0000000000000000        0.0000000000000000        0.0000000000000000        0.0000000000000000        0.0000000000000000     
  0.63281249999971745        0.0000000000000000        0.0000000000000000        5.3868196201005284E-004   0.0000000000000000        0.0000000000000000        50135040.000000000        0.0000000000000000        0.0000000000000000        1.5624999999999999E-009   9.9999999999960556E-008   1.5625000000006169E-002   121700381.44281211        1825505721616891.5        999817449527.06628        0.0000000000000000        0.0000000000000000        0.0000000000000000        0.0000000000000000        0.0000000000000000        0.0000000000000000        0.0000000000000000     
  0.64843749999972577        0.0000000000000000        0.0000000000000000       -7.0329492514790797E-004   0.0000000000000000        0.0000000000000000       -27738112.000000052        0.0000000000000000        0.0000000000000000        1.5624999999999999E-009   9.9999999999951675E-008   1.5625000000007543E-002   121700381.44278772        1825505721616689.0        999817449527.06628        0.0000000000000000        0.0000000000000000        0.0000000000000000        0.0000000000000000        0.0000000000000000        0.0000000000000000        0.0000000000000000     
  0.66406249999973255        0.0000000000000000        0.0000000000000000        6.2320523118670015E-004   0.0000000000000000        0.0000000000000000        2310144.0000000000        0.0000000000000000        0.0000000000000000        1.5624999999999999E-009   9.9999999999952734E-008   1.5625000000007393E-002   121700381.44276735        1825505721616362.8        999817449527.06628        0.0000000000000000        0.0000000000000000        0.0000000000000000        0.0000000000000000        0.0000000000000000        0.0000000000000000        0.0000000000000000     
  0.67968749999974054        0.0000000000000000        0.0000000000000000       -6.5279267713242285E-004   0.0000000000000000        0.0000000000000000        25001984.000000000        0.0000000000000000        0.0000000000000000        1.5624999999999999E-009   9.9999999999939949E-008   1.5625000000009374E-002   121700381.44275714        1825505721616444.5        999817449527.06628        0.0000000000000000        0.0000000000000000        0.0000000000000000        0.0000000000000000        0.0000000000000000        0.0000000000000000        0.0000000000000000     
  0.69531249999975131        0.0000000000000000        0.0000000000000000        5.3302504651566850E-004   0.0000000000000000        0.0000000000000000       -47087615.999999948        0.0000000000000000        0.0000000000000000        1.5624999999999999E-009   9.9999999999938877E-008   1.5625000000009555E-002   121700381.44276853        1825505721616633.2        999817449527.06628        0.0000000000000000        0.0000000000000000        0.0000000000000000        0.0000000000000000        0.0000000000000000        0.0000000000000000        0.0000000000000000     
  0.71093749999975964        0.0000000000000000        0.0000000000000000       -5.4674430602336382E-004   0.0000000000000000        0.0000000000000000        70598656.000004530        0.0000000000000000        0.0000000000000000        1.5624999999999999E-009   9.9999999999928580E-008   1.5625000000011147E-002   121700381.44275025        1825505721616548.5        999817449527.06628        0.0000000000000000        0.0000000000000000        0.0000000000000000        0.0000000000000000        0.0000000000000000        0.0000000000000000        0.0000000000000000     
  0.72656249999977363        0.0000000000000000        0.0000000000000000        3.6329755642509036E-004   0.0000000000000000        0.0000000000000000       -97452032.000000000        0.0000000000000000        0.0000000000000000        1.5624999999999999E-009   9.9999999999931068E-008   1.5625000000010780E-002   121700381.44273329        1825505721616247.0        999817449527.06628        0.0000000000000000        0.0000000000000000        0.0000000000000000        0.0000000000000000        0.0000000000000000        0.0000000000000000        0.0000000000000000     
  0.74218749999978118        0.0000000000000000        0.0000000000000000       -4.2862929638446870E-004   0.0000000000000000        0.0000000000000000        124403712.00000453        0.0000000000000000        0.0000000000000000        1.5624999999999999E-009   9.9999999999920771E-008   1.5625000000012372E-002   121700381.44270951        1825505721616079.8        999817449527.06628        0.0000000000000000        0.0000000000000000        0.0000000000000000        0.0000000000000000        0.0000000000000000        0.0000000000000000        0.0000000000000000     
  0.75781249999979838        0.0000000000000000        0.0000000000000000        1.3360912447717556E-004   0.0000000000000000        0.0000000000000000       -145096704.00000000        0.0000000000000000        0.0000000000000000        1.5624999999999999E-009   9.9999999999922889E-008   1.5625000000012056E-002   121700381.44270171        1825505721615923.0        999817449527.06628        0.0000000000000000        0.0000000000000000        0.0000000000000000        0.0000000000000000        0.0000000000000000        0.0000000000000000        0.0000000000000000     
  0.77343749999980527        0.0000000000000000        0.0000000000000000       -3.3940364995387549E-005   0.0000000000000000        0.0000000000000000        154419200.00000140        0.0000000000000000        0.0000000000000000        1.5624999999999999E-009   9.9999999999917198E-008   1.5625000000012938E-002   121700381.44270515        1825505721616079.0        999817449527.06628        0.0000000000000000        0.0000000000000000        0.0000000000000000        0.0000000000000000        0.0000000000000000        0.0000000000000000        0.0000000000000000     
  0.78906249999982425        0.0000000000000000        0.0000000000000000       -1.2722238989777530E-004   0.0000000000000000        0.0000000000000000       -146587648.00000054        0.0000000000000000        0.0000000000000000        1.5624999999999999E-009   9.9999999999912592E-008   1.5625000000013652E-002   121700381.44273040        1825505721616542.2        999817449527.06628        0.0000000000000000        0.0000000000000000        0.0000000000000000        0.0000000000000000        0.0000000000000000        0.0000000000000000        0.0000000000000000     
  0.80468749999983258        0.0000000000000000        0.0000000000000000        2.5785254634501804E-004   0.0000000000000000        0.0000000000000000        119750656.00000000        0.0000000000000000        0.0000000000000000        1.5624999999999999E-009   9.9999999999916139E-008   1.5625000000013111E-002   121700381.44270429        1825505721616084.8        999817449527.06628        0.0000000000000000        0.0000000000000000        0.0000000000000000        0.0000000000000000        0.0000000000000000        0.0000000000000000        0.0000000000000000     
  0.82031249999985045        0.0000000000000000        0.0000000000000000       -5.6986663451946739E-004   0.0000000000000000        0.0000000000000000       -78397439.999997929        0.0000000000000000        0.0000000000000000        1.5624999999999999E-009   9.9999999999903712E-008   1.5625000000015030E-002   121700381.44267651        1825505721615896.8        999817449527.06628        0.0000000000000000        0.0000000000000000        0.0000000000000000        0.0000000000000000        0.0000000000000000        0.0000000000000000        0.0000000000000000     
  0.83593749999986267        0.0000000000000000        0.0000000000000000        7.3755058315583266E-004   0.0000000000000000        0.0000000000000000        33128448.000000000        0.0000000000000000        0.0000000000000000        1.5624999999999999E-009   9.9999999999914022E-008   1.5625000000013444E-002   121700381.44269630        1825505721616003.5        999817449527.06628        0.0000000000000000        0.0000000000000000        0.0000000000000000        0.0000000000000000        0.0000000000000000        0.0000000000000000        0.0000000000000000     
  0.85156249999987732        0.0000000000000000        0.0000000000000000       -9.6956113955503427E-004   0.0000000000000000        0.0000000000000000       -3178496.0000000861        0.0000000000000000        0.0000000000000000        1.5624999999999999E-009   9.9999999999905842E-008   1.5625000000014704E-002   121700381.44267780        1825505721615876.5        999817449527.06628        0.0000000000000000        0.0000000000000000        0.0000000000000000        0.0000000000000000        0.0000000000000000        0.0000000000000000        0.0000000000000000     
  0.86718749999989209        0.0000000000000000        0.0000000000000000        9.5703822861549644E-004   0.0000000000000000        0.0000000000000000       -8929280.0000000000        0.0000000000000000        0.0000000000000000        1.5624999999999999E-009   9.9999999999907272E-008   1.5625000000014488E-002   121700381.44269255        1825505721616071.2        999817449527.06628        0.0000000000000000        0.0000000000000000        0.0000000000000000        0.0000000000000000        0.0000000000000000        0.0000000000000000        0.0000000000000000     
  0.88281249999990630        0.0000000000000000        0.0000000000000000       -9.8762667103769321E-004   0.0000000000000000        0.0000000000000000       -557056.00000000000        0.0000000000000000        0.0000000000000000        1.5624999999999999E-009   9.9999999999907259E-008   1.5625000000014499E-002   121700381.44268925        1825505721616021.5        999817449527.06628        0.0000000000000000        0.0000000000000000        0.0000000000000000        0.0000000000000000        0.0000000000000000        0.0000000000000000        0.0000000000000000     
  0.89843749999992106        0.0000000000000000        0.0000000000000000        8.1251936021859610E-004   0.0000000000000000        0.0000000000000000        34193407.999995470        0.0000000000000000        0.0000000000000000        1.5624999999999999E-009   9.9999999999896962E-008   1.5625000000016088E-002   121700381.44266471        1825505721615843.0        999817449527.06628        0.0000000000000000        0.0000000000000000        0.0000000000000000        0.0000000000000000        0.0000000000000000        0.0000000000000000        0.0000000000000000     
  0.91406249999993849        0.0000000000000000        0.0000000000000000       -6.9663422299097910E-004   0.0000000000000000        0.0000000000000000       -75513856.000000000        0.0000000000000000        0.0000000000000000        1.5624999999999999E-009   9.9999999999907272E-008   1.5625000000014499E-002   121700381.44271252        1825505721616369.8        999817449527.06628        0.0000000000000000        0.0000000000000000        0.0000000000000000        0.0000000000000000        0.0000000000000000        0.0000000000000000        0.0000000000000000     
  0.92968749999995004        0.0000000000000000        0.0000000000000000        3.8087853159331128E-004   0.0000000000000000        0.0000000000000000        112607232.00000000        0.0000000000000000        0.0000000000000000        1.5624999999999999E-009   9.9999999999899450E-008   1.5625000000015703E-002   121700381.44267787        1825505721615994.8        999817449527.06628        0.0000000000000000        0.0000000000000000        0.0000000000000000        0.0000000000000000        0.0000000000000000        0.0000000000000000        0.0000000000000000     
  0.94531249999996991        0.0000000000000000        0.0000000000000000       -1.4696371121683253E-004   0.0000000000000000        0.0000000000000000       -136118272.00000000        0.0000000000000000        0.0000000000000000        1.5624999999999999E-009   9.9999999999906928E-008   1.5625000000014544E-002   121700381.44267984        1825505721615886.5        999817449527.06628        0.0000000000000000        0.0000000000000000        0.0000000000000000        0.0000000000000000        0.0000000000000000        0.0000000000000000        0.0000000000000000     
  0.96093749999997913        0.0000000000000000        0.0000000000000000       -1.0657654840682293E-004   0.0000000000000000        0.0000000000000000        143687680.00000000        0.0000000000000000        0.0000000000000000        1.5624999999999999E-009   9.9999999999907616E-008   1.5625000000014433E-002   121700381.44269359        1825505721616080.5        999817449527.06628        0.0000000000000000        0.0000000000000000        0.0000000000000000        0.0000000000000000        0.0000000000000000        0.0000000000000000        0.0000000000000000     
  0.97656249999999878        0.0000000000000000        0.0000000000000000        2.5028521570301940E-004   0.0000000000000000        0.0000000000000000       -136331264.00000000        0.0000000000000000        0.0000000000000000        1.5624999999999999E-009   9.9999999999907987E-008   1.5625000000014370E-002   121700381.44269432        1825505721616085.2        999817449527.06628        0.0000000000000000        0.0000000000000000        0.0000000000000000        0.0000000000000000        0.0000000000000000        0.0000000000000000        0.0000000000000000     
  0.99218750000000788        0.0000000000000000        0.0000000000000000       -4.0382867321081051E-004   0.0000000000000000        0.0000000000000000        114327552.00000000        0.0000000000000000        0.0000000000000000        1.5624999999999999E-009   9.9999999999915795E-008   1.5625000000013167E-002   121700381.44270471        1825505721616097.5        999817449527.06628        0.0000000000000000        0.0000000000000000        0.0000000000000000        0.0000000000000000        0.0000000000000000        0.0000000000000000        0.0000000000000000     
   1.0078125000000251        0.0000000000000000        0.0000000000000000        0.0000000000000000        0.0000000000000000        0.0000000000000000        0.0000000000000000        0.0000000000000000        0.0000000000000000        0.0000000000000000        0.0000000000000000        0.0000000000000000        0.0000000000000000        0.0000000000000000        0.0000000000000000        0.0000000000000000        0.0000000000000000        0.0000000000000000        0.0000000000000000        0.0000000000000000        0.0000000000000000        0.0000000000000000     
   1.0234375000000360        0.0000000000000000        0.0000000000000000        0.0000000000000000        0.0000000000000000        0.0000000000000000        0.0000000000000000        0.0000000000000000        0.0000000000000000        0.0000000000000000        0.0000000000000000        0.0000000000000000        0.0000000000000000        0.0000000000000000        0.0000000000000000        0.0000000000000000        0.0000000000000000        0.0000000000000000        0.0000000000000000        0.0000000000000000        0.0000000000000000        0.0000000000000000     
   1.0390625000000506        0.0000000000000000        0.0000000000000000        0.0000000000000000        0.0000000000000000        0.0000000000000000        0.0000000000000000        0.0000000000000000        0.0000000000000000        0.0000000000000000        0.0000000000000000        0.0000000000000000        0.0000000000000000        0.0000000000000000        0.0000000000000000        0.0000000000000000        0.0000000000000000        0.0000000000000000        0.0000000000000000        0.0000000000000000        0.0000000000000000        0.0000000000000000     
  -1.0390625000000209        0.0000000000000000        0.0000000000000000        0.0000000000000000        0.0000000000000000        0.0000000000000000        0.0000000000000000        0.0000000000000000        0.0000000000000000        0.0000000000000000        0.0000000000000000        0.0000000000000000        0.0000000000000000        0.0000000000000000        0.0000000000000000        0.0000000000000000        0.0000000000000000        0.0000000000000000        0.0000000000000000        0.0000000000000000        0.0000000000000000        0.0000000000000000     
  -1.0234375000000013        0.0000000000000000        0.0000000000000000        0.0000000000000000        0.0000000000000000        0.0000000000000000        0.0000000000000000        0.0000000000000000        0.0000000000000000        0.0000000000000000        0.0000000000000000        0.0000000000000000        0.0000000000000000        0.0000000000000000        0.0000000000000000        0.0000000000000000        0.0000000000000000        0.0000000000000000        0.0000000000000000        0.0000000000000000        0.0000000000000000        0.0000000000000000     
  -1.0078124999999920        0.0000000000000000        0.0000000000000000        0.0000000000000000        0.0000000000000000        0.0000000000000000        0.0000000000000000        0.0000000000000000        0.0000000000000000        0.0000000000000000        0.0000000000000000        0.0000000000000000        0.0000000000000000        0.0000000000000000        0.0000000000000000        0.0000000000000000        0.0000000000000000        0.0000000000000000        0.0000000000000000        0.0000000000000000        0.0000000000000000        0.0000000000000000     
