   1.6199999999999962E-007
 -0.99218750000000000        0.0000000000000000        0.0000000000000000       -3.3918694832602627E-007   0.0000000000000000        0.0000000000000000        0.0000000000000000        0.0000000000000000        0.0000000000000000        1.5624999999999999E-009   9.9999999999999982E-008   1.5625000000000003E-002   115340095.95256060        1730101439260263.2        999826989955.38379        0.0000000000000000        0.0000000000000000        0.0000000000000000        0.0000000000000000        0.0000000000000000        0.0000000000000000        0.0000000000000000     
 -0.97656250000000000        0.0000000000000000        0.0000000000000000       -3.2500050686780860E-007   0.0000000000000000        0.0000000000000000        0.0000000000000000        0.0000000000000000        0.0000000000000000        1.5624999999999999E-009   9.9999999999999982E-008   1.5625000000000003E-002   115340095.95256068        1730101439260264.5        999826989955.38379        0.0000000000000000        0.0000000000000000        0.0000000000000000        0.0000000000000000        0.0000000000000000        0.0000000000000000        0.0000000000000000     
 -0.96093750000000000        0.0000000000000000        0.0000000000000000       -3.5393575567170227E-007   0.0000000000000000        0.0000000000000000       -2.1047209283082928E-011   0.0000000000000000        0.0000000000000000        1.5624999999999999E-009   9.9999999999999982E-008   1.5625000000000003E-002   115340095.95256063        1730101439260264.0        999826989955.38379        0.0000000000000000        0.0000000000000000        0.0000000000000000        0.0000000000000000        0.0000000000000000        0.0000000000000000        0.0000000000000000     
 -0.94531250000000000        0.0000000000000000        0.0000000000000000       -4.1277133397259259E-007   0.0000000000000000        0.0000000000000000       -2.1047209283082928E-011   0.0000000000000000        0.0000000000000000        1.5624999999999999E-009   9.9999999999999982E-008   1.5625000000000003E-002   115340095.95256072        1730101439260265.2        999826989955.38379        0.0000000000000000        0.0000000000000000        0.0000000000000000        0.0000000000000000        0.0000000000000000        0.0000000000000000        0.0000000000000000     
 -0.92968750000000000        0.0000000000000000        0.0000000000000000       -3.9818027953977862E-007   0.0000000000000000        0.0000000000000000       -2.1047209283082928E-011   0.0000000000000000        0.0000000000000000        1.5624999999999999E-009   9.9999999999999982E-008   1.5625000000000003E-002   115340095.95256074        1730101439260265.5        999826989955.38379        0.0000000000000000        0.0000000000000000        0.0000000000000000        0.0000000000000000        0.0000000000000000        0.0000000000000000        0.0000000000000000     
 -0.91406250000000000        0.0000000000000000        0.0000000000000000       -3.9065657843689616E-007   0.0000000000000000        0.0000000000000000        0.0000000000000000        0.0000000000000000        0.0000000000000000        1.5624999999999999E-009   9.9999999999999982E-008   1.5625000000000003E-002   115340095.95256063        1730101439260264.0        999826989955.38379        0.0000000000000000        0.0000000000000000        0.0000000000000000        0.0000000000000000        0.0000000000000000        0.0000000000000000        0.0000000000000000     
 -0.89843750000000000        0.0000000000000000        0.0000000000000000       -3.7620729773767988E-007   0.0000000000000000        0.0000000000000000        0.0000000000000000        0.0000000000000000        0.0000000000000000        1.5624999999999999E-009   9.9999999999999982E-008   1.5625000000000003E-002   115340095.95256054        1730101439260262.5        999826989955.38379        0.0000000000000000        0.0000000000000000        0.0000000000000000        0.0000000000000000        0.0000000000000000        0.0000000000000000        0.0000000000000000     
 -0.88281250000000000        0.0000000000000000        0.0000000000000000       -3.4683665267769611E-007   0.0000000000000000        0.0000000000000000        2.1047209283082928E-011   0.0000000000000000        0.0000000000000000        1.5624999999999999E-009   9.9999999999999982E-008   1.5625000000000003E-002   115340095.95256072        1730101439260265.0        999826989955.38379        0.0000000000000000        0.0000000000000000        0.0000000000000000        0.0000000000000000        0.0000000000000000        0.0000000000000000        0.0000000000000000     
 -0.86718750000000000        0.0000000000000000        0.0000000000000000       -3.6145902095704776E-007   0.0000000000000000        0.0000000000000000        2.1047209283082928E-011   0.0000000000000000        0.0000000000000000        1.5624999999999999E-009   9.9999999999999982E-008   1.5625000000000003E-002   115340095.95256069        1730101439260264.8        999826989955.38379        0.0000000000000000        0.0000000000000000        0.0000000000000000        0.0000000000000000        0.0000000000000000        0.0000000000000000        0.0000000000000000     
 -0.85156250000000000        0.0000000000000000        0.0000000000000000       -3.8327515184388168E-007   0.0000000000000000        0.0000000000000000        2.1047209283082928E-011   0.0000000000000000        0.0000000000000000        1.5624999999999999E-009   9.9999999999999982E-008   1.5625000000000003E-002   115340095.95256066        1730101439260264.2        999826989955.38379        0.0000000000000000        0.0000000000000000        0.0000000000000000        0.0000000000000000        0.0000000000000000        0.0000000000000000        0.0000000000000000     
 -0.83593750000000000        0.0000000000000000        0.0000000000000000       -4.0570345225783181E-007   0.0000000000000000        0.0000000000000000        2.1047209283082928E-011   0.0000000000000000        0.0000000000000000        1.5624999999999999E-009   9.9999999999999982E-008   1.5625000000000003E-002   115340095.95256054        1730101439260262.5        999826989955.38379        0.0000000000000000        0.0000000000000000        0.0000000000000000        0.0000000000000000        0.0000000000000000        0.0000000000000000        0.0000000000000000     
 -0.82031250000000000        0.0000000000000000        0.0000000000000000       -4.1292861602098915E-007   0.0000000000000000        0.0000000000000000        0.0000000000000000        0.0000000000000000        0.0000000000000000        1.5624999999999999E-009   9.9999999999999982E-008   1.5625000000000003E-002   115340095.95256054        1730101439260262.5        999826989955.38379        0.0000000000000000        0.0000000000000000        0.0000000000000000        0.0000000000000000        0.0000000000000000        0.0000000000000000        0.0000000000000000     
 -0.80468750000000000        0.0000000000000000        0.0000000000000000       -4.3532572444306326E-007   0.0000000000000000        0.0000000000000000       -2.1047209283082928E-011   0.0000000000000000        0.0000000000000000        1.5624999999999999E-009   9.9999999999999982E-008   1.5625000000000003E-002   115340095.95256051        1730101439260262.2        999826989955.38379        0.0000000000000000        0.0000000000000000        0.0000000000000000        0.0000000000000000        0.0000000000000000        0.0000000000000000        0.0000000000000000     
 -0.78906250000000000        0.0000000000000000        0.0000000000000000       -4.3477590247122512E-007   0.0000000000000000        0.0000000000000000       -2.1047209283082928E-011   0.0000000000000000        0.0000000000000000        1.5624999999999999E-009   9.9999999999999982E-008   1.5625000000000003E-002   115340095.95256060        1730101439260263.2        999826989955.38379        0.0000000000000000        0.0000000000000000        0.0000000000000000        0.0000000000000000        0.0000000000000000        0.0000000000000000        0.0000000000000000     
 -0.77343750000000000        0.0000000000000000        0.0000000000000000       -4.4200038850766829E-007   0.0000000000000000        0.0000000000000000        0.0000000000000000        0.0000000000000000        0.0000000000000000        1.5624999999999999E-009   9.9999999999999982E-008   1.5625000000000003E-002   115340095.95256072        1730101439260265.2        999826989955.38379        0.0000000000000000        0.0000000000000000        0.0000000000000000        0.0000000000000000        0.0000000000000000        0.0000000000000000        0.0000000000000000     
 -0.75781250000000000        0.0000000000000000        0.0000000000000000       -4.5717329516480090E-007   0.0000000000000000        0.0000000000000000        0.0000000000000000        0.0000000000000000        0.0000000000000000        1.5624999999999999E-009   9.9999999999999982E-008   1.5625000000000003E-002   115340095.95256072        1730101439260265.2        999826989955.38379        0.0000000000000000        0.0000000000000000        0.0000000000000000        0.0000000000000000        0.0000000000000000        0.0000000000000000        0.0000000000000000     
 -0.74218750000000000        0.0000000000000000        0.0000000000000000       -4.2767662285684540E-007   0.0000000000000000        0.0000000000000000        0.0000000000000000        0.0000000000000000        0.0000000000000000        1.5624999999999999E-009   9.9999999999999982E-008   1.5625000000000003E-002   115340095.95256081        1730101439260266.5        999826989955.38379        0.0000000000000000        0.0000000000000000        0.0000000000000000        0.0000000000000000        0.0000000000000000        0.0000000000000000        0.0000000000000000     
 -0.72656250000000000        0.0000000000000000        0.0000000000000000       -4.1292877627820383E-007   0.0000000000000000        0.0000000000000000        0.0000000000000000        0.0000000000000000        0.0000000000000000        1.5624999999999999E-009   9.9999999999999982E-008   1.5625000000000003E-002   115340095.95256080        1730101439260266.2        999826989955.38379        0.0000000000000000        0.0000000000000000        0.0000000000000000        0.0000000000000000        0.0000000000000000        0.0000000000000000        0.0000000000000000     
 -0.71093750000000000        0.0000000000000000        0.0000000000000000       -4.2767671437637996E-007   0.0000000000000000        0.0000000000000000        0.0000000000000000        0.0000000000000000        0.0000000000000000        1.5624999999999999E-009   9.9999999999999982E-008   1.5625000000000003E-002   115340095.95256078        1730101439260266.0        999826989955.38379        0.0000000000000000        0.0000000000000000        0.0000000000000000        0.0000000000000000        0.0000000000000000        0.0000000000000000        0.0000000000000000     
 -0.69531250000000000        0.0000000000000000        0.0000000000000000       -4.2045253105263675E-007   0.0000000000000000        0.0000000000000000        0.0000000000000000        0.0000000000000000        0.0000000000000000        1.5624999999999999E-009   9.9999999999999982E-008   1.5625000000000003E-002   115340095.95256062        1730101439260263.5        999826989955.38379        0.0000000000000000        0.0000000000000000        0.0000000000000000        0.0000000000000000        0.0000000000000000        0.0000000000000000        0.0000000000000000     
 -0.67968750000000000        0.0000000000000000        0.0000000000000000       -4.7152650663688462E-007   0.0000000000000000        0.0000000000000000       -2.1047209283082928E-011   0.0000000000000000        0.0000000000000000        1.5624999999999999E-009   9.9999999999999982E-008   1.5625000000000003E-002   115340095.95256074        1730101439260265.5        999826989955.38379        0.0000000000000000        0.0000000000000000        0.0000000000000000        0.0000000000000000        0.0000000000000000        0.0000000000000000        0.0000000000000000     
 -0.66406250000000000        0.0000000000000000        0.0000000000000000       -4.9431878230699716E-007   0.0000000000000000        0.0000000000000000       -2.1047209283082928E-011   0.0000000000000000        0.0000000000000000        1.5624999999999999E-009   9.9999999999999982E-008   1.5625000000000003E-002   115340095.95256068        1730101439260264.5        999826989955.38379        0.0000000000000000        0.0000000000000000        0.0000000000000000        0.0000000000000000        0.0000000000000000        0.0000000000000000        0.0000000000000000     
 -0.64843750000000000        0.0000000000000000        0.0000000000000000       -4.7192097172796593E-007   0.0000000000000000        0.0000000000000000        0.0000000000000000        0.0000000000000000        0.0000000000000000        1.5624999999999999E-009   9.9999999999999982E-008   1.5625000000000003E-002   115340095.95256051        1730101439260262.2        999826989955.38379        0.0000000000000000        0.0000000000000000        0.0000000000000000        0.0000000000000000        0.0000000000000000        0.0000000000000000        0.0000000000000000     
 -0.63281250000000000        0.0000000000000000        0.0000000000000000       -4.2767661575832449E-007   0.0000000000000000        0.0000000000000000        0.0000000000000000        0.0000000000000000        0.0000000000000000        1.5624999999999999E-009   9.9999999999999982E-008   1.5625000000000003E-002   115340095.95256051        1730101439260262.0        999826989955.38379        0.0000000000000000        0.0000000000000000        0.0000000000000000        0.0000000000000000        0.0000000000000000        0.0000000000000000        0.0000000000000000     
 -0.61718750000000000        0.0000000000000000        0.0000000000000000       -4.2002706742630738E-007   0.0000000000000000        0.0000000000000000        2.1047209283082928E-011   0.0000000000000000        0.0000000000000000        1.5624999999999999E-009   9.9999999999999982E-008   1.5625000000000003E-002   115340095.95256063        1730101439260264.0        999826989955.38379        0.0000000000000000        0.0000000000000000        0.0000000000000000        0.0000000000000000        0.0000000000000000        0.0000000000000000        0.0000000000000000     
 -0.60156250000000000        0.0000000000000000        0.0000000000000000       -4.2767651718817514E-007   0.0000000000000000        0.0000000000000000        2.1047209283082928E-011   0.0000000000000000        0.0000000000000000        1.5624999999999999E-009   9.9999999999999982E-008   1.5625000000000003E-002   115340095.95256060        1730101439260263.2        999826989955.38379        0.0000000000000000        0.0000000000000000        0.0000000000000000        0.0000000000000000        0.0000000000000000        0.0000000000000000        0.0000000000000000     
 -0.58593750000000000        0.0000000000000000        0.0000000000000000       -4.5734938008000303E-007   0.0000000000000000        0.0000000000000000        2.1047209283082928E-011   0.0000000000000000        0.0000000000000000        1.5624999999999999E-009   9.9999999999999982E-008   1.5625000000000003E-002   115340095.95256051        1730101439260262.2        999826989955.38379        0.0000000000000000        0.0000000000000000        0.0000000000000000        0.0000000000000000        0.0000000000000000        0.0000000000000000        0.0000000000000000     
 -0.57031250000000000        0.0000000000000000        0.0000000000000000       -4.1292822891052634E-007   0.0000000000000000        0.0000000000000000        2.1047209283082928E-011   0.0000000000000000        0.0000000000000000        1.5624999999999999E-009   9.9999999999999982E-008   1.5625000000000003E-002   115340095.95256051        1730101439260262.2        999826989955.38379        0.0000000000000000        0.0000000000000000        0.0000000000000000        0.0000000000000000        0.0000000000000000        0.0000000000000000        0.0000000000000000     
 -0.55468750000000000        0.0000000000000000        0.0000000000000000       -4.0540479757784741E-007   0.0000000000000000        0.0000000000000000        2.1047209283082928E-011   0.0000000000000000        0.0000000000000000        1.5624999999999999E-009   9.9999999999999982E-008   1.5625000000000003E-002   115340095.95256057        1730101439260263.0        999826989955.38379        0.0000000000000000        0.0000000000000000        0.0000000000000000        0.0000000000000000        0.0000000000000000        0.0000000000000000        0.0000000000000000     
 -0.53906250000000000        0.0000000000000000        0.0000000000000000       -3.6868399553490255E-007   0.0000000000000000        0.0000000000000000        0.0000000000000000        0.0000000000000000        0.0000000000000000        1.5624999999999999E-009   9.9999999999999982E-008   1.5625000000000003E-002   115340095.95256062        1730101439260263.8        999826989955.38379        0.0000000000000000        0.0000000000000000        0.0000000000000000        0.0000000000000000        0.0000000000000000        0.0000000000000000        0.0000000000000000     
 -0.52343750000000000        0.0000000000000000        0.0000000000000000       -3.7581278526524203E-007   0.0000000000000000        0.0000000000000000        0.0000000000000000        0.0000000000000000        0.0000000000000000        1.5624999999999999E-009   9.9999999999999982E-008   1.5625000000000003E-002   115340095.95256060        1730101439260263.2        999826989955.38379        0.0000000000000000        0.0000000000000000        0.0000000000000000        0.0000000000000000        0.0000000000000000        0.0000000000000000        0.0000000000000000     
 -0.50781250000000000        0.0000000000000000        0.0000000000000000       -3.6145939864134290E-007   0.0000000000000000        0.0000000000000000        0.0000000000000000        0.0000000000000000        0.0000000000000000        1.5624999999999999E-009   9.9999999999999982E-008   1.5625000000000003E-002   115340095.95256054        1730101439260262.5        999826989955.38379        0.0000000000000000        0.0000000000000000        0.0000000000000000        0.0000000000000000        0.0000000000000000        0.0000000000000000        0.0000000000000000     
 -0.49218750000000000        0.0000000000000000        0.0000000000000000       -3.5393578670088209E-007   0.0000000000000000        0.0000000000000000        2.1047209283082928E-011   0.0000000000000000        0.0000000000000000        1.5624999999999999E-009   9.9999999999999982E-008   1.5625000000000003E-002   115340095.95256057        1730101439260263.0        999826989955.38379        0.0000000000000000        0.0000000000000000        0.0000000000000000        0.0000000000000000        0.0000000000000000        0.0000000000000000        0.0000000000000000     
 -0.47656250000000000        0.0000000000000000        0.0000000000000000       -3.6907886410673354E-007   0.0000000000000000        0.0000000000000000        2.1047209283082928E-011   0.0000000000000000        0.0000000000000000        1.5624999999999999E-009   9.9999999999999982E-008   1.5625000000000003E-002   115340095.95256054        1730101439260262.5        999826989955.38379        0.0000000000000000        0.0000000000000000        0.0000000000000000        0.0000000000000000        0.0000000000000000        0.0000000000000000        0.0000000000000000     
 -0.46093750000000000        0.0000000000000000        0.0000000000000000       -3.8343210080544245E-007   0.0000000000000000        0.0000000000000000        2.1047209283082928E-011   0.0000000000000000        0.0000000000000000        1.5624999999999999E-009   9.9999999999999982E-008   1.5625000000000003E-002   115340095.95256057        1730101439260263.0        999826989955.38379        0.0000000000000000        0.0000000000000000        0.0000000000000000        0.0000000000000000        0.0000000000000000        0.0000000000000000        0.0000000000000000     
 -0.44531250000000000        0.0000000000000000        0.0000000000000000       -4.1292865430833658E-007   0.0000000000000000        0.0000000000000000        2.1047209283082928E-011   0.0000000000000000        0.0000000000000000        1.5624999999999999E-009   9.9999999999999982E-008   1.5625000000000003E-002   115340095.95256054        1730101439260262.5        999826989955.38379        0.0000000000000000        0.0000000000000000        0.0000000000000000        0.0000000000000000        0.0000000000000000        0.0000000000000000        0.0000000000000000     
 -0.42968750000000000        0.0000000000000000        0.0000000000000000       -4.4203018545105963E-007   0.0000000000000000        0.0000000000000000        0.0000000000000000        0.0000000000000000        0.0000000000000000        1.5624999999999999E-009   9.9999999999999982E-008   1.5625000000000003E-002   115340095.95256069        1730101439260264.8        999826989955.38379        0.0000000000000000        0.0000000000000000        0.0000000000000000        0.0000000000000000        0.0000000000000000        0.0000000000000000        0.0000000000000000     
 -0.41406250000000000        0.0000000000000000        0.0000000000000000       -4.1344906038321705E-007   0.0000000000000000        0.0000000000000000       -2.1047209283082928E-011   0.0000000000000000        0.0000000000000000        1.5624999999999999E-009   9.9999999999999982E-008   1.5625000000000003E-002   115340095.95256090        1730101439260267.8        999826989955.38379        0.0000000000000000        0.0000000000000000        0.0000000000000000        0.0000000000000000        0.0000000000000000        0.0000000000000000        0.0000000000000000     
 -0.39843750000000000        0.0000000000000000        0.0000000000000000       -4.2005714400777431E-007   0.0000000000000000        0.0000000000000000       -2.1047209283082928E-011   0.0000000000000000        0.0000000000000000        1.5624999999999999E-009   9.9999999999999982E-008   1.5625000000000003E-002   115340095.95256084        1730101439260267.0        999826989955.38379        0.0000000000000000        0.0000000000000000        0.0000000000000000        0.0000000000000000        0.0000000000000000        0.0000000000000000        0.0000000000000000     
 -0.38281250000000000        0.0000000000000000        0.0000000000000000       -4.5717322529382780E-007   0.0000000000000000        0.0000000000000000        0.0000000000000000        0.0000000000000000        0.0000000000000000        1.5624999999999999E-009   9.9999999999999982E-008   1.5625000000000003E-002   115340095.95256104        1730101439260269.8        999826989955.38379        0.0000000000000000        0.0000000000000000        0.0000000000000000        0.0000000000000000        0.0000000000000000        0.0000000000000000        0.0000000000000000     
 -0.36718750000000000        0.0000000000000000        0.0000000000000000       -4.8666907571334318E-007   0.0000000000000000        0.0000000000000000        0.0000000000000000        0.0000000000000000        0.0000000000000000        1.5624999999999999E-009   9.9999999999999982E-008   1.5625000000000003E-002   115340095.95256105        1730101439260270.2        999826989955.38379        0.0000000000000000        0.0000000000000000        0.0000000000000000        0.0000000000000000        0.0000000000000000        0.0000000000000000        0.0000000000000000     
 -0.35156250000000000        0.0000000000000000        0.0000000000000000       -4.3532589334565440E-007   0.0000000000000000        0.0000000000000000        2.1047209283082928E-011   0.0000000000000000        0.0000000000000000        1.5624999999999999E-009   9.9999999999999982E-008   1.5625000000000003E-002   115340095.95256108        1730101439260270.5        999826989955.38379        0.0000000000000000        0.0000000000000000        0.0000000000000000        0.0000000000000000        0.0000000000000000        0.0000000000000000        0.0000000000000000     
 -0.33593750000000000        0.0000000000000000        0.0000000000000000       -4.2767646121844202E-007   0.0000000000000000        0.0000000000000000        2.1047209283082928E-011   0.0000000000000000        0.0000000000000000        1.5624999999999999E-009   9.9999999999999982E-008   1.5625000000000003E-002   115340095.95256093        1730101439260268.2        999826989955.38379        0.0000000000000000        0.0000000000000000        0.0000000000000000        0.0000000000000000        0.0000000000000000        0.0000000000000000        0.0000000000000000     
 -0.32031250000000000        0.0000000000000000        0.0000000000000000       -4.7247262478376126E-007   0.0000000000000000        0.0000000000000000        2.1047209283082928E-011   0.0000000000000000        0.0000000000000000        1.5624999999999999E-009   9.9999999999999982E-008   1.5625000000000003E-002   115340095.95256096        1730101439260268.8        999826989955.38379        0.0000000000000000        0.0000000000000000        0.0000000000000000        0.0000000000000000        0.0000000000000000        0.0000000000000000        0.0000000000000000     
 -0.30468750000000000        0.0000000000000000        0.0000000000000000       -4.8627405972572314E-007   0.0000000000000000        0.0000000000000000        2.1047209283082928E-011   0.0000000000000000        0.0000000000000000        1.5624999999999999E-009   9.9999999999999982E-008   1.5625000000000003E-002   115340095.95256081        1730101439260266.5        999826989955.38379        0.0000000000000000        0.0000000000000000        0.0000000000000000        0.0000000000000000        0.0000000000000000        0.0000000000000000        0.0000000000000000     
 -0.28906250000000000        0.0000000000000000        0.0000000000000000       -4.7914572875217337E-007   0.0000000000000000        0.0000000000000000        2.1047209283082928E-011   0.0000000000000000        0.0000000000000000        1.5624999999999999E-009   9.9999999999999982E-008   1.5625000000000003E-002   115340095.95256066        1730101439260264.2        999826989955.38379        0.0000000000000000        0.0000000000000000        0.0000000000000000        0.0000000000000000        0.0000000000000000        0.0000000000000000        0.0000000000000000     
 -0.27343750000000000        0.0000000000000000        0.0000000000000000       -4.4994803855948337E-007   0.0000000000000000        0.0000000000000000        0.0000000000000000        0.0000000000000000        0.0000000000000000        1.5624999999999999E-009   9.9999999999999982E-008   1.5625000000000003E-002   115340095.95256048        1730101439260261.5        999826989955.38379        0.0000000000000000        0.0000000000000000        0.0000000000000000        0.0000000000000000        0.0000000000000000        0.0000000000000000        0.0000000000000000     
 -0.25781250000000000        0.0000000000000000        0.0000000000000000       -3.8285944412295284E-007   0.0000000000000000        0.0000000000000000       -2.1047209283082928E-011   0.0000000000000000        0.0000000000000000        1.5624999999999999E-009   9.9999999999999982E-008   1.5625000000000003E-002   115340095.95256042        1730101439260260.8        999826989955.38379        0.0000000000000000        0.0000000000000000        0.0000000000000000        0.0000000000000000        0.0000000000000000        0.0000000000000000        0.0000000000000000     
 -0.24218750000000000        0.0000000000000000        0.0000000000000000       -4.5007377840375562E-007   0.0000000000000000        0.0000000000000000        0.0000000000000000        0.0000000000000000        0.0000000000000000        1.5624999999999999E-009   9.9999999999999982E-008   1.5625000000000003E-002   115340095.95256037        1730101439260259.8        999826989955.38379        0.0000000000000000        0.0000000000000000        0.0000000000000000        0.0000000000000000        0.0000000000000000        0.0000000000000000        0.0000000000000000     
 -0.22656250000000000        0.0000000000000000        0.0000000000000000       -4.3477600560179853E-007   0.0000000000000000        0.0000000000000000        0.0000000000000000        0.0000000000000000        0.0000000000000000        1.5624999999999999E-009   9.9999999999999982E-008   1.5625000000000003E-002   115340095.95256042        1730101439260260.5        999826989955.38379        0.0000000000000000        0.0000000000000000        0.0000000000000000        0.0000000000000000        0.0000000000000000        0.0000000000000000        0.0000000000000000     
 -0.21093750000000000        0.0000000000000000        0.0000000000000000       -4.3532564882441321E-007   0.0000000000000000        0.0000000000000000       -2.1047209283082928E-011   0.0000000000000000        0.0000000000000000        1.5624999999999999E-009   9.9999999999999982E-008   1.5625000000000003E-002   115340095.95256048        1730101439260261.5        999826989955.38379        0.0000000000000000        0.0000000000000000        0.0000000000000000        0.0000000000000000        0.0000000000000000        0.0000000000000000        0.0000000000000000     
 -0.19531250000000000        0.0000000000000000        0.0000000000000000       -4.4242519910387745E-007   0.0000000000000000        0.0000000000000000        0.0000000000000000        0.0000000000000000        0.0000000000000000        1.5624999999999999E-009   9.9999999999999982E-008   1.5625000000000003E-002   115340095.95256060        1730101439260263.2        999826989955.38379        0.0000000000000000        0.0000000000000000        0.0000000000000000        0.0000000000000000        0.0000000000000000        0.0000000000000000        0.0000000000000000     
 -0.17968750000000000        0.0000000000000000        0.0000000000000000       -3.8343183490376088E-007   0.0000000000000000        0.0000000000000000        0.0000000000000000        0.0000000000000000        0.0000000000000000        1.5624999999999999E-009   9.9999999999999982E-008   1.5625000000000003E-002   115340095.95256063        1730101439260264.0        999826989955.38379        0.0000000000000000        0.0000000000000000        0.0000000000000000        0.0000000000000000        0.0000000000000000        0.0000000000000000        0.0000000000000000     
 -0.16406250000000000        0.0000000000000000        0.0000000000000000       -4.0545775863448522E-007   0.0000000000000000        0.0000000000000000        0.0000000000000000        0.0000000000000000        0.0000000000000000        1.5624999999999999E-009   9.9999999999999982E-008   1.5625000000000003E-002   115340095.95256075        1730101439260265.8        999826989955.38379        0.0000000000000000        0.0000000000000000        0.0000000000000000        0.0000000000000000        0.0000000000000000        0.0000000000000000        0.0000000000000000     
 -0.14843750000000000        0.0000000000000000        0.0000000000000000       -4.3532525694138005E-007   0.0000000000000000        0.0000000000000000        0.0000000000000000        0.0000000000000000        0.0000000000000000        1.5624999999999999E-009   9.9999999999999982E-008   1.5625000000000003E-002   115340095.95256072        1730101439260265.0        999826989955.38379        0.0000000000000000        0.0000000000000000        0.0000000000000000        0.0000000000000000        0.0000000000000000        0.0000000000000000        0.0000000000000000     
 -0.13281250000000000        0.0000000000000000        0.0000000000000000       -4.2075340474301700E-007   0.0000000000000000        0.0000000000000000        0.0000000000000000        0.0000000000000000        0.0000000000000000        1.5624999999999999E-009   9.9999999999999982E-008   1.5625000000000003E-002   115340095.95256092        1730101439260268.0        999826989955.38379        0.0000000000000000        0.0000000000000000        0.0000000000000000        0.0000000000000000        0.0000000000000000        0.0000000000000000        0.0000000000000000     
 -0.11718750000000000        0.0000000000000000        0.0000000000000000       -3.0204169071661154E-007   0.0000000000000000        0.0000000000000000        0.0000000000000000        0.0000000000000000        0.0000000000000000        1.5624999999999999E-009   9.9999999999999982E-008   1.5625000000000003E-002   115340095.95256102        1730101439260269.5        999826989955.38379        0.0000000000000000        0.0000000000000000        0.0000000000000000        0.0000000000000000        0.0000000000000000        0.0000000000000000        0.0000000000000000     
 -0.10156250000000000        0.0000000000000000        0.0000000000000000       -3.2443913696570645E-007   0.0000000000000000        0.0000000000000000        2.1047209283082928E-011   0.0000000000000000        0.0000000000000000        1.5624999999999999E-009   9.9999999999999982E-008   1.5625000000000003E-002   115340095.95256110        1730101439260270.8        999826989955.38379        0.0000000000000000        0.0000000000000000        0.0000000000000000        0.0000000000000000        0.0000000000000000        0.0000000000000000        0.0000000000000000     
  -8.5937500000000000E-002   0.0000000000000000        0.0000000000000000       -3.5432943552655484E-007   0.0000000000000000        0.0000000000000000        2.1047209283082928E-011   0.0000000000000000        0.0000000000000000        1.5624999999999999E-009   9.9999999999999982E-008   1.5625000000000003E-002   115340095.95256104        1730101439260270.0        999826989955.38379        0.0000000000000000        0.0000000000000000        0.0000000000000000        0.0000000000000000        0.0000000000000000        0.0000000000000000        0.0000000000000000     
  -7.0312500000000000E-002   0.0000000000000000        0.0000000000000000       -3.2386553747180578E-007   0.0000000000000000        0.0000000000000000        2.1047209283082928E-011   0.0000000000000000        0.0000000000000000        1.5624999999999999E-009   9.9999999999999982E-008   1.5625000000000003E-002   115340095.95256090        1730101439260267.8        999826989955.38379        0.0000000000000000        0.0000000000000000        0.0000000000000000        0.0000000000000000        0.0000000000000000        0.0000000000000000        0.0000000000000000     
  -5.4687500000000000E-002   0.0000000000000000        0.0000000000000000       -3.2459532961595493E-007   0.0000000000000000        0.0000000000000000        2.1047209283082928E-011   0.0000000000000000        0.0000000000000000        1.5624999999999999E-009   9.9999999999999982E-008   1.5625000000000003E-002   115340095.95256069        1730101439260264.8        999826989955.38379        0.0000000000000000        0.0000000000000000        0.0000000000000000        0.0000000000000000        0.0000000000000000        0.0000000000000000        0.0000000000000000     
  -3.9062500000000000E-002   0.0000000000000000        0.0000000000000000       -3.0969082630866854E-007   0.0000000000000000        0.0000000000000000        2.1047209283082928E-011   0.0000000000000000        0.0000000000000000        1.5624999999999999E-009   9.9999999999999982E-008   1.5625000000000003E-002   115340095.95256066        1730101439260264.2        999826989955.38379        0.0000000000000000        0.0000000000000000        0.0000000000000000        0.0000000000000000        0.0000000000000000        0.0000000000000000        0.0000000000000000     
  -2.3437500000000000E-002   0.0000000000000000        0.0000000000000000       -2.9494247656058668E-007   0.0000000000000000        0.0000000000000000        0.0000000000000000        0.0000000000000000        0.0000000000000000        1.5624999999999999E-009   9.9999999999999982E-008   1.5625000000000003E-002   115340095.95256063        1730101439260264.0        999826989955.38379        0.0000000000000000        0.0000000000000000        0.0000000000000000        0.0000000000000000        0.0000000000000000        0.0000000000000000        0.0000000000000000     
  -7.8125000000000000E-003   0.0000000000000000        0.0000000000000000       -3.3879265180727260E-007   0.0000000000000000        0.0000000000000000       -2.1047209283082928E-011   0.0000000000000000        0.0000000000000000        1.5624999999999999E-009   9.9999999999999982E-008   1.5625000000000003E-002   115340095.95256062        1730101439260263.5        999826989955.38379        0.0000000000000000        0.0000000000000000        0.0000000000000000        0.0000000000000000        0.0000000000000000        0.0000000000000000        0.0000000000000000     
   7.8125000000000000E-003   0.0000000000000000        0.0000000000000000       -2.8058923401135731E-007   0.0000000000000000        0.0000000000000000        0.0000000000000000        0.0000000000000000        0.0000000000000000        1.5624999999999999E-009   9.9999999999999982E-008   1.5625000000000003E-002   115340095.95256074        1730101439260265.5        999826989955.38379        0.0000000000000000        0.0000000000000000        0.0000000000000000        0.0000000000000000        0.0000000000000000        0.0000000000000000        0.0000000000000000     
   2.3437500000000000E-002   0.0000000000000000        0.0000000000000000       -2.9478606646224730E-007   0.0000000000000000        0.0000000000000000        0.0000000000000000        0.0000000000000000        0.0000000000000000        1.5624999999999999E-009   9.9999999999999982E-008   1.5625000000000003E-002   115340095.95256068        1730101439260264.5        999826989955.38379        0.0000000000000000        0.0000000000000000        0.0000000000000000        0.0000000000000000        0.0000000000000000        0.0000000000000000        0.0000000000000000     
   3.9062500000000000E-002   0.0000000000000000        0.0000000000000000       -3.1733985046523723E-007   0.0000000000000000        0.0000000000000000        0.0000000000000000        0.0000000000000000        0.0000000000000000        1.5624999999999999E-009   9.9999999999999982E-008   1.5625000000000003E-002   115340095.95256104        1730101439260270.0        999826989955.38379        0.0000000000000000        0.0000000000000000        0.0000000000000000        0.0000000000000000        0.0000000000000000        0.0000000000000000        0.0000000000000000     
   5.4687500000000000E-002   0.0000000000000000        0.0000000000000000       -3.7633264374476292E-007   0.0000000000000000        0.0000000000000000        0.0000000000000000        0.0000000000000000        0.0000000000000000        1.5624999999999999E-009   9.9999999999999982E-008   1.5625000000000003E-002   115340095.95256084        1730101439260267.0        999826989955.38379        0.0000000000000000        0.0000000000000000        0.0000000000000000        0.0000000000000000        0.0000000000000000        0.0000000000000000        0.0000000000000000     
   7.0312500000000000E-002   0.0000000000000000        0.0000000000000000       -4.0582861058237598E-007   0.0000000000000000        0.0000000000000000        0.0000000000000000        0.0000000000000000        0.0000000000000000        1.5624999999999999E-009   9.9999999999999982E-008   1.5625000000000003E-002   115340095.95256084        1730101439260267.0        999826989955.38379        0.0000000000000000        0.0000000000000000        0.0000000000000000        0.0000000000000000        0.0000000000000000        0.0000000000000000        0.0000000000000000     
   8.5937500000000000E-002   0.0000000000000000        0.0000000000000000       -4.2018383291232984E-007   0.0000000000000000        0.0000000000000000        0.0000000000000000        0.0000000000000000        0.0000000000000000        1.5624999999999999E-009   9.9999999999999982E-008   1.5625000000000003E-002   115340095.95256078        1730101439260266.0        999826989955.38379        0.0000000000000000        0.0000000000000000        0.0000000000000000        0.0000000000000000        0.0000000000000000        0.0000000000000000        0.0000000000000000     
  0.10156250000000000        0.0000000000000000        0.0000000000000000       -4.2057686144310461E-007   0.0000000000000000        0.0000000000000000       -2.1047209283082928E-011   0.0000000000000000        0.0000000000000000        1.5624999999999999E-009   9.9999999999999982E-008   1.5625000000000003E-002   115340095.95256086        1730101439260267.2        999826989955.38379        0.0000000000000000        0.0000000000000000        0.0000000000000000        0.0000000000000000        0.0000000000000000        0.0000000000000000        0.0000000000000000     
  0.11718750000000000        0.0000000000000000        0.0000000000000000       -3.3879236312286073E-007   0.0000000000000000        0.0000000000000000       -2.1047209283082928E-011   0.0000000000000000        0.0000000000000000        1.5624999999999999E-009   9.9999999999999982E-008   1.5625000000000003E-002   115340095.95256062        1730101439260263.8        999826989955.38379        0.0000000000000000        0.0000000000000000        0.0000000000000000        0.0000000000000000        0.0000000000000000        0.0000000000000000        0.0000000000000000     
  0.13281250000000000        0.0000000000000000        0.0000000000000000       -3.0969078842816691E-007   0.0000000000000000        0.0000000000000000        0.0000000000000000        0.0000000000000000        0.0000000000000000        1.5624999999999999E-009   9.9999999999999982E-008   1.5625000000000003E-002   115340095.95256084        1730101439260266.8        999826989955.38379        0.0000000000000000        0.0000000000000000        0.0000000000000000        0.0000000000000000        0.0000000000000000        0.0000000000000000        0.0000000000000000     
  0.14843750000000000        0.0000000000000000        0.0000000000000000       -3.2443872857037711E-007   0.0000000000000000        0.0000000000000000        0.0000000000000000        0.0000000000000000        0.0000000000000000        1.5624999999999999E-009   9.9999999999999982E-008   1.5625000000000003E-002   115340095.95256054        1730101439260262.5        999826989955.38379        0.0000000000000000        0.0000000000000000        0.0000000000000000        0.0000000000000000        0.0000000000000000        0.0000000000000000        0.0000000000000000     
  0.16406250000000000        0.0000000000000000        0.0000000000000000       -3.9817936121540402E-007   0.0000000000000000        0.0000000000000000        2.1047209283082928E-011   0.0000000000000000        0.0000000000000000        1.5624999999999999E-009   9.9999999999999982E-008   1.5625000000000003E-002   115340095.95256081        1730101439260266.5        999826989955.38379        0.0000000000000000        0.0000000000000000        0.0000000000000000        0.0000000000000000        0.0000000000000000        0.0000000000000000        0.0000000000000000     
  0.17968750000000000        0.0000000000000000        0.0000000000000000       -3.4683589325578360E-007   0.0000000000000000        0.0000000000000000        2.1047209283082928E-011   0.0000000000000000        0.0000000000000000        1.5624999999999999E-009   9.9999999999999982E-008   1.5625000000000003E-002   115340095.95256080        1730101439260266.2        999826989955.38379        0.0000000000000000        0.0000000000000000        0.0000000000000000        0.0000000000000000        0.0000000000000000        0.0000000000000000        0.0000000000000000     
  0.19531250000000000        0.0000000000000000        0.0000000000000000       -4.0585159000270934E-007   0.0000000000000000        0.0000000000000000        2.1047209283082928E-011   0.0000000000000000        0.0000000000000000        1.5624999999999999E-009   9.9999999999999982E-008   1.5625000000000003E-002   115340095.95256075        1730101439260265.8        999826989955.38379        0.0000000000000000        0.0000000000000000        0.0000000000000000        0.0000000000000000        0.0000000000000000        0.0000000000000000        0.0000000000000000     
  0.21093750000000000        0.0000000000000000        0.0000000000000000       -4.3532466895314336E-007   0.0000000000000000        0.0000000000000000        2.1047209283082928E-011   0.0000000000000000        0.0000000000000000        1.5624999999999999E-009   9.9999999999999982E-008   1.5625000000000003E-002   115340095.95256063        1730101439260264.0        999826989955.38379        0.0000000000000000        0.0000000000000000        0.0000000000000000        0.0000000000000000        0.0000000000000000        0.0000000000000000        0.0000000000000000     
  0.22656250000000000        0.0000000000000000        0.0000000000000000       -3.9053036009356207E-007   0.0000000000000000        0.0000000000000000        2.1047209283082928E-011   0.0000000000000000        0.0000000000000000        1.5624999999999999E-009   9.9999999999999982E-008   1.5625000000000003E-002   115340095.95256066        1730101439260264.2        999826989955.38379        0.0000000000000000        0.0000000000000000        0.0000000000000000        0.0000000000000000        0.0000000000000000        0.0000000000000000        0.0000000000000000     
  0.24218750000000000        0.0000000000000000        0.0000000000000000       -4.2057653206945881E-007   0.0000000000000000        0.0000000000000000        0.0000000000000000        0.0000000000000000        0.0000000000000000        1.5624999999999999E-009   9.9999999999999982E-008   1.5625000000000003E-002   115340095.95256072        1730101439260265.2        999826989955.38379        0.0000000000000000        0.0000000000000000        0.0000000000000000        0.0000000000000000        0.0000000000000000        0.0000000000000000        0.0000000000000000     
  0.25781250000000000        0.0000000000000000        0.0000000000000000       -4.3532510895359383E-007   0.0000000000000000        0.0000000000000000       -2.1047209283082928E-011   0.0000000000000000        0.0000000000000000        1.5624999999999999E-009   9.9999999999999982E-008   1.5625000000000003E-002   115340095.95256086        1730101439260267.2        999826989955.38379        0.0000000000000000        0.0000000000000000        0.0000000000000000        0.0000000000000000        0.0000000000000000        0.0000000000000000        0.0000000000000000     
  0.27343750000000000        0.0000000000000000        0.0000000000000000       -4.3477444876649452E-007   0.0000000000000000        0.0000000000000000        0.0000000000000000        0.0000000000000000        0.0000000000000000        1.5624999999999999E-009   9.9999999999999982E-008   1.5625000000000003E-002   115340095.95256086        1730101439260267.2        999826989955.38379        0.0000000000000000        0.0000000000000000        0.0000000000000000        0.0000000000000000        0.0000000000000000        0.0000000000000000        0.0000000000000000     
  0.28906250000000000        0.0000000000000000        0.0000000000000000       -4.2749749914411182E-007   0.0000000000000000        0.0000000000000000        0.0000000000000000        0.0000000000000000        0.0000000000000000        1.5624999999999999E-009   9.9999999999999982E-008   1.5625000000000003E-002   115340095.95256084        1730101439260267.0        999826989955.38379        0.0000000000000000        0.0000000000000000        0.0000000000000000        0.0000000000000000        0.0000000000000000        0.0000000000000000        0.0000000000000000     
  0.30468750000000000        0.0000000000000000        0.0000000000000000       -3.8343126588730981E-007   0.0000000000000000        0.0000000000000000       -2.1047209283082928E-011   0.0000000000000000        0.0000000000000000        1.5624999999999999E-009   9.9999999999999982E-008   1.5625000000000003E-002   115340095.95256087        1730101439260267.5        999826989955.38379        0.0000000000000000        0.0000000000000000        0.0000000000000000        0.0000000000000000        0.0000000000000000        0.0000000000000000        0.0000000000000000     
  0.32031250000000000        0.0000000000000000        0.0000000000000000       -2.9494234174013759E-007   0.0000000000000000        0.0000000000000000        0.0000000000000000        0.0000000000000000        0.0000000000000000        1.5624999999999999E-009   9.9999999999999982E-008   1.5625000000000003E-002   115340095.95256084        1730101439260267.0        999826989955.38379        0.0000000000000000        0.0000000000000000        0.0000000000000000        0.0000000000000000        0.0000000000000000        0.0000000000000000        0.0000000000000000     
  0.33593750000000000        0.0000000000000000        0.0000000000000000       -3.5393460518960528E-007   0.0000000000000000        0.0000000000000000        0.0000000000000000        0.0000000000000000        0.0000000000000000        1.5624999999999999E-009   9.9999999999999982E-008   1.5625000000000003E-002   115340095.95256104        1730101439260270.0        999826989955.38379        0.0000000000000000        0.0000000000000000        0.0000000000000000        0.0000000000000000        0.0000000000000000        0.0000000000000000        0.0000000000000000     
  0.35156250000000000        0.0000000000000000        0.0000000000000000       -3.2443841167972104E-007   0.0000000000000000        0.0000000000000000        0.0000000000000000        0.0000000000000000        0.0000000000000000        1.5624999999999999E-009   9.9999999999999982E-008   1.5625000000000003E-002   115340095.95256084        1730101439260266.8        999826989955.38379        0.0000000000000000        0.0000000000000000        0.0000000000000000        0.0000000000000000        0.0000000000000000        0.0000000000000000        0.0000000000000000     
  0.36718750000000000        0.0000000000000000        0.0000000000000000       -2.2902642992438513E-007   0.0000000000000000        0.0000000000000000        0.0000000000000000        0.0000000000000000        0.0000000000000000        1.5624999999999999E-009   9.9999999999999982E-008   1.5625000000000003E-002   115340095.95256090        1730101439260267.8        999826989955.38379        0.0000000000000000        0.0000000000000000        0.0000000000000000        0.0000000000000000        0.0000000000000000        0.0000000000000000        0.0000000000000000     
  0.38281250000000000        0.0000000000000000        0.0000000000000000       -2.5722573497336883E-007   0.0000000000000000        0.0000000000000000       -2.1047209283082928E-011   0.0000000000000000        0.0000000000000000        1.5624999999999999E-009   9.9999999999999982E-008   1.5625000000000003E-002   115340095.95256084        1730101439260267.0        999826989955.38379        0.0000000000000000        0.0000000000000000        0.0000000000000000        0.0000000000000000        0.0000000000000000        0.0000000000000000        0.0000000000000000     
  0.39843750000000000        0.0000000000000000        0.0000000000000000       -3.0186472162821242E-007   0.0000000000000000        0.0000000000000000        0.0000000000000000        0.0000000000000000        0.0000000000000000        1.5624999999999999E-009   9.9999999999999982E-008   1.5625000000000003E-002   115340095.95256099        1730101439260269.2        999826989955.38379        0.0000000000000000        0.0000000000000000        0.0000000000000000        0.0000000000000000        0.0000000000000000        0.0000000000000000        0.0000000000000000     
  0.41406250000000000        0.0000000000000000        0.0000000000000000       -3.0276653579014074E-007   0.0000000000000000        0.0000000000000000        0.0000000000000000        0.0000000000000000        0.0000000000000000        1.5624999999999999E-009   9.9999999999999982E-008   1.5625000000000003E-002   115340095.95256102        1730101439260269.5        999826989955.38379        0.0000000000000000        0.0000000000000000        0.0000000000000000        0.0000000000000000        0.0000000000000000        0.0000000000000000        0.0000000000000000     
  0.42968750000000000        0.0000000000000000        0.0000000000000000       -3.0968918566663216E-007   0.0000000000000000        0.0000000000000000        2.1047209283082928E-011   0.0000000000000000        0.0000000000000000        1.5624999999999999E-009   9.9999999999999982E-008   1.5625000000000003E-002   115340095.95256092        1730101439260268.0        999826989955.38379        0.0000000000000000        0.0000000000000000        0.0000000000000000        0.0000000000000000        0.0000000000000000        0.0000000000000000        0.0000000000000000     
  0.44531250000000000        0.0000000000000000        0.0000000000000000       -3.2443745316743039E-007   0.0000000000000000        0.0000000000000000        2.1047209283082928E-011   0.0000000000000000        0.0000000000000000        1.5624999999999999E-009   9.9999999999999982E-008   1.5625000000000003E-002   115340095.95256092        1730101439260268.0        999826989955.38379        0.0000000000000000        0.0000000000000000        0.0000000000000000        0.0000000000000000        0.0000000000000000        0.0000000000000000        0.0000000000000000     
  0.46093750000000000        0.0000000000000000        0.0000000000000000       -3.3918557221652622E-007   0.0000000000000000        0.0000000000000000        2.1047209283082928E-011   0.0000000000000000        0.0000000000000000        1.5624999999999999E-009   9.9999999999999982E-008   1.5625000000000003E-002   115340095.95256093        1730101439260268.2        999826989955.38379        0.0000000000000000        0.0000000000000000        0.0000000000000000        0.0000000000000000        0.0000000000000000        0.0000000000000000        0.0000000000000000     
  0.47656250000000000        0.0000000000000000        0.0000000000000000       -3.5393355690900270E-007   0.0000000000000000        0.0000000000000000        2.1047209283082928E-011   0.0000000000000000        0.0000000000000000        1.5624999999999999E-009   9.9999999999999982E-008   1.5625000000000003E-002   115340095.95256099        1730101439260269.2        999826989955.38379        0.0000000000000000        0.0000000000000000        0.0000000000000000        0.0000000000000000        0.0000000000000000        0.0000000000000000        0.0000000000000000     
  0.49218750000000000        0.0000000000000000        0.0000000000000000       -4.0570121066006338E-007   0.0000000000000000        0.0000000000000000        2.1047209283082928E-011   0.0000000000000000        0.0000000000000000        1.5624999999999999E-009   9.9999999999999982E-008   1.5625000000000003E-002   115340095.95256096        1730101439260268.8        999826989955.38379        0.0000000000000000        0.0000000000000000        0.0000000000000000        0.0000000000000000        0.0000000000000000        0.0000000000000000        0.0000000000000000     
  0.50781250000000000        0.0000000000000000        0.0000000000000000       -4.7207572009541854E-007   0.0000000000000000        0.0000000000000000        0.0000000000000000        0.0000000000000000        0.0000000000000000        1.5624999999999999E-009   9.9999999999999982E-008   1.5625000000000003E-002   115340095.95256090        1730101439260267.8        999826989955.38379        0.0000000000000000        0.0000000000000000        0.0000000000000000        0.0000000000000000        0.0000000000000000        0.0000000000000000        0.0000000000000000     
  0.52343750000000000        0.0000000000000000        0.0000000000000000       -4.7176168769322475E-007   0.0000000000000000        0.0000000000000000        0.0000000000000000        0.0000000000000000        0.0000000000000000        1.5624999999999999E-009   9.9999999999999982E-008   1.5625000000000003E-002   115340095.95256084        1730101439260267.0        999826989955.38379        0.0000000000000000        0.0000000000000000        0.0000000000000000        0.0000000000000000        0.0000000000000000        0.0000000000000000        0.0000000000000000     
  0.53906250000000000        0.0000000000000000        0.0000000000000000       -3.7633077896521183E-007   0.0000000000000000        0.0000000000000000        0.0000000000000000        0.0000000000000000        0.0000000000000000        1.5624999999999999E-009   9.9999999999999982E-008   1.5625000000000003E-002   115340095.95256104        1730101439260269.8        999826989955.38379        0.0000000000000000        0.0000000000000000        0.0000000000000000        0.0000000000000000        0.0000000000000000        0.0000000000000000        0.0000000000000000     
  0.55468750000000000        0.0000000000000000        0.0000000000000000       -3.8342966801679174E-007   0.0000000000000000        0.0000000000000000        2.1047209283082928E-011   0.0000000000000000        0.0000000000000000        1.5624999999999999E-009   9.9999999999999982E-008   1.5625000000000003E-002   115340095.95256093        1730101439260268.2        999826989955.38379        0.0000000000000000        0.0000000000000000        0.0000000000000000        0.0000000000000000        0.0000000000000000        0.0000000000000000        0.0000000000000000     
  0.57031250000000000        0.0000000000000000        0.0000000000000000       -3.9760450896462188E-007   0.0000000000000000        0.0000000000000000        2.1047209283082928E-011   0.0000000000000000        0.0000000000000000        1.5624999999999999E-009   9.9999999999999982E-008   1.5625000000000003E-002   115340095.95256092        1730101439260268.0        999826989955.38379        0.0000000000000000        0.0000000000000000        0.0000000000000000        0.0000000000000000        0.0000000000000000        0.0000000000000000        0.0000000000000000     
  0.58593750000000000        0.0000000000000000        0.0000000000000000       -3.5393311691224540E-007   0.0000000000000000        0.0000000000000000        2.1047209283082928E-011   0.0000000000000000        0.0000000000000000        1.5624999999999999E-009   9.9999999999999982E-008   1.5625000000000003E-002   115340095.95256090        1730101439260267.8        999826989955.38379        0.0000000000000000        0.0000000000000000        0.0000000000000000        0.0000000000000000        0.0000000000000000        0.0000000000000000        0.0000000000000000     
  0.60156250000000000        0.0000000000000000        0.0000000000000000       -3.8342973467841106E-007   0.0000000000000000        0.0000000000000000        2.1047209283082928E-011   0.0000000000000000        0.0000000000000000        1.5624999999999999E-009   9.9999999999999982E-008   1.5625000000000003E-002   115340095.95256090        1730101439260267.8        999826989955.38379        0.0000000000000000        0.0000000000000000        0.0000000000000000        0.0000000000000000        0.0000000000000000        0.0000000000000000        0.0000000000000000     
  0.61718750000000000        0.0000000000000000        0.0000000000000000       -4.1292575397298588E-007   0.0000000000000000        0.0000000000000000        2.1047209283082928E-011   0.0000000000000000        0.0000000000000000        1.5624999999999999E-009   9.9999999999999982E-008   1.5625000000000003E-002   115340095.95256075        1730101439260265.8        999826989955.38379        0.0000000000000000        0.0000000000000000        0.0000000000000000        0.0000000000000000        0.0000000000000000        0.0000000000000000        0.0000000000000000     
  0.63281250000000000        0.0000000000000000        0.0000000000000000       -4.4242227883680086E-007   0.0000000000000000        0.0000000000000000        0.0000000000000000        0.0000000000000000        0.0000000000000000        1.5624999999999999E-009   9.9999999999999982E-008   1.5625000000000003E-002   115340095.95256096        1730101439260268.8        999826989955.38379        0.0000000000000000        0.0000000000000000        0.0000000000000000        0.0000000000000000        0.0000000000000000        0.0000000000000000        0.0000000000000000     
  0.64843750000000000        0.0000000000000000        0.0000000000000000       -4.1292563429008430E-007   0.0000000000000000        0.0000000000000000       -2.1047209283082928E-011   0.0000000000000000        0.0000000000000000        1.5624999999999999E-009   9.9999999999999982E-008   1.5625000000000003E-002   115340095.95256084        1730101439260267.0        999826989955.38379        0.0000000000000000        0.0000000000000000        0.0000000000000000        0.0000000000000000        0.0000000000000000        0.0000000000000000        0.0000000000000000     
  0.66406250000000000        0.0000000000000000        0.0000000000000000       -4.0488216341358149E-007   0.0000000000000000        0.0000000000000000        0.0000000000000000        0.0000000000000000        0.0000000000000000        1.5624999999999999E-009   9.9999999999999982E-008   1.5625000000000003E-002   115340095.95256102        1730101439260269.5        999826989955.38379        0.0000000000000000        0.0000000000000000        0.0000000000000000        0.0000000000000000        0.0000000000000000        0.0000000000000000        0.0000000000000000     
  0.67968750000000000        0.0000000000000000        0.0000000000000000       -4.2041912821286045E-007   0.0000000000000000        0.0000000000000000        0.0000000000000000        0.0000000000000000        0.0000000000000000        1.5624999999999999E-009   9.9999999999999982E-008   1.5625000000000003E-002   115340095.95256087        1730101439260267.5        999826989955.38379        0.0000000000000000        0.0000000000000000        0.0000000000000000        0.0000000000000000        0.0000000000000000        0.0000000000000000        0.0000000000000000     
  0.69531250000000000        0.0000000000000000        0.0000000000000000       -4.4242225478177000E-007   0.0000000000000000        0.0000000000000000        2.1047209283082928E-011   0.0000000000000000        0.0000000000000000        1.5624999999999999E-009   9.9999999999999982E-008   1.5625000000000003E-002   115340095.95256087        1730101439260267.5        999826989955.38379        0.0000000000000000        0.0000000000000000        0.0000000000000000        0.0000000000000000        0.0000000000000000        0.0000000000000000        0.0000000000000000     
  0.71093750000000000        0.0000000000000000        0.0000000000000000       -4.6469334178009978E-007   0.0000000000000000        0.0000000000000000        2.1047209283082928E-011   0.0000000000000000        0.0000000000000000        1.5624999999999999E-009   9.9999999999999982E-008   1.5625000000000003E-002   115340095.95256060        1730101439260263.2        999826989955.38379        0.0000000000000000        0.0000000000000000        0.0000000000000000        0.0000000000000000        0.0000000000000000        0.0000000000000000        0.0000000000000000     
  0.72656250000000000        0.0000000000000000        0.0000000000000000       -4.7959908258592380E-007   0.0000000000000000        0.0000000000000000        2.1047209283082928E-011   0.0000000000000000        0.0000000000000000        1.5624999999999999E-009   9.9999999999999982E-008   1.5625000000000003E-002   115340095.95256068        1730101439260264.5        999826989955.38379        0.0000000000000000        0.0000000000000000        0.0000000000000000        0.0000000000000000        0.0000000000000000        0.0000000000000000        0.0000000000000000     
  0.74218750000000000        0.0000000000000000        0.0000000000000000       -4.7191830188138054E-007   0.0000000000000000        0.0000000000000000        2.1047209283082928E-011   0.0000000000000000        0.0000000000000000        1.5624999999999999E-009   9.9999999999999982E-008   1.5625000000000003E-002   115340095.95256063        1730101439260264.0        999826989955.38379        0.0000000000000000        0.0000000000000000        0.0000000000000000        0.0000000000000000        0.0000000000000000        0.0000000000000000        0.0000000000000000     
  0.75781250000000000        0.0000000000000000        0.0000000000000000       -4.5701356923484970E-007   0.0000000000000000        0.0000000000000000        2.1047209283082928E-011   0.0000000000000000        0.0000000000000000        1.5624999999999999E-009   9.9999999999999982E-008   1.5625000000000003E-002   115340095.95256072        1730101439260265.0        999826989955.38379        0.0000000000000000        0.0000000000000000        0.0000000000000000        0.0000000000000000        0.0000000000000000        0.0000000000000000        0.0000000000000000     
  0.77343750000000000        0.0000000000000000        0.0000000000000000       -4.1292588405795180E-007   0.0000000000000000        0.0000000000000000        0.0000000000000000        0.0000000000000000        0.0000000000000000        1.5624999999999999E-009   9.9999999999999982E-008   1.5625000000000003E-002   115340095.95256044        1730101439260261.0        999826989955.38379        0.0000000000000000        0.0000000000000000        0.0000000000000000        0.0000000000000000        0.0000000000000000        0.0000000000000000        0.0000000000000000     
  0.78906250000000000        0.0000000000000000        0.0000000000000000       -3.3918614745321494E-007   0.0000000000000000        0.0000000000000000       -2.1047209283082928E-011   0.0000000000000000        0.0000000000000000        1.5624999999999999E-009   9.9999999999999982E-008   1.5625000000000003E-002   115340095.95256054        1730101439260262.5        999826989955.38379        0.0000000000000000        0.0000000000000000        0.0000000000000000        0.0000000000000000        0.0000000000000000        0.0000000000000000        0.0000000000000000     
  0.80468750000000000        0.0000000000000000        0.0000000000000000       -3.3918537408250525E-007   0.0000000000000000        0.0000000000000000        0.0000000000000000        0.0000000000000000        0.0000000000000000        1.5624999999999999E-009   9.9999999999999982E-008   1.5625000000000003E-002   115340095.95256020        1730101439260257.2        999826989955.38379        0.0000000000000000        0.0000000000000000        0.0000000000000000        0.0000000000000000        0.0000000000000000        0.0000000000000000        0.0000000000000000     
  0.82031250000000000        0.0000000000000000        0.0000000000000000       -4.1292725824732805E-007   0.0000000000000000        0.0000000000000000        0.0000000000000000        0.0000000000000000        0.0000000000000000        1.5624999999999999E-009   9.9999999999999982E-008   1.5625000000000003E-002   115340095.95256016        1730101439260256.8        999826989955.38379        0.0000000000000000        0.0000000000000000        0.0000000000000000        0.0000000000000000        0.0000000000000000        0.0000000000000000        0.0000000000000000     
  0.83593750000000000        0.0000000000000000        0.0000000000000000       -4.1195908244004605E-007   0.0000000000000000        0.0000000000000000       -2.1047209283082928E-011   0.0000000000000000        0.0000000000000000        1.5624999999999999E-009   9.9999999999999982E-008   1.5625000000000003E-002   115340095.95256057        1730101439260263.0        999826989955.38379        0.0000000000000000        0.0000000000000000        0.0000000000000000        0.0000000000000000        0.0000000000000000        0.0000000000000000        0.0000000000000000     
  0.85156250000000000        0.0000000000000000        0.0000000000000000       -3.8327424917740642E-007   0.0000000000000000        0.0000000000000000       -2.1047209283082928E-011   0.0000000000000000        0.0000000000000000        1.5624999999999999E-009   9.9999999999999982E-008   1.5625000000000003E-002   115340095.95256032        1730101439260259.0        999826989955.38379        0.0000000000000000        0.0000000000000000        0.0000000000000000        0.0000000000000000        0.0000000000000000        0.0000000000000000        0.0000000000000000     
  0.86718750000000000        0.0000000000000000        0.0000000000000000       -3.9817885074882127E-007   0.0000000000000000        0.0000000000000000        0.0000000000000000        0.0000000000000000        0.0000000000000000        1.5624999999999999E-009   9.9999999999999982E-008   1.5625000000000003E-002   115340095.95256038        1730101439260260.0        999826989955.38379        0.0000000000000000        0.0000000000000000        0.0000000000000000        0.0000000000000000        0.0000000000000000        0.0000000000000000        0.0000000000000000     
  0.88281250000000000        0.0000000000000000        0.0000000000000000       -4.4242370609749943E-007   0.0000000000000000        0.0000000000000000        0.0000000000000000        0.0000000000000000        0.0000000000000000        1.5624999999999999E-009   9.9999999999999982E-008   1.5625000000000003E-002   115340095.95256010        1730101439260256.0        999826989955.38379        0.0000000000000000        0.0000000000000000        0.0000000000000000        0.0000000000000000        0.0000000000000000        0.0000000000000000        0.0000000000000000     
  0.89843750000000000        0.0000000000000000        0.0000000000000000       -4.8666770681889313E-007   0.0000000000000000        0.0000000000000000       -2.1047209283082928E-011   0.0000000000000000        0.0000000000000000        1.5624999999999999E-009   9.9999999999999982E-008   1.5625000000000003E-002   115340095.95256040        1730101439260260.2        999826989955.38379        0.0000000000000000        0.0000000000000000        0.0000000000000000        0.0000000000000000        0.0000000000000000        0.0000000000000000        0.0000000000000000     
  0.91406250000000000        0.0000000000000000        0.0000000000000000       -4.1292761128509360E-007   0.0000000000000000        0.0000000000000000        0.0000000000000000        0.0000000000000000        0.0000000000000000        1.5624999999999999E-009   9.9999999999999982E-008   1.5625000000000003E-002   115340095.95256056        1730101439260262.8        999826989955.38379        0.0000000000000000        0.0000000000000000        0.0000000000000000        0.0000000000000000        0.0000000000000000        0.0000000000000000        0.0000000000000000     
  0.92968750000000000        0.0000000000000000        0.0000000000000000       -3.2483317886647687E-007   0.0000000000000000        0.0000000000000000        0.0000000000000000        0.0000000000000000        0.0000000000000000        1.5624999999999999E-009   9.9999999999999982E-008   1.5625000000000003E-002   115340095.95256068        1730101439260264.5        999826989955.38379        0.0000000000000000        0.0000000000000000        0.0000000000000000        0.0000000000000000        0.0000000000000000        0.0000000000000000        0.0000000000000000     
  0.94531250000000000        0.0000000000000000        0.0000000000000000       -3.2443860808416394E-007   0.0000000000000000        0.0000000000000000        2.1047209283082928E-011   0.0000000000000000        0.0000000000000000        1.5624999999999999E-009   9.9999999999999982E-008   1.5625000000000003E-002   115340095.95256056        1730101439260262.8        999826989955.38379        0.0000000000000000        0.0000000000000000        0.0000000000000000        0.0000000000000000        0.0000000000000000        0.0000000000000000        0.0000000000000000     
  0.96093750000000000        0.0000000000000000        0.0000000000000000       -2.8019362196239368E-007   0.0000000000000000        0.0000000000000000        2.1047209283082928E-011   0.0000000000000000        0.0000000000000000        1.5624999999999999E-009   9.9999999999999982E-008   1.5625000000000003E-002   115340095.95256062        1730101439260263.8        999826989955.38379        0.0000000000000000        0.0000000000000000        0.0000000000000000        0.0000000000000000        0.0000000000000000        0.0000000000000000        0.0000000000000000     
  0.97656250000000000        0.0000000000000000        0.0000000000000000       -2.9494221489300090E-007   0.0000000000000000        0.0000000000000000        2.1047209283082928E-011   0.0000000000000000        0.0000000000000000        1.5624999999999999E-009   9.9999999999999982E-008   1.5625000000000003E-002   115340095.95256068        1730101439260264.5        999826989955.38379        0.0000000000000000        0.0000000000000000        0.0000000000000000        0.0000000000000000        0.0000000000000000        0.0000000000000000        0.0000000000000000     
  0.99218750000000000        0.0000000000000000        0.0000000000000000       -2.9494202490396918E-007   0.0000000000000000        0.0000000000000000        2.1047209283082928E-011   0.0000000000000000        0.0000000000000000        1.5624999999999999E-009   9.9999999999999982E-008   1.5625000000000003E-002   115340095.95256069        1730101439260264.8        999826989955.38379        0.0000000000000000        0.0000000000000000        0.0000000000000000        0.0000000000000000        0.0000000000000000        0.0000000000000000        0.0000000000000000     
   1.0078125000000000        0.0000000000000000        0.0000000000000000        0.0000000000000000        0.0000000000000000        0.0000000000000000        0.0000000000000000        0.0000000000000000        0.0000000000000000        0.0000000000000000        0.0000000000000000        0.0000000000000000        0.0000000000000000        0.0000000000000000        0.0000000000000000        0.0000000000000000        0.0000000000000000        0.0000000000000000        0.0000000000000000        0.0000000000000000        0.0000000000000000        0.0000000000000000     
   1.0234375000000000        0.0000000000000000        0.0000000000000000        0.0000000000000000        0.0000000000000000        0.0000000000000000        0.0000000000000000        0.0000000000000000        0.0000000000000000        0.0000000000000000        0.0000000000000000        0.0000000000000000        0.0000000000000000        0.0000000000000000        0.0000000000000000        0.0000000000000000        0.0000000000000000        0.0000000000000000        0.0000000000000000        0.0000000000000000        0.0000000000000000        0.0000000000000000     
   1.0390625000000000        0.0000000000000000        0.0000000000000000        0.0000000000000000        0.0000000000000000        0.0000000000000000        0.0000000000000000        0.0000000000000000        0.0000000000000000        0.0000000000000000        0.0000000000000000        0.0000000000000000        0.0000000000000000        0.0000000000000000        0.0000000000000000        0.0000000000000000        0.0000000000000000        0.0000000000000000        0.0000000000000000        0.0000000000000000        0.0000000000000000        0.0000000000000000     
  -1.0390625000000000        0.0000000000000000        0.0000000000000000        0.0000000000000000        0.0000000000000000        0.0000000000000000        0.0000000000000000        0.0000000000000000        0.0000000000000000        0.0000000000000000        0.0000000000000000        0.0000000000000000        0.0000000000000000        0.0000000000000000        0.0000000000000000        0.0000000000000000        0.0000000000000000        0.0000000000000000        0.0000000000000000        0.0000000000000000        0.0000000000000000        0.0000000000000000     
  -1.0234375000000000        0.0000000000000000        0.0000000000000000        0.0000000000000000        0.0000000000000000        0.0000000000000000        0.0000000000000000        0.0000000000000000        0.0000000000000000        0.0000000000000000        0.0000000000000000        0.0000000000000000        0.0000000000000000        0.0000000000000000        0.0000000000000000        0.0000000000000000        0.0000000000000000        0.0000000000000000        0.0000000000000000        0.0000000000000000        0.0000000000000000        0.0000000000000000     
  -1.0078125000000000        0.0000000000000000        0.0000000000000000        0.0000000000000000        0.0000000000000000        0.0000000000000000        0.0000000000000000        0.0000000000000000        0.0000000000000000        0.0000000000000000        0.0000000000000000        0.0000000000000000        0.0000000000000000        0.0000000000000000        0.0000000000000000        0.0000000000000000        0.0000000000000000        0.0000000000000000        0.0000000000000000        0.0000000000000000        0.0000000000000000        0.0000000000000000     
