   2.0799999999999943E-007
 -0.99218750000001210        0.0000000000000000        0.0000000000000000       -1.0934608223558254E-004   0.0000000000000000        0.0000000000000000       -149209088.00000000        0.0000000000000000        0.0000000000000000        1.5624999999999999E-009   9.9999999999906914E-008   1.5625000000014544E-002   130188179.27151033        1952822689055576.2        999804717830.36475        0.0000000000000000        0.0000000000000000        0.0000000000000000        0.0000000000000000        0.0000000000000000        0.0000000000000000        0.0000000000000000     
 -0.97656250000000311        0.0000000000000000        0.0000000000000000        1.3395467437048859E-005   0.0000000000000000        0.0000000000000000        162250752.00000027        0.0000000000000000        0.0000000000000000        1.5624999999999999E-009   9.9999999999904069E-008   1.5625000000014988E-002   130188179.27155137        1952822689056247.8        999804717830.36475        0.0000000000000000        0.0000000000000000        0.0000000000000000        0.0000000000000000        0.0000000000000000        0.0000000000000000        0.0000000000000000     
 -0.96093749999998213        0.0000000000000000        0.0000000000000000        1.2953855053910097E-004   0.0000000000000000        0.0000000000000000       -161841152.00000197        0.0000000000000000        0.0000000000000000        1.5624999999999999E-009   9.9999999999905485E-008   1.5625000000014766E-002   130188179.27159715        1952822689056906.8        999804717830.36475        0.0000000000000000        0.0000000000000000        0.0000000000000000        0.0000000000000000        0.0000000000000000        0.0000000000000000        0.0000000000000000     
 -0.94531249999997358        0.0000000000000000        0.0000000000000000       -3.0875488764864958E-004   0.0000000000000000        0.0000000000000000        140984320.00000000        0.0000000000000000        0.0000000000000000        1.5624999999999999E-009   9.9999999999912248E-008   1.5625000000013722E-002   130188179.27159949        1952822689056809.0        999804717830.36475        0.0000000000000000        0.0000000000000000        0.0000000000000000        0.0000000000000000        0.0000000000000000        0.0000000000000000        0.0000000000000000     
 -0.92968749999995470        0.0000000000000000        0.0000000000000000        4.5884175371961719E-004   0.0000000000000000        0.0000000000000000       -111493120.00000000        0.0000000000000000        0.0000000000000000        1.5624999999999999E-009   9.9999999999904784E-008   1.5625000000014867E-002   130188179.27150482        1952822689055536.5        999804717830.36475        0.0000000000000000        0.0000000000000000        0.0000000000000000        0.0000000000000000        0.0000000000000000        0.0000000000000000        0.0000000000000000     
 -0.91406249999994382        0.0000000000000000        0.0000000000000000       -5.4970536387471763E-004   0.0000000000000000        0.0000000000000000        76972032.000000000        0.0000000000000000        0.0000000000000000        1.5624999999999999E-009   9.9999999999911533E-008   1.5625000000013836E-002   130188179.27156869        1952822689056360.5        999804717830.36475        0.0000000000000000        0.0000000000000000        0.0000000000000000        0.0000000000000000        0.0000000000000000        0.0000000000000000        0.0000000000000000     
 -0.89843749999992706        0.0000000000000000        0.0000000000000000        6.4241418727288958E-004   0.0000000000000000        0.0000000000000000       -29966335.999994460        0.0000000000000000        0.0000000000000000        1.5624999999999999E-009   9.9999999999900151E-008   1.5625000000015585E-002   130188179.27157381        1952822689056662.0        999804717830.36475        0.0000000000000000        0.0000000000000000        0.0000000000000000        0.0000000000000000        0.0000000000000000        0.0000000000000000        0.0000000000000000     
 -0.88281249999991263        0.0000000000000000        0.0000000000000000       -6.0021467061376857E-004   0.0000000000000000        0.0000000000000000       -19709952.000000000        0.0000000000000000        0.0000000000000000        1.5624999999999999E-009   9.9999999999915067E-008   1.5625000000013281E-002   130188179.27152784        1952822689055678.8        999804717830.36475        0.0000000000000000        0.0000000000000000        0.0000000000000000        0.0000000000000000        0.0000000000000000        0.0000000000000000        0.0000000000000000     
 -0.86718749999990052        0.0000000000000000        0.0000000000000000        5.8239467066787407E-004   0.0000000000000000        0.0000000000000000        59179008.000001222        0.0000000000000000        0.0000000000000000        1.5624999999999999E-009   9.9999999999909747E-008   1.5625000000014089E-002   130188179.27157223        1952822689056450.8        999804717830.36475        0.0000000000000000        0.0000000000000000        0.0000000000000000        0.0000000000000000        0.0000000000000000        0.0000000000000000        0.0000000000000000     
 -0.85156249999988443        0.0000000000000000        0.0000000000000000       -3.9563237738405254E-004   0.0000000000000000        0.0000000000000000       -92569600.000000000        0.0000000000000000        0.0000000000000000        1.5624999999999999E-009   9.9999999999920771E-008   1.5625000000012389E-002   130188179.27159417        1952822689056562.5        999804717830.36475        0.0000000000000000        0.0000000000000000        0.0000000000000000        0.0000000000000000        0.0000000000000000        0.0000000000000000        0.0000000000000000     
 -0.83593749999987577        0.0000000000000000        0.0000000000000000        3.7454264488376808E-004   0.0000000000000000        0.0000000000000000        123092991.99999702        0.0000000000000000        0.0000000000000000        1.5624999999999999E-009   9.9999999999916854E-008   1.5625000000012983E-002   130188179.27159323        1952822689056626.8        999804717830.36475        0.0000000000000000        0.0000000000000000        0.0000000000000000        0.0000000000000000        0.0000000000000000        0.0000000000000000        0.0000000000000000     
 -0.82031249999985845        0.0000000000000000        0.0000000000000000       -1.9224559864365690E-004   0.0000000000000000        0.0000000000000000       -144375808.00000027        0.0000000000000000        0.0000000000000000        1.5624999999999999E-009   9.9999999999926079E-008   1.5625000000011553E-002   130188179.27162826        1952822689056971.0        999804717830.36475        0.0000000000000000        0.0000000000000000        0.0000000000000000        0.0000000000000000        0.0000000000000000        0.0000000000000000        0.0000000000000000     
 -0.80468749999985267        0.0000000000000000        0.0000000000000000        7.4732907232414439E-005   0.0000000000000000        0.0000000000000000        149815296.00000000        0.0000000000000000        0.0000000000000000        1.5624999999999999E-009   9.9999999999928580E-008   1.5625000000011161E-002   130188179.27158979        1952822689056345.2        999804717830.36475        0.0000000000000000        0.0000000000000000        0.0000000000000000        0.0000000000000000        0.0000000000000000        0.0000000000000000        0.0000000000000000     
 -0.78906249999983613        0.0000000000000000        0.0000000000000000        1.0482845421798929E-004   0.0000000000000000        0.0000000000000000       -146014208.00000000        0.0000000000000000        0.0000000000000000        1.5624999999999999E-009   9.9999999999928580E-008   1.5625000000011158E-002   130188179.27157171        1952822689056074.2        999804717830.36475        0.0000000000000000        0.0000000000000000        0.0000000000000000        0.0000000000000000        0.0000000000000000        0.0000000000000000        0.0000000000000000     
 -0.77343749999983036        0.0000000000000000        0.0000000000000000       -1.5896304307317841E-004   0.0000000000000000        0.0000000000000000        143360000.00000000        0.0000000000000000        0.0000000000000000        1.5624999999999999E-009   9.9999999999930009E-008   1.5625000000010936E-002   130188179.27160884        1952822689056603.0        999804717830.36475        0.0000000000000000        0.0000000000000000        0.0000000000000000        0.0000000000000000        0.0000000000000000        0.0000000000000000        0.0000000000000000     
 -0.75781249999981426        0.0000000000000000        0.0000000000000000        2.4931092453868171E-004   0.0000000000000000        0.0000000000000000       -135839744.00000000        0.0000000000000000        0.0000000000000000        1.5624999999999999E-009   9.9999999999930353E-008   1.5625000000010877E-002   130188179.27161665        1952822689056713.8        999804717830.36475        0.0000000000000000        0.0000000000000000        0.0000000000000000        0.0000000000000000        0.0000000000000000        0.0000000000000000        0.0000000000000000     
 -0.74218749999980860        0.0000000000000000        0.0000000000000000       -3.0094119878467410E-004   0.0000000000000000        0.0000000000000000        127844352.00000000        0.0000000000000000        0.0000000000000000        1.5624999999999999E-009   9.9999999999937103E-008   1.5625000000009829E-002   130188179.27158117        1952822689056049.2        999804717830.36475        0.0000000000000000        0.0000000000000000        0.0000000000000000        0.0000000000000000        0.0000000000000000        0.0000000000000000        0.0000000000000000     
 -0.72656249999979461        0.0000000000000000        0.0000000000000000        4.4312651471495876E-004   0.0000000000000000        0.0000000000000000       -121470976.00000000        0.0000000000000000        0.0000000000000000        1.5624999999999999E-009   9.9999999999942781E-008   1.5625000000008937E-002   130188179.27163154        1952822689056694.5        999804717830.36475        0.0000000000000000        0.0000000000000000        0.0000000000000000        0.0000000000000000        0.0000000000000000        0.0000000000000000        0.0000000000000000     
 -0.71093749999979072        0.0000000000000000        0.0000000000000000       -3.8315839488911097E-004   0.0000000000000000        0.0000000000000000        103628800.00000000        0.0000000000000000        0.0000000000000000        1.5624999999999999E-009   9.9999999999953806E-008   1.5625000000007223E-002   130188179.27167392        1952822689057114.0        999804717830.36475        0.0000000000000000        0.0000000000000000        0.0000000000000000        0.0000000000000000        0.0000000000000000        0.0000000000000000        0.0000000000000000     
 -0.69531249999978018        0.0000000000000000        0.0000000000000000        6.3095872963868144E-004   0.0000000000000000        0.0000000000000000       -79216640.000005856        0.0000000000000000        0.0000000000000000        1.5624999999999999E-009   9.9999999999953448E-008   1.5625000000007262E-002   130188179.27162440        1952822689056379.8        999804717830.36475        0.0000000000000000        0.0000000000000000        0.0000000000000000        0.0000000000000000        0.0000000000000000        0.0000000000000000        0.0000000000000000     
 -0.67968749999977618        0.0000000000000000        0.0000000000000000       -5.8470466370874152E-004   0.0000000000000000        0.0000000000000000        42385408.000000000        0.0000000000000000        0.0000000000000000        1.5624999999999999E-009   9.9999999999965174E-008   1.5625000000005454E-002   130188179.27168962        1952822689057127.0        999804717830.36475        0.0000000000000000        0.0000000000000000        0.0000000000000000        0.0000000000000000        0.0000000000000000        0.0000000000000000        0.0000000000000000     
 -0.66406249999976930        0.0000000000000000        0.0000000000000000        7.1759406386083264E-004   0.0000000000000000        0.0000000000000000        5619712.0000000000        0.0000000000000000        0.0000000000000000        1.5624999999999999E-009   9.9999999999954507E-008   1.5625000000007092E-002   130188179.27166910        1952822689057030.0        999804717830.36475        0.0000000000000000        0.0000000000000000        0.0000000000000000        0.0000000000000000        0.0000000000000000        0.0000000000000000        0.0000000000000000     
 -0.64843749999976197        0.0000000000000000        0.0000000000000000       -5.9333870872358611E-004   0.0000000000000000        0.0000000000000000       -47693824.000000000        0.0000000000000000        0.0000000000000000        1.5624999999999999E-009   9.9999999999966604E-008   1.5625000000005232E-002   130188179.27165230        1952822689056539.5        999804717830.36475        0.0000000000000000        0.0000000000000000        0.0000000000000000        0.0000000000000000        0.0000000000000000        0.0000000000000000        0.0000000000000000     
 -0.63281249999975886        0.0000000000000000        0.0000000000000000        5.7340030231361279E-004   0.0000000000000000        0.0000000000000000        82853888.000000909        0.0000000000000000        0.0000000000000000        1.5624999999999999E-009   9.9999999999961985E-008   1.5625000000005929E-002   130188179.27167159        1952822689056920.8        999804717830.36475        0.0000000000000000        0.0000000000000000        0.0000000000000000        0.0000000000000000        0.0000000000000000        0.0000000000000000        0.0000000000000000     
 -0.61718749999975009        0.0000000000000000        0.0000000000000000       -2.9753618372944718E-004   0.0000000000000000        0.0000000000000000       -115130368.00000000        0.0000000000000000        0.0000000000000000        1.5624999999999999E-009   9.9999999999972996E-008   1.5625000000004222E-002   130188179.27170664        1952822689057229.8        999804717830.36475        0.0000000000000000        0.0000000000000000        0.0000000000000000        0.0000000000000000        0.0000000000000000        0.0000000000000000        0.0000000000000000     
 -0.60156249999975042        0.0000000000000000        0.0000000000000000        2.8453087021114524E-004   0.0000000000000000        0.0000000000000000        141066240.00000054        0.0000000000000000        0.0000000000000000        1.5624999999999999E-009   9.9999999999969423E-008   1.5625000000004770E-002   130188179.27167696        1952822689056855.8        999804717830.36475        0.0000000000000000        0.0000000000000000        0.0000000000000000        0.0000000000000000        0.0000000000000000        0.0000000000000000        0.0000000000000000     
 -0.58593749999974054        0.0000000000000000        0.0000000000000000        3.0600572366851084E-005   0.0000000000000000        0.0000000000000000       -151404544.00000000        0.0000000000000000        0.0000000000000000        1.5624999999999999E-009   9.9999999999974770E-008   1.5625000000003941E-002   130188179.27169734        1952822689057056.5        999804717830.36475        0.0000000000000000        0.0000000000000000        0.0000000000000000        0.0000000000000000        0.0000000000000000        0.0000000000000000        0.0000000000000000     
 -0.57031249999974254        0.0000000000000000        0.0000000000000000       -5.5202593310224238E-005   0.0000000000000000        0.0000000000000000        150274047.99999973        0.0000000000000000        0.0000000000000000        1.5624999999999999E-009   9.9999999999979389E-008   1.5625000000003223E-002   130188179.27168775        1952822689056822.0        999804717830.36475        0.0000000000000000        0.0000000000000000        0.0000000000000000        0.0000000000000000        0.0000000000000000        0.0000000000000000        0.0000000000000000     
 -0.55468749999973410        0.0000000000000000        0.0000000000000000        2.7179677201935907E-004   0.0000000000000000        0.0000000000000000       -141901824.00000337        0.0000000000000000        0.0000000000000000        1.5624999999999999E-009   9.9999999999981864E-008   1.5625000000002831E-002   130188179.27162406        1952822689055819.2        999804717830.36475        0.0000000000000000        0.0000000000000000        0.0000000000000000        0.0000000000000000        0.0000000000000000        0.0000000000000000        0.0000000000000000     
 -0.53906249999973688        0.0000000000000000        0.0000000000000000       -2.8737650557531099E-004   0.0000000000000000        0.0000000000000000        128991232.00000000        0.0000000000000000        0.0000000000000000        1.5624999999999999E-009   9.9999999999990758E-008   1.5625000000001447E-002   130188179.27169415        1952822689056696.5        999804717830.36475        0.0000000000000000        0.0000000000000000        0.0000000000000000        0.0000000000000000        0.0000000000000000        0.0000000000000000        0.0000000000000000     
 -0.52343749999973122        0.0000000000000000        0.0000000000000000        4.3114169700117413E-004   0.0000000000000000        0.0000000000000000       -117800960.00000000        0.0000000000000000        0.0000000000000000        1.5624999999999999E-009   9.9999999999993960E-008   1.5625000000000940E-002   130188179.27176793        1952822689057741.0        999804717830.36475        0.0000000000000000        0.0000000000000000        0.0000000000000000        0.0000000000000000        0.0000000000000000        0.0000000000000000        0.0000000000000000     
 -0.50781249999973499        0.0000000000000000        0.0000000000000000       -3.2002488422151829E-004   0.0000000000000000        0.0000000000000000        105250816.00000000        0.0000000000000000        0.0000000000000000        1.5624999999999999E-009   1.0000000000000229E-007   1.5624999999999648E-002   130188179.27175243        1952822689057345.5        999804717830.36475        0.0000000000000000        0.0000000000000000        0.0000000000000000        0.0000000000000000        0.0000000000000000        0.0000000000000000        0.0000000000000000     
 -0.49218749999973194        0.0000000000000000        0.0000000000000000        4.3849773090864940E-004   0.0000000000000000        0.0000000000000000       -95600640.000000000        0.0000000000000000        0.0000000000000000        1.5624999999999999E-009   1.0000000000000406E-007   1.5624999999999363E-002   130188179.27175100        1952822689057289.8        999804717830.36475        0.0000000000000000        0.0000000000000000        0.0000000000000000        0.0000000000000000        0.0000000000000000        0.0000000000000000        0.0000000000000000     
 -0.47656249999973627        0.0000000000000000        0.0000000000000000       -3.1715255267633104E-004   0.0000000000000000        0.0000000000000000        86736896.000000000        0.0000000000000000        0.0000000000000000        1.5624999999999999E-009   1.0000000000000833E-007   1.5624999999998706E-002   130188179.27174921        1952822689057178.8        999804717830.36475        0.0000000000000000        0.0000000000000000        0.0000000000000000        0.0000000000000000        0.0000000000000000        0.0000000000000000        0.0000000000000000     
 -0.46093749999973455        0.0000000000000000        0.0000000000000000        4.1806460347848431E-004   0.0000000000000000        0.0000000000000000       -63963135.999999888        0.0000000000000000        0.0000000000000000        1.5624999999999999E-009   1.0000000000000675E-007   1.5624999999998937E-002   130188179.27172156        1952822689056796.2        999804717830.36475        0.0000000000000000        0.0000000000000000        0.0000000000000000        0.0000000000000000        0.0000000000000000        0.0000000000000000        0.0000000000000000     
 -0.44531249999973838        0.0000000000000000        0.0000000000000000       -2.4619531939882276E-004   0.0000000000000000        0.0000000000000000        29655040.000000000        0.0000000000000000        0.0000000000000000        1.5624999999999999E-009   1.0000000000002040E-007   1.5624999999996824E-002   130188179.27176705        1952822689057210.2        999804717830.36475        0.0000000000000000        0.0000000000000000        0.0000000000000000        0.0000000000000000        0.0000000000000000        0.0000000000000000        0.0000000000000000     
 -0.42968749999974093        0.0000000000000000        0.0000000000000000        3.2374001289427635E-004   0.0000000000000000        0.0000000000000000        3702783.9999947925        0.0000000000000000        0.0000000000000000        1.5624999999999999E-009   1.0000000000001720E-007   1.5624999999997304E-002   130188179.27176121        1952822689057186.8        999804717830.36475        0.0000000000000000        0.0000000000000000        0.0000000000000000        0.0000000000000000        0.0000000000000000        0.0000000000000000        0.0000000000000000     
 -0.41406249999974376        0.0000000000000000        0.0000000000000000       -2.1698925025957167E-004   0.0000000000000000        0.0000000000000000       -29130752.000000000        0.0000000000000000        0.0000000000000000        1.5624999999999999E-009   1.0000000000002824E-007   1.5624999999995597E-002   130188179.27178591        1952822689057340.5        999804717830.36475        0.0000000000000000        0.0000000000000000        0.0000000000000000        0.0000000000000000        0.0000000000000000        0.0000000000000000        0.0000000000000000     
 -0.39843749999974976        0.0000000000000000        0.0000000000000000        2.6249297764838404E-004   0.0000000000000000        0.0000000000000000        45989888.000000000        0.0000000000000000        0.0000000000000000        1.5624999999999999E-009   1.0000000000002964E-007   1.5624999999995367E-002   130188179.27177575        1952822689057161.5        999804717830.36475        0.0000000000000000        0.0000000000000000        0.0000000000000000        0.0000000000000000        0.0000000000000000        0.0000000000000000        0.0000000000000000     
 -0.38281249999975303        0.0000000000000000        0.0000000000000000       -1.7800898499191966E-004   0.0000000000000000        0.0000000000000000       -57966592.000000000        0.0000000000000000        0.0000000000000000        1.5624999999999999E-009   1.0000000000003711E-007   1.5624999999994208E-002   130188179.27179947        1952822689057371.2        999804717830.36475        0.0000000000000000        0.0000000000000000        0.0000000000000000        0.0000000000000000        0.0000000000000000        0.0000000000000000        0.0000000000000000     
 -0.36718749999976136        0.0000000000000000        0.0000000000000000        1.8632650570671127E-004   0.0000000000000000        0.0000000000000000        67010560.000000000        0.0000000000000000        0.0000000000000000        1.5624999999999999E-009   1.0000000000003942E-007   1.5624999999993840E-002   130188179.27181298        1952822689057528.8        999804717830.36475        0.0000000000000000        0.0000000000000000        0.0000000000000000        0.0000000000000000        0.0000000000000000        0.0000000000000000        0.0000000000000000     
 -0.35156249999976535        0.0000000000000000        0.0000000000000000       -2.0185297002127282E-005   0.0000000000000000        0.0000000000000000       -75169792.000000000        0.0000000000000000        0.0000000000000000        1.5624999999999999E-009   1.0000000000004476E-007   1.5624999999993007E-002   130188179.27180818        1952822689057352.2        999804717830.36475        0.0000000000000000        0.0000000000000000        0.0000000000000000        0.0000000000000000        0.0000000000000000        0.0000000000000000        0.0000000000000000     
 -0.33593749999977535        0.0000000000000000        0.0000000000000000        7.0130539829287142E-005   0.0000000000000000        0.0000000000000000        79822848.000000000        0.0000000000000000        0.0000000000000000        1.5624999999999999E-009   1.0000000000004546E-007   1.5624999999992896E-002   130188179.27180308        1952822689057262.2        999804717830.36475        0.0000000000000000        0.0000000000000000        0.0000000000000000        0.0000000000000000        0.0000000000000000        0.0000000000000000        0.0000000000000000     
 -0.32031249999977957        0.0000000000000000        0.0000000000000000        7.7063165736376301E-005   0.0000000000000000        0.0000000000000000       -75137024.000000000        0.0000000000000000        0.0000000000000000        1.5624999999999999E-009   1.0000000000004564E-007   1.5624999999992867E-002   130188179.27178866        1952822689057042.5        999804717830.36475        0.0000000000000000        0.0000000000000000        0.0000000000000000        0.0000000000000000        0.0000000000000000        0.0000000000000000        0.0000000000000000     
 -0.30468749999978961        0.0000000000000000        0.0000000000000000       -7.8469720277439875E-005   0.0000000000000000        0.0000000000000000        67190783.999999970        0.0000000000000000        0.0000000000000000        1.5624999999999999E-009   1.0000000000004989E-007   1.5624999999992209E-002   130188179.27182211        1952822689057460.8        999804717830.36475        0.0000000000000000        0.0000000000000000        0.0000000000000000        0.0000000000000000        0.0000000000000000        0.0000000000000000        0.0000000000000000     
 -0.28906249999979516        0.0000000000000000        0.0000000000000000        2.0304928619259476E-004   0.0000000000000000        0.0000000000000000       -58753024.000001393        0.0000000000000000        0.0000000000000000        1.5624999999999999E-009   1.0000000000005078E-007   1.5624999999992065E-002   130188179.27184120        1952822689057730.5        999804717830.36475        0.0000000000000000        0.0000000000000000        0.0000000000000000        0.0000000000000000        0.0000000000000000        0.0000000000000000        0.0000000000000000     
 -0.27343749999980549        0.0000000000000000        0.0000000000000000       -1.2657126656448630E-004   0.0000000000000000        0.0000000000000000        52199423.999999180        0.0000000000000000        0.0000000000000000        1.5624999999999999E-009   1.0000000000005647E-007   1.5624999999991177E-002   130188179.27182400        1952822689057361.0        999804717830.36475        0.0000000000000000        0.0000000000000000        0.0000000000000000        0.0000000000000000        0.0000000000000000        0.0000000000000000        0.0000000000000000     
 -0.25781249999981282        0.0000000000000000        0.0000000000000000        1.7136357379853731E-004   0.0000000000000000        0.0000000000000000       -53395456.000000000        0.0000000000000000        0.0000000000000000        1.5624999999999999E-009   1.0000000000006082E-007   1.5624999999990499E-002   130188179.27182497        1952822689057290.5        999804717830.36475        0.0000000000000000        0.0000000000000000        0.0000000000000000        0.0000000000000000        0.0000000000000000        0.0000000000000000        0.0000000000000000     
 -0.24218749999982450        0.0000000000000000        0.0000000000000000        4.4263527093390520E-006   0.0000000000000000        0.0000000000000000        52445184.000000000        0.0000000000000000        0.0000000000000000        1.5624999999999999E-009   1.0000000000006250E-007   1.5624999999990237E-002   130188179.27183379        1952822689057390.0        999804717830.36475        0.0000000000000000        0.0000000000000000        0.0000000000000000        0.0000000000000000        0.0000000000000000        0.0000000000000000        0.0000000000000000     
 -0.22656249999983236        0.0000000000000000        0.0000000000000000        4.1897331343141207E-005   0.0000000000000000        0.0000000000000000       -46088192.000000000        0.0000000000000000        0.0000000000000000        1.5624999999999999E-009   1.0000000000006065E-007   1.5624999999990520E-002   130188179.27183747        1952822689057481.5        999804717830.36475        0.0000000000000000        0.0000000000000000        0.0000000000000000        0.0000000000000000        0.0000000000000000        0.0000000000000000        0.0000000000000000     
 -0.21093749999984346        0.0000000000000000        0.0000000000000000        9.1766207064523421E-005   0.0000000000000000        0.0000000000000000        40255488.000000000        0.0000000000000000        0.0000000000000000        1.5624999999999999E-009   1.0000000000006090E-007   1.5624999999990487E-002   130188179.27182575        1952822689057300.2        999804717830.36475        0.0000000000000000        0.0000000000000000        0.0000000000000000        0.0000000000000000        0.0000000000000000        0.0000000000000000        0.0000000000000000     
 -0.19531249999985140        0.0000000000000000        0.0000000000000000       -7.7408475143067186E-005   0.0000000000000000        0.0000000000000000       -29671424.000000000        0.0000000000000000        0.0000000000000000        1.5624999999999999E-009   1.0000000000005807E-007   1.5624999999990924E-002   130188179.27182668        1952822689057370.2        999804717830.36475        0.0000000000000000        0.0000000000000000        0.0000000000000000        0.0000000000000000        0.0000000000000000        0.0000000000000000        0.0000000000000000     
 -0.17968749999986161        0.0000000000000000        0.0000000000000000        1.5781060197180940E-004   0.0000000000000000        0.0000000000000000        17563648.000000000        0.0000000000000000        0.0000000000000000        1.5624999999999999E-009   1.0000000000006199E-007   1.5624999999990317E-002   130188179.27183616        1952822689057435.5        999804717830.36475        0.0000000000000000        0.0000000000000000        0.0000000000000000        0.0000000000000000        0.0000000000000000        0.0000000000000000        0.0000000000000000     
 -0.16406249999987077        0.0000000000000000        0.0000000000000000       -1.3502137804488674E-004   0.0000000000000000        0.0000000000000000       -5947392.0000015143        0.0000000000000000        0.0000000000000000        1.5624999999999999E-009   1.0000000000006145E-007   1.5624999999990398E-002   130188179.27181789        1952822689057172.5        999804717830.36475        0.0000000000000000        0.0000000000000000        0.0000000000000000        0.0000000000000000        0.0000000000000000        0.0000000000000000        0.0000000000000000     
 -0.14843749999988082        0.0000000000000000        0.0000000000000000        1.9531602522851108E-004   0.0000000000000000        0.0000000000000000       -9338880.0000000000        0.0000000000000000        0.0000000000000000        1.5624999999999999E-009   1.0000000000006740E-007   1.5624999999989475E-002   130188179.27184284        1952822689057429.5        999804717830.36475        0.0000000000000000        0.0000000000000000        0.0000000000000000        0.0000000000000000        0.0000000000000000        0.0000000000000000        0.0000000000000000     
 -0.13281249999989184        0.0000000000000000        0.0000000000000000       -1.9186331780964778E-004   0.0000000000000000        0.0000000000000000        24264704.000000000        0.0000000000000000        0.0000000000000000        1.5624999999999999E-009   1.0000000000006569E-007   1.5624999999989732E-002   130188179.27183950        1952822689057413.5        999804717830.36475        0.0000000000000000        0.0000000000000000        0.0000000000000000        0.0000000000000000        0.0000000000000000        0.0000000000000000        0.0000000000000000     
 -0.11718749999990136        0.0000000000000000        0.0000000000000000        1.9028282426535541E-004   0.0000000000000000        0.0000000000000000       -31719424.000000000        0.0000000000000000        0.0000000000000000        1.5624999999999999E-009   1.0000000000007034E-007   1.5624999999989011E-002   130188179.27184725        1952822689057438.5        999804717830.36475        0.0000000000000000        0.0000000000000000        0.0000000000000000        0.0000000000000000        0.0000000000000000        0.0000000000000000        0.0000000000000000     
 -0.10156249999991382        0.0000000000000000        0.0000000000000000       -1.7498481059522844E-004   0.0000000000000000        0.0000000000000000        33996800.000000000        0.0000000000000000        0.0000000000000000        1.5624999999999999E-009   1.0000000000007415E-007   1.5624999999988417E-002   130188179.27185279        1952822689057447.5        999804717830.36475        0.0000000000000000        0.0000000000000000        0.0000000000000000        0.0000000000000000        0.0000000000000000        0.0000000000000000        0.0000000000000000     
  -8.5937499999924533E-002   0.0000000000000000        0.0000000000000000        1.7056329848772809E-004   0.0000000000000000        0.0000000000000000       -35848192.000000000        0.0000000000000000        0.0000000000000000        1.5624999999999999E-009   1.0000000000007925E-007   1.5624999999987619E-002   130188179.27186120        1952822689057474.0        999804717830.36475        0.0000000000000000        0.0000000000000000        0.0000000000000000        0.0000000000000000        0.0000000000000000        0.0000000000000000        0.0000000000000000     
  -7.0312499999938591E-002   0.0000000000000000        0.0000000000000000       -1.5538402396385212E-004   0.0000000000000000        0.0000000000000000        34390016.000000000        0.0000000000000000        0.0000000000000000        1.5624999999999999E-009   1.0000000000008388E-007   1.5624999999986894E-002   130188179.27187574        1952822689057601.8        999804717830.36475        0.0000000000000000        0.0000000000000000        0.0000000000000000        0.0000000000000000        0.0000000000000000        0.0000000000000000        0.0000000000000000     
  -5.4687499999950755E-002   0.0000000000000000        0.0000000000000000        1.2406415866769865E-004   0.0000000000000000        0.0000000000000000       -30294016.000000000        0.0000000000000000        0.0000000000000000        1.5624999999999999E-009   1.0000000000008676E-007   1.5624999999986441E-002   130188179.27187914        1952822689057596.8        999804717830.36475        0.0000000000000000        0.0000000000000000        0.0000000000000000        0.0000000000000000        0.0000000000000000        0.0000000000000000        0.0000000000000000     
  -3.9062499999965708E-002   0.0000000000000000        0.0000000000000000       -1.2047056979733238E-004   0.0000000000000000        0.0000000000000000        23461888.000000000        0.0000000000000000        0.0000000000000000        1.5624999999999999E-009   1.0000000000009154E-007   1.5624999999985699E-002   130188179.27189070        1952822689057676.2        999804717830.36475        0.0000000000000000        0.0000000000000000        0.0000000000000000        0.0000000000000000        0.0000000000000000        0.0000000000000000        0.0000000000000000     
  -2.3437499999979371E-002   0.0000000000000000        0.0000000000000000        6.8740863498183841E-005   0.0000000000000000        0.0000000000000000       -15466496.000000367        0.0000000000000000        0.0000000000000000        1.5624999999999999E-009   1.0000000000009183E-007   1.5624999999985649E-002   130188179.27189046        1952822689057667.5        999804717830.36475        0.0000000000000000        0.0000000000000000        0.0000000000000000        0.0000000000000000        0.0000000000000000        0.0000000000000000        0.0000000000000000     
  -7.8124999999944090E-003   0.0000000000000000        0.0000000000000000       -9.3798547628419658E-006   0.0000000000000000        0.0000000000000000        6897664.0000000000        0.0000000000000000        0.0000000000000000        1.5624999999999999E-009   1.0000000000009476E-007   1.5624999999985196E-002   130188179.27189508        1952822689057679.5        999804717830.36475        0.0000000000000000        0.0000000000000000        0.0000000000000000        0.0000000000000000        0.0000000000000000        0.0000000000000000        0.0000000000000000     
   7.8124999999910159E-003   0.0000000000000000        0.0000000000000000       -2.1596473473985063E-005   0.0000000000000000        0.0000000000000000        4341760.0000000000        0.0000000000000000        0.0000000000000000        1.5624999999999999E-009   1.0000000000009230E-007   1.5624999999985576E-002   130188179.27188917        1952822689057639.2        999804717830.36475        0.0000000000000000        0.0000000000000000        0.0000000000000000        0.0000000000000000        0.0000000000000000        0.0000000000000000        0.0000000000000000     
   2.3437499999976741E-002   0.0000000000000000        0.0000000000000000        6.5669458928164674E-005   0.0000000000000000        0.0000000000000000       -15220736.000000000        0.0000000000000000        0.0000000000000000        1.5624999999999999E-009   1.0000000000009500E-007   1.5624999999985163E-002   130188179.27189529        1952822689057677.8        999804717830.36475        0.0000000000000000        0.0000000000000000        0.0000000000000000        0.0000000000000000        0.0000000000000000        0.0000000000000000        0.0000000000000000     
   3.9062499999961323E-002   0.0000000000000000        0.0000000000000000       -1.0769297326741661E-004   0.0000000000000000        0.0000000000000000        23805952.000000000        0.0000000000000000        0.0000000000000000        1.5624999999999999E-009   1.0000000000009289E-007   1.5624999999985484E-002   130188179.27189596        1952822689057729.5        999804717830.36475        0.0000000000000000        0.0000000000000000        0.0000000000000000        0.0000000000000000        0.0000000000000000        0.0000000000000000        0.0000000000000000     
   5.4687499999947708E-002   0.0000000000000000        0.0000000000000000        1.5208510102075507E-004   0.0000000000000000        0.0000000000000000       -28786688.000000000        0.0000000000000000        0.0000000000000000        1.5624999999999999E-009   1.0000000000009395E-007   1.5624999999985324E-002   130188179.27189745        1952822689057731.0        999804717830.36475        0.0000000000000000        0.0000000000000000        0.0000000000000000        0.0000000000000000        0.0000000000000000        0.0000000000000000        0.0000000000000000     
   7.0312499999931957E-002   0.0000000000000000        0.0000000000000000       -1.6354716533834355E-004   0.0000000000000000        0.0000000000000000        32653312.000000000        0.0000000000000000        0.0000000000000000        1.5624999999999999E-009   1.0000000000009376E-007   1.5624999999985349E-002   130188179.27189477        1952822689057694.2        999804717830.36475        0.0000000000000000        0.0000000000000000        0.0000000000000000        0.0000000000000000        0.0000000000000000        0.0000000000000000        0.0000000000000000     
   8.5937499999918399E-002   0.0000000000000000        0.0000000000000000        1.4904785101056014E-004   0.0000000000000000        0.0000000000000000       -36388864.000000067        0.0000000000000000        0.0000000000000000        1.5624999999999999E-009   1.0000000000009599E-007   1.5624999999985003E-002   130188179.27189800        1952822689057699.5        999804717830.36475        0.0000000000000000        0.0000000000000000        0.0000000000000000        0.0000000000000000        0.0000000000000000        0.0000000000000000        0.0000000000000000     
  0.10156249999990195        0.0000000000000000        0.0000000000000000       -2.1276789053191513E-004   0.0000000000000000        0.0000000000000000        34865152.000000000        0.0000000000000000        0.0000000000000000        1.5624999999999999E-009   1.0000000000009718E-007   1.5624999999984818E-002   130188179.27190472        1952822689057776.8        999804717830.36475        0.0000000000000000        0.0000000000000000        0.0000000000000000        0.0000000000000000        0.0000000000000000        0.0000000000000000        0.0000000000000000     
  0.11718749999988802        0.0000000000000000        0.0000000000000000        1.9059495847348253E-004   0.0000000000000000        0.0000000000000000       -28655616.000000201        0.0000000000000000        0.0000000000000000        1.5624999999999999E-009   1.0000000000009594E-007   1.5624999999985009E-002   130188179.27190056        1952822689057739.2        999804717830.36475        0.0000000000000000        0.0000000000000000        0.0000000000000000        0.0000000000000000        0.0000000000000000        0.0000000000000000        0.0000000000000000     
  0.13281249999987196        0.0000000000000000        0.0000000000000000       -2.1813403060570754E-004   0.0000000000000000        0.0000000000000000        18350080.000000000        0.0000000000000000        0.0000000000000000        1.5624999999999999E-009   1.0000000000009808E-007   1.5624999999984679E-002   130188179.27190563        1952822689057772.8        999804717830.36475        0.0000000000000000        0.0000000000000000        0.0000000000000000        0.0000000000000000        0.0000000000000000        0.0000000000000000        0.0000000000000000     
  0.14843749999985736        0.0000000000000000        0.0000000000000000        1.3066090628217788E-004   0.0000000000000000        0.0000000000000000       -6766592.0000000000        0.0000000000000000        0.0000000000000000        1.5624999999999999E-009   1.0000000000009388E-007   1.5624999999985328E-002   130188179.27189603        1952822689057711.2        999804717830.36475        0.0000000000000000        0.0000000000000000        0.0000000000000000        0.0000000000000000        0.0000000000000000        0.0000000000000000        0.0000000000000000     
  0.16406249999984263        0.0000000000000000        0.0000000000000000       -1.8001212139203343E-004   0.0000000000000000        0.0000000000000000       -5423104.0000000000        0.0000000000000000        0.0000000000000000        1.5624999999999999E-009   1.0000000000009395E-007   1.5624999999985323E-002   130188179.27189746        1952822689057731.0        999804717830.36475        0.0000000000000000        0.0000000000000000        0.0000000000000000        0.0000000000000000        0.0000000000000000        0.0000000000000000        0.0000000000000000     
  0.17968749999982800        0.0000000000000000        0.0000000000000000        1.0114695141000450E-004   0.0000000000000000        0.0000000000000000        20463616.000002120        0.0000000000000000        0.0000000000000000        1.5624999999999999E-009   1.0000000000008692E-007   1.5624999999986415E-002   130188179.27188249        1952822689057644.0        999804717830.36475        0.0000000000000000        0.0000000000000000        0.0000000000000000        0.0000000000000000        0.0000000000000000        0.0000000000000000        0.0000000000000000     
  0.19531249999981545        0.0000000000000000        0.0000000000000000       -1.4473900114328771E-004   0.0000000000000000        0.0000000000000000       -32309248.000000000        0.0000000000000000        0.0000000000000000        1.5624999999999999E-009   1.0000000000008678E-007   1.5624999999986445E-002   130188179.27189381        1952822689057816.2        999804717830.36475        0.0000000000000000        0.0000000000000000        0.0000000000000000        0.0000000000000000        0.0000000000000000        0.0000000000000000        0.0000000000000000     
  0.21093749999980088        0.0000000000000000        0.0000000000000000        3.2814392454276894E-006   0.0000000000000000        0.0000000000000000        40189952.000000872        0.0000000000000000        0.0000000000000000        1.5624999999999999E-009   1.0000000000008224E-007   1.5624999999987147E-002   130188179.27188805        1952822689057818.8        999804717830.36475        0.0000000000000000        0.0000000000000000        0.0000000000000000        0.0000000000000000        0.0000000000000000        0.0000000000000000        0.0000000000000000     
  0.22656249999978975        0.0000000000000000        0.0000000000000000       -5.0757512196084301E-005   0.0000000000000000        0.0000000000000000       -45924351.999999866        0.0000000000000000        0.0000000000000000        1.5624999999999999E-009   1.0000000000008045E-007   1.5624999999987430E-002   130188179.27187468        1952822689057653.0        999804717830.36475        0.0000000000000000        0.0000000000000000        0.0000000000000000        0.0000000000000000        0.0000000000000000        0.0000000000000000        0.0000000000000000     
  0.24218749999977573        0.0000000000000000        0.0000000000000000       -6.6855493124709221E-005   0.0000000000000000        0.0000000000000000        50331648.000000820        0.0000000000000000        0.0000000000000000        1.5624999999999999E-009   1.0000000000007610E-007   1.5624999999988110E-002   130188179.27185896        1952822689057502.2        999804717830.36475        0.0000000000000000        0.0000000000000000        0.0000000000000000        0.0000000000000000        0.0000000000000000        0.0000000000000000        0.0000000000000000     
  0.25781249999976596        0.0000000000000000        0.0000000000000000        8.1410526601164552E-005   0.0000000000000000        0.0000000000000000       -53067776.000000000        0.0000000000000000        0.0000000000000000        1.5624999999999999E-009   1.0000000000007318E-007   1.5624999999988563E-002   130188179.27186121        1952822689057592.8        999804717830.36475        0.0000000000000000        0.0000000000000000        0.0000000000000000        0.0000000000000000        0.0000000000000000        0.0000000000000000        0.0000000000000000     
  0.27343749999975286        0.0000000000000000        0.0000000000000000       -1.9385387937032045E-004   0.0000000000000000        0.0000000000000000        56164352.000000000        0.0000000000000000        0.0000000000000000        1.5624999999999999E-009   1.0000000000006945E-007   1.5624999999989146E-002   130188179.27184442        1952822689057414.0        999804717830.36475        0.0000000000000000        0.0000000000000000        0.0000000000000000        0.0000000000000000        0.0000000000000000        0.0000000000000000        0.0000000000000000     
  0.28906249999974426        0.0000000000000000        0.0000000000000000        9.3211852538641624E-005   0.0000000000000000        0.0000000000000000       -64421887.999999888        0.0000000000000000        0.0000000000000000        1.5624999999999999E-009   1.0000000000006785E-007   1.5624999999989403E-002   130188179.27185118        1952822689057546.2        999804717830.36475        0.0000000000000000        0.0000000000000000        0.0000000000000000        0.0000000000000000        0.0000000000000000        0.0000000000000000        0.0000000000000000     
  0.30468749999973166        0.0000000000000000        0.0000000000000000       -1.2172310183164407E-004   0.0000000000000000        0.0000000000000000        73515008.000000000        0.0000000000000000        0.0000000000000000        1.5624999999999999E-009   1.0000000000006056E-007   1.5624999999990535E-002   130188179.27184635        1952822689057616.8        999804717830.36475        0.0000000000000000        0.0000000000000000        0.0000000000000000        0.0000000000000000        0.0000000000000000        0.0000000000000000        0.0000000000000000     
  0.32031249999972533        0.0000000000000000        0.0000000000000000       -3.0421882383202356E-005   0.0000000000000000        0.0000000000000000       -74350592.000000000        0.0000000000000000        0.0000000000000000        1.5624999999999999E-009   1.0000000000005612E-007   1.5624999999991233E-002   130188179.27182475        1952822689057379.0        999804717830.36475        0.0000000000000000        0.0000000000000000        0.0000000000000000        0.0000000000000000        0.0000000000000000        0.0000000000000000        0.0000000000000000     
  0.33593749999971412        0.0000000000000000        0.0000000000000000        2.2833798109653232E-005   0.0000000000000000        0.0000000000000000        72187904.000000000        0.0000000000000000        0.0000000000000000        1.5624999999999999E-009   1.0000000000005344E-007   1.5624999999991651E-002   130188179.27183300        1952822689057555.2        999804717830.36475        0.0000000000000000        0.0000000000000000        0.0000000000000000        0.0000000000000000        0.0000000000000000        0.0000000000000000        0.0000000000000000     
  0.35156249999970862        0.0000000000000000        0.0000000000000000       -1.7562226676797041E-004   0.0000000000000000        0.0000000000000000       -69632000.000000000        0.0000000000000000        0.0000000000000000        1.5624999999999999E-009   1.0000000000005079E-007   1.5624999999992060E-002   130188179.27181685        1952822689057364.8        999804717830.36475        0.0000000000000000        0.0000000000000000        0.0000000000000000        0.0000000000000000        0.0000000000000000        0.0000000000000000        0.0000000000000000     
  0.36718749999969824        0.0000000000000000        0.0000000000000000        1.0079958297950862E-004   0.0000000000000000        0.0000000000000000        61472768.000000007        0.0000000000000000        0.0000000000000000        1.5624999999999999E-009   1.0000000000005045E-007   1.5624999999992119E-002   130188179.27181235        1952822689057303.8        999804717830.36475        0.0000000000000000        0.0000000000000000        0.0000000000000000        0.0000000000000000        0.0000000000000000        0.0000000000000000        0.0000000000000000     
  0.38281249999969286        0.0000000000000000        0.0000000000000000       -2.5890462472915281E-004   0.0000000000000000        0.0000000000000000       -55459840.000000000        0.0000000000000000        0.0000000000000000        1.5624999999999999E-009   1.0000000000004493E-007   1.5624999999992981E-002   130188179.27181810        1952822689057498.2        999804717830.36475        0.0000000000000000        0.0000000000000000        0.0000000000000000        0.0000000000000000        0.0000000000000000        0.0000000000000000        0.0000000000000000     
  0.39843749999968420        0.0000000000000000        0.0000000000000000        1.6560318621050544E-004   0.0000000000000000        0.0000000000000000        50479104.000000000        0.0000000000000000        0.0000000000000000        1.5624999999999999E-009   1.0000000000003994E-007   1.5624999999993762E-002   130188179.27181461        1952822689057542.8        999804717830.36475        0.0000000000000000        0.0000000000000000        0.0000000000000000        0.0000000000000000        0.0000000000000000        0.0000000000000000        0.0000000000000000     
  0.41406249999968037        0.0000000000000000        0.0000000000000000       -3.3642584989475202E-004   0.0000000000000000        0.0000000000000000       -39043072.000000000        0.0000000000000000        0.0000000000000000        1.5624999999999999E-009   1.0000000000003107E-007   1.5624999999995138E-002   130188179.27178341        1952822689057248.5        999804717830.36475        0.0000000000000000        0.0000000000000000        0.0000000000000000        0.0000000000000000        0.0000000000000000        0.0000000000000000        0.0000000000000000     
  0.42968749999967448        0.0000000000000000        0.0000000000000000        1.6925615077086374E-004   0.0000000000000000        0.0000000000000000        18366464.000000197        0.0000000000000000        0.0000000000000000        1.5624999999999999E-009   1.0000000000002894E-007   1.5624999999995486E-002   130188179.27179928        1952822689057527.0        999804717830.36475        0.0000000000000000        0.0000000000000000        0.0000000000000000        0.0000000000000000        0.0000000000000000        0.0000000000000000        0.0000000000000000     
  0.44531249999967132        0.0000000000000000        0.0000000000000000       -3.4338368379168994E-004   0.0000000000000000        0.0000000000000000        14860288.000009319        0.0000000000000000        0.0000000000000000        1.5624999999999999E-009   1.0000000000001418E-007   1.5624999999997774E-002   130188179.27176107        1952822689057244.0        999804717830.36475        0.0000000000000000        0.0000000000000000        0.0000000000000000        0.0000000000000000        0.0000000000000000        0.0000000000000000        0.0000000000000000     
  0.46093749999967004        0.0000000000000000        0.0000000000000000        2.1303141552508328E-004   0.0000000000000000        0.0000000000000000       -51757056.000000000        0.0000000000000000        0.0000000000000000        1.5624999999999999E-009   1.0000000000001792E-007   1.5624999999997212E-002   130188179.27174053        1952822689056861.0        999804717830.36475        0.0000000000000000        0.0000000000000000        0.0000000000000000        0.0000000000000000        0.0000000000000000        0.0000000000000000        0.0000000000000000     
  0.47656249999966571        0.0000000000000000        0.0000000000000000       -3.9537123495146859E-004   0.0000000000000000        0.0000000000000000        83017728.000006407        0.0000000000000000        0.0000000000000000        1.5624999999999999E-009   1.0000000000000567E-007   1.5624999999999103E-002   130188179.27173781        1952822689057060.8        999804717830.36475        0.0000000000000000        0.0000000000000000        0.0000000000000000        0.0000000000000000        0.0000000000000000        0.0000000000000000        0.0000000000000000     
  0.49218749999966827        0.0000000000000000        0.0000000000000000        2.4017940276101245E-004   0.0000000000000000        0.0000000000000000       -103694336.00000000        0.0000000000000000        0.0000000000000000        1.5624999999999999E-009   1.0000000000000673E-007   1.5624999999998956E-002   130188179.27178350        1952822689057724.5        999804717830.36475        0.0000000000000000        0.0000000000000000        0.0000000000000000        0.0000000000000000        0.0000000000000000        0.0000000000000000        0.0000000000000000     
  0.50781249999966360        0.0000000000000000        0.0000000000000000       -3.5133140710379076E-004   0.0000000000000000        0.0000000000000000        115458048.00000107        0.0000000000000000        0.0000000000000000        1.5624999999999999E-009   1.0000000000000176E-007   1.5624999999999722E-002   130188179.27170542        1952822689056651.0        999804717830.36475        0.0000000000000000        0.0000000000000000        0.0000000000000000        0.0000000000000000        0.0000000000000000        0.0000000000000000        0.0000000000000000     
  0.52343749999966771        0.0000000000000000        0.0000000000000000        2.2885512078736728E-004   0.0000000000000000        0.0000000000000000       -128892928.00000000        0.0000000000000000        0.0000000000000000        1.5624999999999999E-009   1.0000000000000176E-007   1.5624999999999729E-002   130188179.27173771        1952822689057134.8        999804717830.36475        0.0000000000000000        0.0000000000000000        0.0000000000000000        0.0000000000000000        0.0000000000000000        0.0000000000000000        0.0000000000000000     
  0.53906249999966305        0.0000000000000000        0.0000000000000000       -2.3726098935693870E-004   0.0000000000000000        0.0000000000000000        141033472.00000000        0.0000000000000000        0.0000000000000000        1.5624999999999999E-009   9.9999999999993934E-008   1.5625000000000944E-002   130188179.27175994        1952822689057621.8        999804717830.36475        0.0000000000000000        0.0000000000000000        0.0000000000000000        0.0000000000000000        0.0000000000000000        0.0000000000000000        0.0000000000000000     
  0.55468749999966960        0.0000000000000000        0.0000000000000000       -9.5097891902844404E-006   0.0000000000000000        0.0000000000000000       -145965055.99999923        0.0000000000000000        0.0000000000000000        1.5624999999999999E-009   9.9999999999989685E-008   1.5625000000001610E-002   130188179.27166811        1952822689056326.8        999804717830.36475        0.0000000000000000        0.0000000000000000        0.0000000000000000        0.0000000000000000        0.0000000000000000        0.0000000000000000        0.0000000000000000     
  0.57031249999966627        0.0000000000000000        0.0000000000000000        5.0925896138446236E-005   0.0000000000000000        0.0000000000000000        143589376.00000158        0.0000000000000000        0.0000000000000000        1.5624999999999999E-009   9.9999999999983637E-008   1.5625000000002557E-002   130188179.27169865        1952822689056903.0        999804717830.36475        0.0000000000000000        0.0000000000000000        0.0000000000000000        0.0000000000000000        0.0000000000000000        0.0000000000000000        0.0000000000000000     
  0.58593749999967470        0.0000000000000000        0.0000000000000000       -2.8447966716195976E-004   0.0000000000000000        0.0000000000000000       -132186111.99999608        0.0000000000000000        0.0000000000000000        1.5624999999999999E-009   9.9999999999974055E-008   1.5625000000004049E-002   130188179.27167991        1952822689056809.2        999804717830.36475        0.0000000000000000        0.0000000000000000        0.0000000000000000        0.0000000000000000        0.0000000000000000        0.0000000000000000        0.0000000000000000     
  0.60156249999967437        0.0000000000000000        0.0000000000000000        3.1863622422021224E-004   0.0000000000000000        0.0000000000000000        114409472.00000027        0.0000000000000000        0.0000000000000000        1.5624999999999999E-009   9.9999999999971567E-008   1.5625000000004448E-002   130188179.27164526        1952822689056337.5        999804717830.36475        0.0000000000000000        0.0000000000000000        0.0000000000000000        0.0000000000000000        0.0000000000000000        0.0000000000000000        0.0000000000000000     
  0.61718749999968359        0.0000000000000000        0.0000000000000000       -5.1665303165171744E-004   0.0000000000000000        0.0000000000000000       -93552639.999994501        0.0000000000000000        0.0000000000000000        1.5624999999999999E-009   9.9999999999960211E-008   1.5625000000006207E-002   130188179.27167487        1952822689057004.2        999804717830.36475        0.0000000000000000        0.0000000000000000        0.0000000000000000        0.0000000000000000        0.0000000000000000        0.0000000000000000        0.0000000000000000     
  0.63281249999968681        0.0000000000000000        0.0000000000000000        5.3044023199551153E-004   0.0000000000000000        0.0000000000000000        67944448.000000015        0.0000000000000000        0.0000000000000000        1.5624999999999999E-009   9.9999999999959483E-008   1.5625000000006339E-002   130188179.27171791        1952822689057662.8        999804717830.36475        0.0000000000000000        0.0000000000000000        0.0000000000000000        0.0000000000000000        0.0000000000000000        0.0000000000000000        0.0000000000000000     
  0.64843749999969624        0.0000000000000000        0.0000000000000000       -6.6628307695783143E-004   0.0000000000000000        0.0000000000000000       -36814848.000000350        0.0000000000000000        0.0000000000000000        1.5624999999999999E-009   9.9999999999945984E-008   1.5625000000008431E-002   130188179.27165562        1952822689056993.5        999804717830.36475        0.0000000000000000        0.0000000000000000        0.0000000000000000        0.0000000000000000        0.0000000000000000        0.0000000000000000        0.0000000000000000     
  0.66406249999970368        0.0000000000000000        0.0000000000000000        6.1471368401051405E-004   0.0000000000000000        0.0000000000000000        4866048.0000000000        0.0000000000000000        0.0000000000000000        1.5624999999999999E-009   9.9999999999948829E-008   1.5625000000008004E-002   130188179.27161980        1952822689056399.2        999804717830.36475        0.0000000000000000        0.0000000000000000        0.0000000000000000        0.0000000000000000        0.0000000000000000        0.0000000000000000        0.0000000000000000     
  0.67968749999971223        0.0000000000000000        0.0000000000000000       -6.7718570097535910E-004   0.0000000000000000        0.0000000000000000        27377664.000000000        0.0000000000000000        0.0000000000000000        1.5624999999999999E-009   9.9999999999938162E-008   1.5625000000009652E-002   130188179.27156325        1952822689055761.0        999804717830.36475        0.0000000000000000        0.0000000000000000        0.0000000000000000        0.0000000000000000        0.0000000000000000        0.0000000000000000        0.0000000000000000     
  0.69531249999972300        0.0000000000000000        0.0000000000000000        5.4213015391785203E-004   0.0000000000000000        0.0000000000000000       -58556416.000000000        0.0000000000000000        0.0000000000000000        1.5624999999999999E-009   9.9999999999944224E-008   1.5625000000008726E-002   130188179.27162641        1952822689056588.5        999804717830.36475        0.0000000000000000        0.0000000000000000        0.0000000000000000        0.0000000000000000        0.0000000000000000        0.0000000000000000        0.0000000000000000     
  0.71093749999972966        0.0000000000000000        0.0000000000000000       -5.2994500210654669E-004   0.0000000000000000        0.0000000000000000        81985536.000001952        0.0000000000000000        0.0000000000000000        1.5624999999999999E-009   9.9999999999937447E-008   1.5625000000009766E-002   130188179.27167034        1952822689057381.2        999804717830.36475        0.0000000000000000        0.0000000000000000        0.0000000000000000        0.0000000000000000        0.0000000000000000        0.0000000000000000        0.0000000000000000     
  0.72656249999974254        0.0000000000000000        0.0000000000000000        3.9442060785718487E-004   0.0000000000000000        0.0000000000000000       -105398272.00000000        0.0000000000000000        0.0000000000000000        1.5624999999999999E-009   9.9999999999939949E-008   1.5625000000009392E-002   130188179.27162959        1952822689056719.5        999804717830.36475        0.0000000000000000        0.0000000000000000        0.0000000000000000        0.0000000000000000        0.0000000000000000        0.0000000000000000        0.0000000000000000     
  0.74218749999974842        0.0000000000000000        0.0000000000000000       -3.7912513352938673E-004   0.0000000000000000        0.0000000000000000        134643712.00000486        0.0000000000000000        0.0000000000000000        1.5624999999999999E-009   9.9999999999929295E-008   1.5625000000011040E-002   130188179.27159798        1952822689056455.0        999804717830.36475        0.0000000000000000        0.0000000000000000        0.0000000000000000        0.0000000000000000        0.0000000000000000        0.0000000000000000        0.0000000000000000     
  0.75781249999976463        0.0000000000000000        0.0000000000000000        1.2494154878904220E-004   0.0000000000000000        0.0000000000000000       -155484160.00000000        0.0000000000000000        0.0000000000000000        1.5624999999999999E-009   9.9999999999932855E-008   1.5625000000010495E-002   130188179.27161735        1952822689056675.0        999804717830.36475        0.0000000000000000        0.0000000000000000        0.0000000000000000        0.0000000000000000        0.0000000000000000        0.0000000000000000        0.0000000000000000     
  0.77343749999976941        0.0000000000000000        0.0000000000000000       -1.2436981183411706E-004   0.0000000000000000        0.0000000000000000        158089216.00000027        0.0000000000000000        0.0000000000000000        1.5624999999999999E-009   9.9999999999930353E-008   1.5625000000010880E-002   130188179.27159972        1952822689056459.8        999804717830.36475        0.0000000000000000        0.0000000000000000        0.0000000000000000        0.0000000000000000        0.0000000000000000        0.0000000000000000        0.0000000000000000     
  0.78906249999978639        0.0000000000000000        0.0000000000000000       -9.6419394316062224E-005   0.0000000000000000        0.0000000000000000       -149782528.00000000        0.0000000000000000        0.0000000000000000        1.5624999999999999E-009   9.9999999999924318E-008   1.5625000000011820E-002   130188179.27162960        1952822689057026.0        999804717830.36475        0.0000000000000000        0.0000000000000000        0.0000000000000000        0.0000000000000000        0.0000000000000000        0.0000000000000000        0.0000000000000000     
  0.80468749999979305        0.0000000000000000        0.0000000000000000        1.5645123284558767E-004   0.0000000000000000        0.0000000000000000        138002432.00000000        0.0000000000000000        0.0000000000000000        1.5624999999999999E-009   9.9999999999922174E-008   1.5625000000012164E-002   130188179.27157994        1952822689056322.2        999804717830.36475        0.0000000000000000        0.0000000000000000        0.0000000000000000        0.0000000000000000        0.0000000000000000        0.0000000000000000        0.0000000000000000     
  0.82031249999981071        0.0000000000000000        0.0000000000000000       -3.9294513389542064E-004   0.0000000000000000        0.0000000000000000       -117850111.99999756        0.0000000000000000        0.0000000000000000        1.5624999999999999E-009   9.9999999999913664E-008   1.5625000000013482E-002   130188179.27152690        1952822689055694.2        999804717830.36475        0.0000000000000000        0.0000000000000000        0.0000000000000000        0.0000000000000000        0.0000000000000000        0.0000000000000000        0.0000000000000000     
  0.83593749999982003        0.0000000000000000        0.0000000000000000        4.7142499696050739E-004   0.0000000000000000        0.0000000000000000        83116032.000000000        0.0000000000000000        0.0000000000000000        1.5624999999999999E-009   9.9999999999917569E-008   1.5625000000012889E-002   130188179.27157576        1952822689056349.0        999804717830.36475        0.0000000000000000        0.0000000000000000        0.0000000000000000        0.0000000000000000        0.0000000000000000        0.0000000000000000        0.0000000000000000     
  0.85156249999983646        0.0000000000000000        0.0000000000000000       -7.1376670238711647E-004   0.0000000000000000        0.0000000000000000       -37257216.000003099        0.0000000000000000        0.0000000000000000        1.5624999999999999E-009   9.9999999999902296E-008   1.5625000000015252E-002   130188179.27153581        1952822689056050.2        999804717830.36475        0.0000000000000000        0.0000000000000000        0.0000000000000000        0.0000000000000000        0.0000000000000000        0.0000000000000000        0.0000000000000000     
  0.86718749999985056        0.0000000000000000        0.0000000000000000        8.2729995268589608E-004   0.0000000000000000        0.0000000000000000       -6946816.0000000000        0.0000000000000000        0.0000000000000000        1.5624999999999999E-009   9.9999999999910819E-008   1.5625000000013944E-002   130188179.27155174        1952822689056120.5        999804717830.36475        0.0000000000000000        0.0000000000000000        0.0000000000000000        0.0000000000000000        0.0000000000000000        0.0000000000000000        0.0000000000000000     
  0.88281249999986433        0.0000000000000000        0.0000000000000000       -9.8612410992732430E-004   0.0000000000000000        0.0000000000000000        31948800.000000000        0.0000000000000000        0.0000000000000000        1.5624999999999999E-009   9.9999999999902640E-008   1.5625000000015207E-002   130188179.27154851        1952822689056233.2        999804717830.36475        0.0000000000000000        0.0000000000000000        0.0000000000000000        0.0000000000000000        0.0000000000000000        0.0000000000000000        0.0000000000000000     
  0.89843749999988098        0.0000000000000000        0.0000000000000000        9.7810212113118734E-004   0.0000000000000000        0.0000000000000000       -34881536.000000343        0.0000000000000000        0.0000000000000000        1.5624999999999999E-009   9.9999999999901237E-008   1.5625000000015432E-002   130188179.27154985        1952822689056280.2        999804717830.36475        0.0000000000000000        0.0000000000000000        0.0000000000000000        0.0000000000000000        0.0000000000000000        0.0000000000000000        0.0000000000000000     
  0.91406249999989519        0.0000000000000000        0.0000000000000000       -1.0078089778858600E-003   0.0000000000000000        0.0000000000000000        24625152.000000000        0.0000000000000000        0.0000000000000000        1.5624999999999999E-009   9.9999999999904056E-008   1.5625000000014995E-002   130188179.27157298        1952822689056571.8        999804717830.36475        0.0000000000000000        0.0000000000000000        0.0000000000000000        0.0000000000000000        0.0000000000000000        0.0000000000000000        0.0000000000000000     
  0.92968749999991096        0.0000000000000000        0.0000000000000000        8.3942297373804488E-004   0.0000000000000000        0.0000000000000000       -5668864.0000000000        0.0000000000000000        0.0000000000000000        1.5624999999999999E-009   9.9999999999901581E-008   1.5625000000015370E-002   130188179.27155578        1952822689056363.0        999804717830.36475        0.0000000000000000        0.0000000000000000        0.0000000000000000        0.0000000000000000        0.0000000000000000        0.0000000000000000        0.0000000000000000     
  0.94531249999992595        0.0000000000000000        0.0000000000000000       -6.6230629587655490E-004   0.0000000000000000        0.0000000000000000       -29179904.000000000        0.0000000000000000        0.0000000000000000        1.5624999999999999E-009   9.9999999999910819E-008   1.5625000000013944E-002   130188179.27155283        1952822689056136.8        999804717830.36475        0.0000000000000000        0.0000000000000000        0.0000000000000000        0.0000000000000000        0.0000000000000000        0.0000000000000000        0.0000000000000000     
  0.96093749999993883        0.0000000000000000        0.0000000000000000        5.1781579220299908E-004   0.0000000000000000        0.0000000000000000        73744384.000005856        0.0000000000000000        0.0000000000000000        1.5624999999999999E-009   9.9999999999899093E-008   1.5625000000015755E-002   130188179.27154596        1952822689056264.8        999804717830.36475        0.0000000000000000        0.0000000000000000        0.0000000000000000        0.0000000000000000        0.0000000000000000        0.0000000000000000        0.0000000000000000     
  0.97656249999995748        0.0000000000000000        0.0000000000000000       -3.5125977682852141E-004   0.0000000000000000        0.0000000000000000       -109002752.00000000        0.0000000000000000        0.0000000000000000        1.5624999999999999E-009   9.9999999999907259E-008   1.5625000000014502E-002   130188179.27157846        1952822689056591.0        999804717830.36475        0.0000000000000000        0.0000000000000000        0.0000000000000000        0.0000000000000000        0.0000000000000000        0.0000000000000000        0.0000000000000000     
  0.99218749999996780        0.0000000000000000        0.0000000000000000        2.6222108488533973E-004   0.0000000000000000        0.0000000000000000        134053888.00000106        0.0000000000000000        0.0000000000000000        1.5624999999999999E-009   9.9999999999902296E-008   1.5625000000015259E-002   130188179.27154136        1952822689056132.5        999804717830.36475        0.0000000000000000        0.0000000000000000        0.0000000000000000        0.0000000000000000        0.0000000000000000        0.0000000000000000        0.0000000000000000     
   1.0078124999999880        0.0000000000000000        0.0000000000000000        0.0000000000000000        0.0000000000000000        0.0000000000000000        0.0000000000000000        0.0000000000000000        0.0000000000000000        0.0000000000000000        0.0000000000000000        0.0000000000000000        0.0000000000000000        0.0000000000000000        0.0000000000000000        0.0000000000000000        0.0000000000000000        0.0000000000000000        0.0000000000000000        0.0000000000000000        0.0000000000000000        0.0000000000000000     
   1.0234374999999969        0.0000000000000000        0.0000000000000000        0.0000000000000000        0.0000000000000000        0.0000000000000000        0.0000000000000000        0.0000000000000000        0.0000000000000000        0.0000000000000000        0.0000000000000000        0.0000000000000000        0.0000000000000000        0.0000000000000000        0.0000000000000000        0.0000000000000000        0.0000000000000000        0.0000000000000000        0.0000000000000000        0.0000000000000000        0.0000000000000000        0.0000000000000000     
   1.0390625000000178        0.0000000000000000        0.0000000000000000        0.0000000000000000        0.0000000000000000        0.0000000000000000        0.0000000000000000        0.0000000000000000        0.0000000000000000        0.0000000000000000        0.0000000000000000        0.0000000000000000        0.0000000000000000        0.0000000000000000        0.0000000000000000        0.0000000000000000        0.0000000000000000        0.0000000000000000        0.0000000000000000        0.0000000000000000        0.0000000000000000        0.0000000000000000     
  -1.0390625000000613        0.0000000000000000        0.0000000000000000        0.0000000000000000        0.0000000000000000        0.0000000000000000        0.0000000000000000        0.0000000000000000        0.0000000000000000        0.0000000000000000        0.0000000000000000        0.0000000000000000        0.0000000000000000        0.0000000000000000        0.0000000000000000        0.0000000000000000        0.0000000000000000        0.0000000000000000        0.0000000000000000        0.0000000000000000        0.0000000000000000        0.0000000000000000     
  -1.0234375000000426        0.0000000000000000        0.0000000000000000        0.0000000000000000        0.0000000000000000        0.0000000000000000        0.0000000000000000        0.0000000000000000        0.0000000000000000        0.0000000000000000        0.0000000000000000        0.0000000000000000        0.0000000000000000        0.0000000000000000        0.0000000000000000        0.0000000000000000        0.0000000000000000        0.0000000000000000        0.0000000000000000        0.0000000000000000        0.0000000000000000        0.0000000000000000     
  -1.0078125000000322        0.0000000000000000        0.0000000000000000        0.0000000000000000        0.0000000000000000        0.0000000000000000        0.0000000000000000        0.0000000000000000        0.0000000000000000        0.0000000000000000        0.0000000000000000        0.0000000000000000        0.0000000000000000        0.0000000000000000        0.0000000000000000        0.0000000000000000        0.0000000000000000        0.0000000000000000        0.0000000000000000        0.0000000000000000        0.0000000000000000        0.0000000000000000     
