   1.9999999999999987E-008
 -0.99218750000000000        0.0000000000000000        0.0000000000000000       -1.4745942108290889E-008   0.0000000000000000        0.0000000000000000        0.0000000000000000        0.0000000000000000        0.0000000000000000        1.5624999999999999E-009   9.9999999999999982E-008   1.5625000000000003E-002   15988273.492673744        239824102390104.97        999976017689.58740        0.0000000000000000        0.0000000000000000        0.0000000000000000        0.0000000000000000        0.0000000000000000        0.0000000000000000        0.0000000000000000     
 -0.97656250000000000        0.0000000000000000        0.0000000000000000        1.4745942108290889E-008   0.0000000000000000        0.0000000000000000        0.0000000000000000        0.0000000000000000        0.0000000000000000        1.5624999999999999E-009   9.9999999999999982E-008   1.5625000000000003E-002   15988273.492673749        239824102390105.03        999976017689.58740        0.0000000000000000        0.0000000000000000        0.0000000000000000        0.0000000000000000        0.0000000000000000        0.0000000000000000        0.0000000000000000     
 -0.96093750000000000        0.0000000000000000        0.0000000000000000        3.5978056065176374E-014   0.0000000000000000        0.0000000000000000       -2.1037804310861665E-011   0.0000000000000000        0.0000000000000000        1.5624999999999999E-009   9.9999999999999982E-008   1.5625000000000003E-002   15988273.492673717        239824102390104.53        999976017689.58740        0.0000000000000000        0.0000000000000000        0.0000000000000000        0.0000000000000000        0.0000000000000000        0.0000000000000000        0.0000000000000000     
 -0.94531250000000000        0.0000000000000000        0.0000000000000000       -2.9492094228323436E-008   0.0000000000000000        0.0000000000000000       -2.1037804310861665E-011   0.0000000000000000        0.0000000000000000        1.5624999999999999E-009   9.9999999999999982E-008   1.5625000000000003E-002   15988273.492673725        239824102390104.66        999976017689.58740        0.0000000000000000        0.0000000000000000        0.0000000000000000        0.0000000000000000        0.0000000000000000        0.0000000000000000        0.0000000000000000     
 -0.92968750000000000        0.0000000000000000        0.0000000000000000       -6.1291619703817486E-014   0.0000000000000000        0.0000000000000000       -2.1037804310861665E-011   0.0000000000000000        0.0000000000000000        1.5624999999999999E-009   9.9999999999999982E-008   1.5625000000000003E-002   15988273.492673762        239824102390105.22        999976017689.58740        0.0000000000000000        0.0000000000000000        0.0000000000000000        0.0000000000000000        0.0000000000000000        0.0000000000000000        0.0000000000000000     
 -0.91406250000000000        0.0000000000000000        0.0000000000000000       -1.2816965931325120E-013   0.0000000000000000        0.0000000000000000        0.0000000000000000        0.0000000000000000        0.0000000000000000        1.5624999999999999E-009   9.9999999999999982E-008   1.5625000000000003E-002   15988273.492673766        239824102390105.28        999976017689.58740        0.0000000000000000        0.0000000000000000        0.0000000000000000        0.0000000000000000        0.0000000000000000        0.0000000000000000        0.0000000000000000     
 -0.89843750000000000        0.0000000000000000        0.0000000000000000        1.2816965931325120E-013   0.0000000000000000        0.0000000000000000        0.0000000000000000        0.0000000000000000        0.0000000000000000        1.5624999999999999E-009   9.9999999999999982E-008   1.5625000000000003E-002   15988273.492673766        239824102390105.28        999976017689.58740        0.0000000000000000        0.0000000000000000        0.0000000000000000        0.0000000000000000        0.0000000000000000        0.0000000000000000        0.0000000000000000     
 -0.88281250000000000        0.0000000000000000        0.0000000000000000        6.1291619703817486E-014   0.0000000000000000        0.0000000000000000        2.1037804310861665E-011   0.0000000000000000        0.0000000000000000        1.5624999999999999E-009   9.9999999999999982E-008   1.5625000000000003E-002   15988273.492673762        239824102390105.22        999976017689.58740        0.0000000000000000        0.0000000000000000        0.0000000000000000        0.0000000000000000        0.0000000000000000        0.0000000000000000        0.0000000000000000     
 -0.86718750000000000        0.0000000000000000        0.0000000000000000        1.4746146912835953E-008   0.0000000000000000        0.0000000000000000        2.1037804310861665E-011   0.0000000000000000        0.0000000000000000        1.5624999999999999E-009   9.9999999999999982E-008   1.5625000000000003E-002   15988273.492673755        239824102390105.09        999976017689.58740        0.0000000000000000        0.0000000000000000        0.0000000000000000        0.0000000000000000        0.0000000000000000        0.0000000000000000        0.0000000000000000     
 -0.85156250000000000        0.0000000000000000        0.0000000000000000       -1.4745845630111284E-008   0.0000000000000000        0.0000000000000000        2.1037804310861665E-011   0.0000000000000000        0.0000000000000000        1.5624999999999999E-009   9.9999999999999982E-008   1.5625000000000003E-002   15988273.492673742        239824102390104.94        999976017689.58740        0.0000000000000000        0.0000000000000000        0.0000000000000000        0.0000000000000000        0.0000000000000000        0.0000000000000000        0.0000000000000000     
 -0.83593750000000000        0.0000000000000000        0.0000000000000000       -1.4745751029667596E-008   0.0000000000000000        0.0000000000000000        2.1037804310861665E-011   0.0000000000000000        0.0000000000000000        1.5624999999999999E-009   9.9999999999999982E-008   1.5625000000000003E-002   15988273.492673736        239824102390104.84        999976017689.58740        0.0000000000000000        0.0000000000000000        0.0000000000000000        0.0000000000000000        0.0000000000000000        0.0000000000000000        0.0000000000000000     
 -0.82031250000000000        0.0000000000000000        0.0000000000000000        1.3985404421579454E-014   0.0000000000000000        0.0000000000000000        0.0000000000000000        0.0000000000000000        0.0000000000000000        1.5624999999999999E-009   9.9999999999999982E-008   1.5625000000000003E-002   15988273.492673734        239824102390104.81        999976017689.58740        0.0000000000000000        0.0000000000000000        0.0000000000000000        0.0000000000000000        0.0000000000000000        0.0000000000000000        0.0000000000000000     
 -0.80468750000000000        0.0000000000000000        0.0000000000000000        1.4746076876861495E-008   0.0000000000000000        0.0000000000000000       -2.1037804310861665E-011   0.0000000000000000        0.0000000000000000        1.5624999999999999E-009   9.9999999999999982E-008   1.5625000000000003E-002   15988273.492673729        239824102390104.72        999976017689.58740        0.0000000000000000        0.0000000000000000        0.0000000000000000        0.0000000000000000        0.0000000000000000        0.0000000000000000        0.0000000000000000     
 -0.78906250000000000        0.0000000000000000        0.0000000000000000       -1.0895986289606937E-013   0.0000000000000000        0.0000000000000000       -2.1037804310861665E-011   0.0000000000000000        0.0000000000000000        1.5624999999999999E-009   9.9999999999999982E-008   1.5625000000000003E-002   15988273.492673704        239824102390104.38        999976017689.58740        0.0000000000000000        0.0000000000000000        0.0000000000000000        0.0000000000000000        0.0000000000000000        0.0000000000000000        0.0000000000000000     
 -0.77343750000000000        0.0000000000000000        0.0000000000000000        2.2648222957739429E-014   0.0000000000000000        0.0000000000000000        0.0000000000000000        0.0000000000000000        0.0000000000000000        1.5624999999999999E-009   9.9999999999999982E-008   1.5625000000000003E-002   15988273.492673725        239824102390104.66        999976017689.58740        0.0000000000000000        0.0000000000000000        0.0000000000000000        0.0000000000000000        0.0000000000000000        0.0000000000000000        0.0000000000000000     
 -0.75781250000000000        0.0000000000000000        0.0000000000000000        1.4745759118658855E-008   0.0000000000000000        0.0000000000000000        0.0000000000000000        0.0000000000000000        0.0000000000000000        1.5624999999999999E-009   9.9999999999999982E-008   1.5625000000000003E-002   15988273.492673727        239824102390104.69        999976017689.58740        0.0000000000000000        0.0000000000000000        0.0000000000000000        0.0000000000000000        0.0000000000000000        0.0000000000000000        0.0000000000000000     
 -0.74218750000000000        0.0000000000000000        0.0000000000000000        1.4745855006162765E-008   0.0000000000000000        0.0000000000000000        0.0000000000000000        0.0000000000000000        0.0000000000000000        1.5624999999999999E-009   9.9999999999999982E-008   1.5625000000000003E-002   15988273.492673751        239824102390105.06        999976017689.58740        0.0000000000000000        0.0000000000000000        0.0000000000000000        0.0000000000000000        0.0000000000000000        0.0000000000000000        0.0000000000000000     
 -0.72656250000000000        0.0000000000000000        0.0000000000000000       -1.2655232986898202E-013   0.0000000000000000        0.0000000000000000        0.0000000000000000        0.0000000000000000        0.0000000000000000        1.5624999999999999E-009   9.9999999999999982E-008   1.5625000000000003E-002   15988273.492673744        239824102390104.97        999976017689.58740        0.0000000000000000        0.0000000000000000        0.0000000000000000        0.0000000000000000        0.0000000000000000        0.0000000000000000        0.0000000000000000     
 -0.71093750000000000        0.0000000000000000        0.0000000000000000        1.4745860151921695E-008   0.0000000000000000        0.0000000000000000        0.0000000000000000        0.0000000000000000        0.0000000000000000        1.5624999999999999E-009   9.9999999999999982E-008   1.5625000000000003E-002   15988273.492673749        239824102390105.03        999976017689.58740        0.0000000000000000        0.0000000000000000        0.0000000000000000        0.0000000000000000        0.0000000000000000        0.0000000000000000        0.0000000000000000     
 -0.69531250000000000        0.0000000000000000        0.0000000000000000        1.4745798333074910E-008   0.0000000000000000        0.0000000000000000        0.0000000000000000        0.0000000000000000        0.0000000000000000        1.5624999999999999E-009   9.9999999999999982E-008   1.5625000000000003E-002   15988273.492673744        239824102390104.97        999976017689.58740        0.0000000000000000        0.0000000000000000        0.0000000000000000        0.0000000000000000        0.0000000000000000        0.0000000000000000        0.0000000000000000     
 -0.67968750000000000        0.0000000000000000        0.0000000000000000       -1.7429296308059724E-013   0.0000000000000000        0.0000000000000000       -2.1037804310861665E-011   0.0000000000000000        0.0000000000000000        1.5624999999999999E-009   9.9999999999999982E-008   1.5625000000000003E-002   15988273.492673762        239824102390105.22        999976017689.58740        0.0000000000000000        0.0000000000000000        0.0000000000000000        0.0000000000000000        0.0000000000000000        0.0000000000000000        0.0000000000000000     
 -0.66406250000000000        0.0000000000000000        0.0000000000000000       -6.1291619703817486E-014   0.0000000000000000        0.0000000000000000       -2.1037804310861665E-011   0.0000000000000000        0.0000000000000000        1.5624999999999999E-009   9.9999999999999982E-008   1.5625000000000003E-002   15988273.492673770        239824102390105.34        999976017689.58740        0.0000000000000000        0.0000000000000000        0.0000000000000000        0.0000000000000000        0.0000000000000000        0.0000000000000000        0.0000000000000000     
 -0.64843750000000000        0.0000000000000000        0.0000000000000000       -1.4746058695836237E-008   0.0000000000000000        0.0000000000000000        0.0000000000000000        0.0000000000000000        0.0000000000000000        1.5624999999999999E-009   9.9999999999999982E-008   1.5625000000000003E-002   15988273.492673773        239824102390105.41        999976017689.58740        0.0000000000000000        0.0000000000000000        0.0000000000000000        0.0000000000000000        0.0000000000000000        0.0000000000000000        0.0000000000000000     
 -0.63281250000000000        0.0000000000000000        0.0000000000000000       -1.4745798982968446E-008   0.0000000000000000        0.0000000000000000        0.0000000000000000        0.0000000000000000        0.0000000000000000        1.5624999999999999E-009   9.9999999999999982E-008   1.5625000000000003E-002   15988273.492673786        239824102390105.59        999976017689.58740        0.0000000000000000        0.0000000000000000        0.0000000000000000        0.0000000000000000        0.0000000000000000        0.0000000000000000        0.0000000000000000     
 -0.61718750000000000        0.0000000000000000        0.0000000000000000        1.4746096314781505E-008   0.0000000000000000        0.0000000000000000        2.1037804310861665E-011   0.0000000000000000        0.0000000000000000        1.5624999999999999E-009   9.9999999999999982E-008   1.5625000000000003E-002   15988273.492673770        239824102390105.34        999976017689.58740        0.0000000000000000        0.0000000000000000        0.0000000000000000        0.0000000000000000        0.0000000000000000        0.0000000000000000        0.0000000000000000     
 -0.60156250000000000        0.0000000000000000        0.0000000000000000        3.2650277210009264E-013   0.0000000000000000        0.0000000000000000        2.1037804310861665E-011   0.0000000000000000        0.0000000000000000        1.5624999999999999E-009   9.9999999999999982E-008   1.5625000000000003E-002   15988273.492673764        239824102390105.25        999976017689.58740        0.0000000000000000        0.0000000000000000        0.0000000000000000        0.0000000000000000        0.0000000000000000        0.0000000000000000        0.0000000000000000     
 -0.58593750000000000        0.0000000000000000        0.0000000000000000       -1.4745732124318550E-008   0.0000000000000000        0.0000000000000000        2.1037804310861665E-011   0.0000000000000000        0.0000000000000000        1.5624999999999999E-009   9.9999999999999982E-008   1.5625000000000003E-002   15988273.492673721        239824102390104.62        999976017689.58740        0.0000000000000000        0.0000000000000000        0.0000000000000000        0.0000000000000000        0.0000000000000000        0.0000000000000000        0.0000000000000000     
 -0.57031250000000000        0.0000000000000000        0.0000000000000000       -2.9491684070082069E-008   0.0000000000000000        0.0000000000000000        2.1037804310861665E-011   0.0000000000000000        0.0000000000000000        1.5624999999999999E-009   9.9999999999999982E-008   1.5625000000000003E-002   15988273.492673758        239824102390105.19        999976017689.58740        0.0000000000000000        0.0000000000000000        0.0000000000000000        0.0000000000000000        0.0000000000000000        0.0000000000000000        0.0000000000000000     
 -0.55468750000000000        0.0000000000000000        0.0000000000000000       -4.4237656695912216E-008   0.0000000000000000        0.0000000000000000        2.1037804310861665E-011   0.0000000000000000        0.0000000000000000        1.5624999999999999E-009   9.9999999999999982E-008   1.5625000000000003E-002   15988273.492673729        239824102390104.72        999976017689.58740        0.0000000000000000        0.0000000000000000        0.0000000000000000        0.0000000000000000        0.0000000000000000        0.0000000000000000        0.0000000000000000     
 -0.53906250000000000        0.0000000000000000        0.0000000000000000       -1.4745860151921695E-008   0.0000000000000000        0.0000000000000000        0.0000000000000000        0.0000000000000000        0.0000000000000000        1.5624999999999999E-009   9.9999999999999982E-008   1.5625000000000003E-002   15988273.492673729        239824102390104.75        999976017689.58740        0.0000000000000000        0.0000000000000000        0.0000000000000000        0.0000000000000000        0.0000000000000000        0.0000000000000000        0.0000000000000000     
 -0.52343750000000000        0.0000000000000000        0.0000000000000000        1.2655232986898202E-013   0.0000000000000000        0.0000000000000000        0.0000000000000000        0.0000000000000000        0.0000000000000000        1.5624999999999999E-009   9.9999999999999982E-008   1.5625000000000003E-002   15988273.492673755        239824102390105.09        999976017689.58740        0.0000000000000000        0.0000000000000000        0.0000000000000000        0.0000000000000000        0.0000000000000000        0.0000000000000000        0.0000000000000000     
 -0.50781250000000000        0.0000000000000000        0.0000000000000000       -2.9491716728543377E-008   0.0000000000000000        0.0000000000000000        0.0000000000000000        0.0000000000000000        0.0000000000000000        1.5624999999999999E-009   9.9999999999999982E-008   1.5625000000000003E-002   15988273.492673742        239824102390104.91        999976017689.58740        0.0000000000000000        0.0000000000000000        0.0000000000000000        0.0000000000000000        0.0000000000000000        0.0000000000000000        0.0000000000000000     
 -0.49218750000000000        0.0000000000000000        0.0000000000000000        1.4124711665434151E-013   0.0000000000000000        0.0000000000000000        2.1037804310861665E-011   0.0000000000000000        0.0000000000000000        1.5624999999999999E-009   9.9999999999999982E-008   1.5625000000000003E-002   15988273.492673729        239824102390104.75        999976017689.58740        0.0000000000000000        0.0000000000000000        0.0000000000000000        0.0000000000000000        0.0000000000000000        0.0000000000000000        0.0000000000000000     
 -0.47656250000000000        0.0000000000000000        0.0000000000000000        1.4746099615592441E-008   0.0000000000000000        0.0000000000000000        2.1037804310861665E-011   0.0000000000000000        0.0000000000000000        1.5624999999999999E-009   9.9999999999999982E-008   1.5625000000000003E-002   15988273.492673725        239824102390104.66        999976017689.58740        0.0000000000000000        0.0000000000000000        0.0000000000000000        0.0000000000000000        0.0000000000000000        0.0000000000000000        0.0000000000000000     
 -0.46093750000000000        0.0000000000000000        0.0000000000000000        2.5594261223684167E-014   0.0000000000000000        0.0000000000000000        2.1037804310861665E-011   0.0000000000000000        0.0000000000000000        1.5624999999999999E-009   9.9999999999999982E-008   1.5625000000000003E-002   15988273.492673732        239824102390104.78        999976017689.58740        0.0000000000000000        0.0000000000000000        0.0000000000000000        0.0000000000000000        0.0000000000000000        0.0000000000000000        0.0000000000000000     
 -0.44531250000000000        0.0000000000000000        0.0000000000000000       -1.4745942108085353E-008   0.0000000000000000        0.0000000000000000        2.1037804310861665E-011   0.0000000000000000        0.0000000000000000        1.5624999999999999E-009   9.9999999999999982E-008   1.5625000000000003E-002   15988273.492673762        239824102390105.22        999976017689.58740        0.0000000000000000        0.0000000000000000        0.0000000000000000        0.0000000000000000        0.0000000000000000        0.0000000000000000        0.0000000000000000     
 -0.42968750000000000        0.0000000000000000        0.0000000000000000       -1.4745916254754676E-008   0.0000000000000000        0.0000000000000000        0.0000000000000000        0.0000000000000000        0.0000000000000000        1.5624999999999999E-009   9.9999999999999982E-008   1.5625000000000003E-002   15988273.492673757        239824102390105.16        999976017689.58740        0.0000000000000000        0.0000000000000000        0.0000000000000000        0.0000000000000000        0.0000000000000000        0.0000000000000000        0.0000000000000000     
 -0.41406250000000000        0.0000000000000000        0.0000000000000000       -1.4745911337430947E-008   0.0000000000000000        0.0000000000000000       -2.1037804310861665E-011   0.0000000000000000        0.0000000000000000        1.5624999999999999E-009   9.9999999999999982E-008   1.5625000000000003E-002   15988273.492673766        239824102390105.28        999976017689.58740        0.0000000000000000        0.0000000000000000        0.0000000000000000        0.0000000000000000        0.0000000000000000        0.0000000000000000        0.0000000000000000     
 -0.39843750000000000        0.0000000000000000        0.0000000000000000        1.3557717565060736E-013   0.0000000000000000        0.0000000000000000       -2.1037804310861665E-011   0.0000000000000000        0.0000000000000000        1.5624999999999999E-009   9.9999999999999982E-008   1.5625000000000003E-002   15988273.492673732        239824102390104.78        999976017689.58740        0.0000000000000000        0.0000000000000000        0.0000000000000000        0.0000000000000000        0.0000000000000000        0.0000000000000000        0.0000000000000000     
 -0.38281250000000000        0.0000000000000000        0.0000000000000000       -2.9491986532704873E-008   0.0000000000000000        0.0000000000000000        0.0000000000000000        0.0000000000000000        0.0000000000000000        1.5624999999999999E-009   9.9999999999999982E-008   1.5625000000000003E-002   15988273.492673744        239824102390104.97        999976017689.58740        0.0000000000000000        0.0000000000000000        0.0000000000000000        0.0000000000000000        0.0000000000000000        0.0000000000000000        0.0000000000000000     
 -0.36718750000000000        0.0000000000000000        0.0000000000000000       -5.8983622532944137E-008   0.0000000000000000        0.0000000000000000        0.0000000000000000        0.0000000000000000        0.0000000000000000        1.5624999999999999E-009   9.9999999999999982E-008   1.5625000000000003E-002   15988273.492673781        239824102390105.50        999976017689.58740        0.0000000000000000        0.0000000000000000        0.0000000000000000        0.0000000000000000        0.0000000000000000        0.0000000000000000        0.0000000000000000     
 -0.35156250000000000        0.0000000000000000        0.0000000000000000        1.4746096314781505E-008   0.0000000000000000        0.0000000000000000        2.1037804310861665E-011   0.0000000000000000        0.0000000000000000        1.5624999999999999E-009   9.9999999999999982E-008   1.5625000000000003E-002   15988273.492673762        239824102390105.22        999976017689.58740        0.0000000000000000        0.0000000000000000        0.0000000000000000        0.0000000000000000        0.0000000000000000        0.0000000000000000        0.0000000000000000     
 -0.33593750000000000        0.0000000000000000        0.0000000000000000        3.2650277210009264E-013   0.0000000000000000        0.0000000000000000        2.1037804310861665E-011   0.0000000000000000        0.0000000000000000        1.5624999999999999E-009   9.9999999999999982E-008   1.5625000000000003E-002   15988273.492673758        239824102390105.19        999976017689.58740        0.0000000000000000        0.0000000000000000        0.0000000000000000        0.0000000000000000        0.0000000000000000        0.0000000000000000        0.0000000000000000     
 -0.32031250000000000        0.0000000000000000        0.0000000000000000        2.1519116875855474E-013   0.0000000000000000        0.0000000000000000        2.1037804310861665E-011   0.0000000000000000        0.0000000000000000        1.5624999999999999E-009   9.9999999999999982E-008   1.5625000000000003E-002   15988273.492673712        239824102390104.47        999976017689.58740        0.0000000000000000        0.0000000000000000        0.0000000000000000        0.0000000000000000        0.0000000000000000        0.0000000000000000        0.0000000000000000     
 -0.30468750000000000        0.0000000000000000        0.0000000000000000       -1.4745758747452944E-008   0.0000000000000000        0.0000000000000000        2.1037804310861665E-011   0.0000000000000000        0.0000000000000000        1.5624999999999999E-009   9.9999999999999982E-008   1.5625000000000003E-002   15988273.492673729        239824102390104.75        999976017689.58740        0.0000000000000000        0.0000000000000000        0.0000000000000000        0.0000000000000000        0.0000000000000000        0.0000000000000000        0.0000000000000000     
 -0.28906250000000000        0.0000000000000000        0.0000000000000000       -1.4745837912325936E-008   0.0000000000000000        0.0000000000000000        2.1037804310861665E-011   0.0000000000000000        0.0000000000000000        1.5624999999999999E-009   9.9999999999999982E-008   1.5625000000000003E-002   15988273.492673729        239824102390104.72        999976017689.58740        0.0000000000000000        0.0000000000000000        0.0000000000000000        0.0000000000000000        0.0000000000000000        0.0000000000000000        0.0000000000000000     
 -0.27343750000000000        0.0000000000000000        0.0000000000000000        6.5170708323621452E-014   0.0000000000000000        0.0000000000000000        0.0000000000000000        0.0000000000000000        0.0000000000000000        1.5624999999999999E-009   9.9999999999999982E-008   1.5625000000000003E-002   15988273.492673725        239824102390104.66        999976017689.58740        0.0000000000000000        0.0000000000000000        0.0000000000000000        0.0000000000000000        0.0000000000000000        0.0000000000000000        0.0000000000000000     
 -0.25781250000000000        0.0000000000000000        0.0000000000000000       -8.7443587139493676E-015   0.0000000000000000        0.0000000000000000       -2.1037804310861665E-011   0.0000000000000000        0.0000000000000000        1.5624999999999999E-009   9.9999999999999982E-008   1.5625000000000003E-002   15988273.492673727        239824102390104.69        999976017689.58740        0.0000000000000000        0.0000000000000000        0.0000000000000000        0.0000000000000000        0.0000000000000000        0.0000000000000000        0.0000000000000000     
 -0.24218750000000000        0.0000000000000000        0.0000000000000000       -1.4745990000365899E-008   0.0000000000000000        0.0000000000000000        0.0000000000000000        0.0000000000000000        0.0000000000000000        1.5624999999999999E-009   9.9999999999999982E-008   1.5625000000000003E-002   15988273.492673703        239824102390104.31        999976017689.58740        0.0000000000000000        0.0000000000000000        0.0000000000000000        0.0000000000000000        0.0000000000000000        0.0000000000000000        0.0000000000000000     
 -0.22656250000000000        0.0000000000000000        0.0000000000000000       -1.4746146912631006E-008   0.0000000000000000        0.0000000000000000        0.0000000000000000        0.0000000000000000        0.0000000000000000        1.5624999999999999E-009   9.9999999999999982E-008   1.5625000000000003E-002   15988273.492673725        239824102390104.66        999976017689.58740        0.0000000000000000        0.0000000000000000        0.0000000000000000        0.0000000000000000        0.0000000000000000        0.0000000000000000        0.0000000000000000     
 -0.21093750000000000        0.0000000000000000        0.0000000000000000        1.4745849646492767E-008   0.0000000000000000        0.0000000000000000       -2.1037804310861665E-011   0.0000000000000000        0.0000000000000000        1.5624999999999999E-009   9.9999999999999982E-008   1.5625000000000003E-002   15988273.492673770        239824102390105.31        999976017689.58740        0.0000000000000000        0.0000000000000000        0.0000000000000000        0.0000000000000000        0.0000000000000000        0.0000000000000000        0.0000000000000000     
 -0.19531250000000000        0.0000000000000000        0.0000000000000000        1.4745875644364540E-008   0.0000000000000000        0.0000000000000000        0.0000000000000000        0.0000000000000000        0.0000000000000000        1.5624999999999999E-009   9.9999999999999982E-008   1.5625000000000003E-002   15988273.492673755        239824102390105.12        999976017689.58740        0.0000000000000000        0.0000000000000000        0.0000000000000000        0.0000000000000000        0.0000000000000000        0.0000000000000000        0.0000000000000000     
 -0.17968750000000000        0.0000000000000000        0.0000000000000000       -2.9491986901281489E-008   0.0000000000000000        0.0000000000000000        0.0000000000000000        0.0000000000000000        0.0000000000000000        1.5624999999999999E-009   9.9999999999999982E-008   1.5625000000000003E-002   15988273.492673770        239824102390105.31        999976017689.58740        0.0000000000000000        0.0000000000000000        0.0000000000000000        0.0000000000000000        0.0000000000000000        0.0000000000000000        0.0000000000000000     
 -0.16406250000000000        0.0000000000000000        0.0000000000000000       -2.9491867576233051E-008   0.0000000000000000        0.0000000000000000        0.0000000000000000        0.0000000000000000        0.0000000000000000        1.5624999999999999E-009   9.9999999999999982E-008   1.5625000000000003E-002   15988273.492673766        239824102390105.28        999976017689.58740        0.0000000000000000        0.0000000000000000        0.0000000000000000        0.0000000000000000        0.0000000000000000        0.0000000000000000        0.0000000000000000     
 -0.14843750000000000        0.0000000000000000        0.0000000000000000       -1.4745955973742643E-008   0.0000000000000000        0.0000000000000000        0.0000000000000000        0.0000000000000000        0.0000000000000000        1.5624999999999999E-009   9.9999999999999982E-008   1.5625000000000003E-002   15988273.492673762        239824102390105.22        999976017689.58740        0.0000000000000000        0.0000000000000000        0.0000000000000000        0.0000000000000000        0.0000000000000000        0.0000000000000000        0.0000000000000000     
 -0.13281250000000000        0.0000000000000000        0.0000000000000000        1.4746003109739527E-008   0.0000000000000000        0.0000000000000000        0.0000000000000000        0.0000000000000000        0.0000000000000000        1.5624999999999999E-009   9.9999999999999982E-008   1.5625000000000003E-002   15988273.492673786        239824102390105.59        999976017689.58740        0.0000000000000000        0.0000000000000000        0.0000000000000000        0.0000000000000000        0.0000000000000000        0.0000000000000000        0.0000000000000000     
 -0.11718750000000000        0.0000000000000000        0.0000000000000000        2.3745632313528446E-013   0.0000000000000000        0.0000000000000000        0.0000000000000000        0.0000000000000000        0.0000000000000000        1.5624999999999999E-009   9.9999999999999982E-008   1.5625000000000003E-002   15988273.492673770        239824102390105.31        999976017689.58740        0.0000000000000000        0.0000000000000000        0.0000000000000000        0.0000000000000000        0.0000000000000000        0.0000000000000000        0.0000000000000000     
 -0.10156250000000000        0.0000000000000000        0.0000000000000000       -1.4745778328456809E-008   0.0000000000000000        0.0000000000000000        2.1037804310861665E-011   0.0000000000000000        0.0000000000000000        1.5624999999999999E-009   9.9999999999999982E-008   1.5625000000000003E-002   15988273.492673770        239824102390105.31        999976017689.58740        0.0000000000000000        0.0000000000000000        0.0000000000000000        0.0000000000000000        0.0000000000000000        0.0000000000000000        0.0000000000000000     
  -8.5937500000000000E-002   0.0000000000000000        0.0000000000000000        3.2650277210009264E-013   0.0000000000000000        0.0000000000000000        2.1037804310861665E-011   0.0000000000000000        0.0000000000000000        1.5624999999999999E-009   9.9999999999999982E-008   1.5625000000000003E-002   15988273.492673755        239824102390105.09        999976017689.58740        0.0000000000000000        0.0000000000000000        0.0000000000000000        0.0000000000000000        0.0000000000000000        0.0000000000000000        0.0000000000000000     
  -7.0312500000000000E-002   0.0000000000000000        0.0000000000000000       -1.4745732124318550E-008   0.0000000000000000        0.0000000000000000        2.1037804310861665E-011   0.0000000000000000        0.0000000000000000        1.5624999999999999E-009   9.9999999999999982E-008   1.5625000000000003E-002   15988273.492673734        239824102390104.81        999976017689.58740        0.0000000000000000        0.0000000000000000        0.0000000000000000        0.0000000000000000        0.0000000000000000        0.0000000000000000        0.0000000000000000     
  -5.4687500000000000E-002   0.0000000000000000        0.0000000000000000       -1.4745711450209791E-008   0.0000000000000000        0.0000000000000000        2.1037804310861665E-011   0.0000000000000000        0.0000000000000000        1.5624999999999999E-009   9.9999999999999982E-008   1.5625000000000003E-002   15988273.492673729        239824102390104.72        999976017689.58740        0.0000000000000000        0.0000000000000000        0.0000000000000000        0.0000000000000000        0.0000000000000000        0.0000000000000000        0.0000000000000000     
  -3.9062500000000000E-002   0.0000000000000000        0.0000000000000000       -1.4745837912325936E-008   0.0000000000000000        0.0000000000000000        2.1037804310861665E-011   0.0000000000000000        0.0000000000000000        1.5624999999999999E-009   9.9999999999999982E-008   1.5625000000000003E-002   15988273.492673742        239824102390104.91        999976017689.58740        0.0000000000000000        0.0000000000000000        0.0000000000000000        0.0000000000000000        0.0000000000000000        0.0000000000000000        0.0000000000000000     
  -2.3437500000000000E-002   0.0000000000000000        0.0000000000000000       -1.4745719168200085E-008   0.0000000000000000        0.0000000000000000        0.0000000000000000        0.0000000000000000        0.0000000000000000        1.5624999999999999E-009   9.9999999999999982E-008   1.5625000000000003E-002   15988273.492673736        239824102390104.84        999976017689.58740        0.0000000000000000        0.0000000000000000        0.0000000000000000        0.0000000000000000        0.0000000000000000        0.0000000000000000        0.0000000000000000     
  -7.8125000000000000E-003   0.0000000000000000        0.0000000000000000        2.1702984117595297E-014   0.0000000000000000        0.0000000000000000       -2.1037804310861665E-011   0.0000000000000000        0.0000000000000000        1.5624999999999999E-009   9.9999999999999982E-008   1.5625000000000003E-002   15988273.492673717        239824102390104.56        999976017689.58740        0.0000000000000000        0.0000000000000000        0.0000000000000000        0.0000000000000000        0.0000000000000000        0.0000000000000000        0.0000000000000000     
   7.8125000000000000E-003   0.0000000000000000        0.0000000000000000        1.7429275673768581E-013   0.0000000000000000        0.0000000000000000        0.0000000000000000        0.0000000000000000        0.0000000000000000        1.5624999999999999E-009   9.9999999999999982E-008   1.5625000000000003E-002   15988273.492673719        239824102390104.59        999976017689.58740        0.0000000000000000        0.0000000000000000        0.0000000000000000        0.0000000000000000        0.0000000000000000        0.0000000000000000        0.0000000000000000     
   2.3437500000000000E-002   0.0000000000000000        0.0000000000000000        1.4745886024076412E-008   0.0000000000000000        0.0000000000000000        0.0000000000000000        0.0000000000000000        0.0000000000000000        1.5624999999999999E-009   9.9999999999999982E-008   1.5625000000000003E-002   15988273.492673736        239824102390104.84        999976017689.58740        0.0000000000000000        0.0000000000000000        0.0000000000000000        0.0000000000000000        0.0000000000000000        0.0000000000000000        0.0000000000000000     
   3.9062500000000000E-002   0.0000000000000000        0.0000000000000000        5.6588950304500677E-014   0.0000000000000000        0.0000000000000000        0.0000000000000000        0.0000000000000000        0.0000000000000000        1.5624999999999999E-009   9.9999999999999982E-008   1.5625000000000003E-002   15988273.492673689        239824102390104.16        999976017689.58740        0.0000000000000000        0.0000000000000000        0.0000000000000000        0.0000000000000000        0.0000000000000000        0.0000000000000000        0.0000000000000000     
   5.4687500000000000E-002   0.0000000000000000        0.0000000000000000       -2.2078290027843337E-013   0.0000000000000000        0.0000000000000000        0.0000000000000000        0.0000000000000000        0.0000000000000000        1.5624999999999999E-009   9.9999999999999982E-008   1.5625000000000003E-002   15988273.492673714        239824102390104.50        999976017689.58740        0.0000000000000000        0.0000000000000000        0.0000000000000000        0.0000000000000000        0.0000000000000000        0.0000000000000000        0.0000000000000000     
   7.0312500000000000E-002   0.0000000000000000        0.0000000000000000       -1.4745998211123870E-008   0.0000000000000000        0.0000000000000000        0.0000000000000000        0.0000000000000000        0.0000000000000000        1.5624999999999999E-009   9.9999999999999982E-008   1.5625000000000003E-002   15988273.492673766        239824102390105.28        999976017689.58740        0.0000000000000000        0.0000000000000000        0.0000000000000000        0.0000000000000000        0.0000000000000000        0.0000000000000000        0.0000000000000000     
   8.5937500000000000E-002   0.0000000000000000        0.0000000000000000        1.4745798333074910E-008   0.0000000000000000        0.0000000000000000        0.0000000000000000        0.0000000000000000        0.0000000000000000        1.5624999999999999E-009   9.9999999999999982E-008   1.5625000000000003E-002   15988273.492673729        239824102390104.72        999976017689.58740        0.0000000000000000        0.0000000000000000        0.0000000000000000        0.0000000000000000        0.0000000000000000        0.0000000000000000        0.0000000000000000     
  0.10156250000000000        0.0000000000000000        0.0000000000000000       -1.7429296308059724E-013   0.0000000000000000        0.0000000000000000       -2.1037804310861665E-011   0.0000000000000000        0.0000000000000000        1.5624999999999999E-009   9.9999999999999982E-008   1.5625000000000003E-002   15988273.492673762        239824102390105.22        999976017689.58740        0.0000000000000000        0.0000000000000000        0.0000000000000000        0.0000000000000000        0.0000000000000000        0.0000000000000000        0.0000000000000000     
  0.11718750000000000        0.0000000000000000        0.0000000000000000       -6.1291619703817486E-014   0.0000000000000000        0.0000000000000000       -2.1037804310861665E-011   0.0000000000000000        0.0000000000000000        1.5624999999999999E-009   9.9999999999999982E-008   1.5625000000000003E-002   15988273.492673770        239824102390105.34        999976017689.58740        0.0000000000000000        0.0000000000000000        0.0000000000000000        0.0000000000000000        0.0000000000000000        0.0000000000000000        0.0000000000000000     
  0.13281250000000000        0.0000000000000000        0.0000000000000000       -1.4746058695836237E-008   0.0000000000000000        0.0000000000000000        0.0000000000000000        0.0000000000000000        0.0000000000000000        1.5624999999999999E-009   9.9999999999999982E-008   1.5625000000000003E-002   15988273.492673773        239824102390105.41        999976017689.58740        0.0000000000000000        0.0000000000000000        0.0000000000000000        0.0000000000000000        0.0000000000000000        0.0000000000000000        0.0000000000000000     
  0.14843750000000000        0.0000000000000000        0.0000000000000000       -1.4745798982968446E-008   0.0000000000000000        0.0000000000000000        0.0000000000000000        0.0000000000000000        0.0000000000000000        1.5624999999999999E-009   9.9999999999999982E-008   1.5625000000000003E-002   15988273.492673786        239824102390105.59        999976017689.58740        0.0000000000000000        0.0000000000000000        0.0000000000000000        0.0000000000000000        0.0000000000000000        0.0000000000000000        0.0000000000000000     
  0.16406250000000000        0.0000000000000000        0.0000000000000000        1.4746096314781505E-008   0.0000000000000000        0.0000000000000000        2.1037804310861665E-011   0.0000000000000000        0.0000000000000000        1.5624999999999999E-009   9.9999999999999982E-008   1.5625000000000003E-002   15988273.492673770        239824102390105.34        999976017689.58740        0.0000000000000000        0.0000000000000000        0.0000000000000000        0.0000000000000000        0.0000000000000000        0.0000000000000000        0.0000000000000000     
  0.17968750000000000        0.0000000000000000        0.0000000000000000        3.2650277210009264E-013   0.0000000000000000        0.0000000000000000        2.1037804310861665E-011   0.0000000000000000        0.0000000000000000        1.5624999999999999E-009   9.9999999999999982E-008   1.5625000000000003E-002   15988273.492673758        239824102390105.19        999976017689.58740        0.0000000000000000        0.0000000000000000        0.0000000000000000        0.0000000000000000        0.0000000000000000        0.0000000000000000        0.0000000000000000     
  0.19531250000000000        0.0000000000000000        0.0000000000000000        2.1519116875855474E-013   0.0000000000000000        0.0000000000000000        2.1037804310861665E-011   0.0000000000000000        0.0000000000000000        1.5624999999999999E-009   9.9999999999999982E-008   1.5625000000000003E-002   15988273.492673712        239824102390104.47        999976017689.58740        0.0000000000000000        0.0000000000000000        0.0000000000000000        0.0000000000000000        0.0000000000000000        0.0000000000000000        0.0000000000000000     
  0.21093750000000000        0.0000000000000000        0.0000000000000000       -1.4745758747452944E-008   0.0000000000000000        0.0000000000000000        2.1037804310861665E-011   0.0000000000000000        0.0000000000000000        1.5624999999999999E-009   9.9999999999999982E-008   1.5625000000000003E-002   15988273.492673729        239824102390104.75        999976017689.58740        0.0000000000000000        0.0000000000000000        0.0000000000000000        0.0000000000000000        0.0000000000000000        0.0000000000000000        0.0000000000000000     
  0.22656250000000000        0.0000000000000000        0.0000000000000000       -1.4745837912325936E-008   0.0000000000000000        0.0000000000000000        2.1037804310861665E-011   0.0000000000000000        0.0000000000000000        1.5624999999999999E-009   9.9999999999999982E-008   1.5625000000000003E-002   15988273.492673729        239824102390104.72        999976017689.58740        0.0000000000000000        0.0000000000000000        0.0000000000000000        0.0000000000000000        0.0000000000000000        0.0000000000000000        0.0000000000000000     
  0.24218750000000000        0.0000000000000000        0.0000000000000000        6.5170708323621452E-014   0.0000000000000000        0.0000000000000000        0.0000000000000000        0.0000000000000000        0.0000000000000000        1.5624999999999999E-009   9.9999999999999982E-008   1.5625000000000003E-002   15988273.492673725        239824102390104.66        999976017689.58740        0.0000000000000000        0.0000000000000000        0.0000000000000000        0.0000000000000000        0.0000000000000000        0.0000000000000000        0.0000000000000000     
  0.25781250000000000        0.0000000000000000        0.0000000000000000       -8.7443587139493676E-015   0.0000000000000000        0.0000000000000000       -2.1037804310861665E-011   0.0000000000000000        0.0000000000000000        1.5624999999999999E-009   9.9999999999999982E-008   1.5625000000000003E-002   15988273.492673727        239824102390104.69        999976017689.58740        0.0000000000000000        0.0000000000000000        0.0000000000000000        0.0000000000000000        0.0000000000000000        0.0000000000000000        0.0000000000000000     
  0.27343750000000000        0.0000000000000000        0.0000000000000000       -1.4745990000365899E-008   0.0000000000000000        0.0000000000000000        0.0000000000000000        0.0000000000000000        0.0000000000000000        1.5624999999999999E-009   9.9999999999999982E-008   1.5625000000000003E-002   15988273.492673703        239824102390104.31        999976017689.58740        0.0000000000000000        0.0000000000000000        0.0000000000000000        0.0000000000000000        0.0000000000000000        0.0000000000000000        0.0000000000000000     
  0.28906250000000000        0.0000000000000000        0.0000000000000000       -1.4746146912631006E-008   0.0000000000000000        0.0000000000000000        0.0000000000000000        0.0000000000000000        0.0000000000000000        1.5624999999999999E-009   9.9999999999999982E-008   1.5625000000000003E-002   15988273.492673725        239824102390104.66        999976017689.58740        0.0000000000000000        0.0000000000000000        0.0000000000000000        0.0000000000000000        0.0000000000000000        0.0000000000000000        0.0000000000000000     
  0.30468750000000000        0.0000000000000000        0.0000000000000000        1.4745849646492767E-008   0.0000000000000000        0.0000000000000000       -2.1037804310861665E-011   0.0000000000000000        0.0000000000000000        1.5624999999999999E-009   9.9999999999999982E-008   1.5625000000000003E-002   15988273.492673770        239824102390105.31        999976017689.58740        0.0000000000000000        0.0000000000000000        0.0000000000000000        0.0000000000000000        0.0000000000000000        0.0000000000000000        0.0000000000000000     
  0.32031250000000000        0.0000000000000000        0.0000000000000000        1.4745875644364540E-008   0.0000000000000000        0.0000000000000000        0.0000000000000000        0.0000000000000000        0.0000000000000000        1.5624999999999999E-009   9.9999999999999982E-008   1.5625000000000003E-002   15988273.492673742        239824102390104.94        999976017689.58740        0.0000000000000000        0.0000000000000000        0.0000000000000000        0.0000000000000000        0.0000000000000000        0.0000000000000000        0.0000000000000000     
  0.33593750000000000        0.0000000000000000        0.0000000000000000       -1.2655232986898202E-013   0.0000000000000000        0.0000000000000000        0.0000000000000000        0.0000000000000000        0.0000000000000000        1.5624999999999999E-009   9.9999999999999982E-008   1.5625000000000003E-002   15988273.492673736        239824102390104.84        999976017689.58740        0.0000000000000000        0.0000000000000000        0.0000000000000000        0.0000000000000000        0.0000000000000000        0.0000000000000000        0.0000000000000000     
  0.35156250000000000        0.0000000000000000        0.0000000000000000       -1.4745998211123870E-008   0.0000000000000000        0.0000000000000000        0.0000000000000000        0.0000000000000000        0.0000000000000000        1.5624999999999999E-009   9.9999999999999982E-008   1.5625000000000003E-002   15988273.492673762        239824102390105.22        999976017689.58740        0.0000000000000000        0.0000000000000000        0.0000000000000000        0.0000000000000000        0.0000000000000000        0.0000000000000000        0.0000000000000000     
  0.36718750000000000        0.0000000000000000        0.0000000000000000       -8.7410096386795098E-014   0.0000000000000000        0.0000000000000000        0.0000000000000000        0.0000000000000000        0.0000000000000000        1.5624999999999999E-009   9.9999999999999982E-008   1.5625000000000003E-002   15988273.492673773        239824102390105.41        999976017689.58740        0.0000000000000000        0.0000000000000000        0.0000000000000000        0.0000000000000000        0.0000000000000000        0.0000000000000000        0.0000000000000000     
  0.38281250000000000        0.0000000000000000        0.0000000000000000        8.9981917525033444E-014   0.0000000000000000        0.0000000000000000       -2.1037804310861665E-011   0.0000000000000000        0.0000000000000000        1.5624999999999999E-009   9.9999999999999982E-008   1.5625000000000003E-002   15988273.492673742        239824102390104.91        999976017689.58740        0.0000000000000000        0.0000000000000000        0.0000000000000000        0.0000000000000000        0.0000000000000000        0.0000000000000000        0.0000000000000000     
  0.39843750000000000        0.0000000000000000        0.0000000000000000       -4.4238045139976668E-008   0.0000000000000000        0.0000000000000000        0.0000000000000000        0.0000000000000000        0.0000000000000000        1.5624999999999999E-009   9.9999999999999982E-008   1.5625000000000003E-002   15988273.492673770        239824102390105.31        999976017689.58740        0.0000000000000000        0.0000000000000000        0.0000000000000000        0.0000000000000000        0.0000000000000000        0.0000000000000000        0.0000000000000000     
  0.41406250000000000        0.0000000000000000        0.0000000000000000       -1.4745711450414560E-008   0.0000000000000000        0.0000000000000000        0.0000000000000000        0.0000000000000000        0.0000000000000000        1.5624999999999999E-009   9.9999999999999982E-008   1.5625000000000003E-002   15988273.492673788        239824102390105.62        999976017689.58740        0.0000000000000000        0.0000000000000000        0.0000000000000000        0.0000000000000000        0.0000000000000000        0.0000000000000000        0.0000000000000000     
  0.42968750000000000        0.0000000000000000        0.0000000000000000        1.4746096314781505E-008   0.0000000000000000        0.0000000000000000        2.1037804310861665E-011   0.0000000000000000        0.0000000000000000        1.5624999999999999E-009   9.9999999999999982E-008   1.5625000000000003E-002   15988273.492673770        239824102390105.31        999976017689.58740        0.0000000000000000        0.0000000000000000        0.0000000000000000        0.0000000000000000        0.0000000000000000        0.0000000000000000        0.0000000000000000     
  0.44531250000000000        0.0000000000000000        0.0000000000000000       -1.4745622403965705E-008   0.0000000000000000        0.0000000000000000        2.1037804310861665E-011   0.0000000000000000        0.0000000000000000        1.5624999999999999E-009   9.9999999999999982E-008   1.5625000000000003E-002   15988273.492673773        239824102390105.41        999976017689.58740        0.0000000000000000        0.0000000000000000        0.0000000000000000        0.0000000000000000        0.0000000000000000        0.0000000000000000        0.0000000000000000     
  0.46093750000000000        0.0000000000000000        0.0000000000000000       -2.9491665164733022E-008   0.0000000000000000        0.0000000000000000        2.1037804310861665E-011   0.0000000000000000        0.0000000000000000        1.5624999999999999E-009   9.9999999999999982E-008   1.5625000000000003E-002   15988273.492673740        239824102390104.88        999976017689.58740        0.0000000000000000        0.0000000000000000        0.0000000000000000        0.0000000000000000        0.0000000000000000        0.0000000000000000        0.0000000000000000     
  0.47656250000000000        0.0000000000000000        0.0000000000000000       -2.9491636772838337E-008   0.0000000000000000        0.0000000000000000        2.1037804310861665E-011   0.0000000000000000        0.0000000000000000        1.5624999999999999E-009   9.9999999999999982E-008   1.5625000000000003E-002   15988273.492673751        239824102390105.06        999976017689.58740        0.0000000000000000        0.0000000000000000        0.0000000000000000        0.0000000000000000        0.0000000000000000        0.0000000000000000        0.0000000000000000     
  0.49218750000000000        0.0000000000000000        0.0000000000000000       -4.4237569813253876E-008   0.0000000000000000        0.0000000000000000        2.1037804310861665E-011   0.0000000000000000        0.0000000000000000        1.5624999999999999E-009   9.9999999999999982E-008   1.5625000000000003E-002   15988273.492673742        239824102390104.91        999976017689.58740        0.0000000000000000        0.0000000000000000        0.0000000000000000        0.0000000000000000        0.0000000000000000        0.0000000000000000        0.0000000000000000     
  0.50781250000000000        0.0000000000000000        0.0000000000000000       -2.9491641976591482E-008   0.0000000000000000        0.0000000000000000        0.0000000000000000        0.0000000000000000        0.0000000000000000        1.5624999999999999E-009   9.9999999999999982E-008   1.5625000000000003E-002   15988273.492673747        239824102390105.00        999976017689.58740        0.0000000000000000        0.0000000000000000        0.0000000000000000        0.0000000000000000        0.0000000000000000        0.0000000000000000        0.0000000000000000     
  0.52343750000000000        0.0000000000000000        0.0000000000000000       -1.4745732942185243E-008   0.0000000000000000        0.0000000000000000        0.0000000000000000        0.0000000000000000        0.0000000000000000        1.5624999999999999E-009   9.9999999999999982E-008   1.5625000000000003E-002   15988273.492673770        239824102390105.34        999976017689.58740        0.0000000000000000        0.0000000000000000        0.0000000000000000        0.0000000000000000        0.0000000000000000        0.0000000000000000        0.0000000000000000     
  0.53906250000000000        0.0000000000000000        0.0000000000000000       -2.9491564535331305E-008   0.0000000000000000        0.0000000000000000        0.0000000000000000        0.0000000000000000        0.0000000000000000        1.5624999999999999E-009   9.9999999999999982E-008   1.5625000000000003E-002   15988273.492673742        239824102390104.91        999976017689.58740        0.0000000000000000        0.0000000000000000        0.0000000000000000        0.0000000000000000        0.0000000000000000        0.0000000000000000        0.0000000000000000     
  0.55468750000000000        0.0000000000000000        0.0000000000000000        2.3895041477370175E-013   0.0000000000000000        0.0000000000000000        2.1037804310861665E-011   0.0000000000000000        0.0000000000000000        1.5624999999999999E-009   9.9999999999999982E-008   1.5625000000000003E-002   15988273.492673736        239824102390104.84        999976017689.58740        0.0000000000000000        0.0000000000000000        0.0000000000000000        0.0000000000000000        0.0000000000000000        0.0000000000000000        0.0000000000000000     
  0.57031250000000000        0.0000000000000000        0.0000000000000000       -1.4745584544785641E-008   0.0000000000000000        0.0000000000000000        2.1037804310861665E-011   0.0000000000000000        0.0000000000000000        1.5624999999999999E-009   9.9999999999999982E-008   1.5625000000000003E-002   15988273.492673717        239824102390104.56        999976017689.58740        0.0000000000000000        0.0000000000000000        0.0000000000000000        0.0000000000000000        0.0000000000000000        0.0000000000000000        0.0000000000000000     
  0.58593750000000000        0.0000000000000000        0.0000000000000000       -2.9491771396039956E-008   0.0000000000000000        0.0000000000000000        2.1037804310861665E-011   0.0000000000000000        0.0000000000000000        1.5624999999999999E-009   9.9999999999999982E-008   1.5625000000000003E-002   15988273.492673697        239824102390104.25        999976017689.58740        0.0000000000000000        0.0000000000000000        0.0000000000000000        0.0000000000000000        0.0000000000000000        0.0000000000000000        0.0000000000000000     
  0.60156250000000000        0.0000000000000000        0.0000000000000000       -2.9491770952740409E-008   0.0000000000000000        0.0000000000000000        2.1037804310861665E-011   0.0000000000000000        0.0000000000000000        1.5624999999999999E-009   9.9999999999999982E-008   1.5625000000000003E-002   15988273.492673762        239824102390105.22        999976017689.58740        0.0000000000000000        0.0000000000000000        0.0000000000000000        0.0000000000000000        0.0000000000000000        0.0000000000000000        0.0000000000000000     
  0.61718750000000000        0.0000000000000000        0.0000000000000000       -1.4745711450209791E-008   0.0000000000000000        0.0000000000000000        2.1037804310861665E-011   0.0000000000000000        0.0000000000000000        1.5624999999999999E-009   9.9999999999999982E-008   1.5625000000000003E-002   15988273.492673736        239824102390104.84        999976017689.58740        0.0000000000000000        0.0000000000000000        0.0000000000000000        0.0000000000000000        0.0000000000000000        0.0000000000000000        0.0000000000000000     
  0.63281250000000000        0.0000000000000000        0.0000000000000000       -1.4745911337225598E-008   0.0000000000000000        0.0000000000000000        0.0000000000000000        0.0000000000000000        0.0000000000000000        1.5624999999999999E-009   9.9999999999999982E-008   1.5625000000000003E-002   15988273.492673749        239824102390105.03        999976017689.58740        0.0000000000000000        0.0000000000000000        0.0000000000000000        0.0000000000000000        0.0000000000000000        0.0000000000000000        0.0000000000000000     
  0.64843750000000000        0.0000000000000000        0.0000000000000000        1.9489447249092066E-013   0.0000000000000000        0.0000000000000000       -2.1037804310861665E-011   0.0000000000000000        0.0000000000000000        1.5624999999999999E-009   9.9999999999999982E-008   1.5625000000000003E-002   15988273.492673747        239824102390105.00        999976017689.58740        0.0000000000000000        0.0000000000000000        0.0000000000000000        0.0000000000000000        0.0000000000000000        0.0000000000000000        0.0000000000000000     
  0.66406250000000000        0.0000000000000000        0.0000000000000000       -2.9491908041311042E-008   0.0000000000000000        0.0000000000000000        0.0000000000000000        0.0000000000000000        0.0000000000000000        1.5624999999999999E-009   9.9999999999999982E-008   1.5625000000000003E-002   15988273.492673751        239824102390105.06        999976017689.58740        0.0000000000000000        0.0000000000000000        0.0000000000000000        0.0000000000000000        0.0000000000000000        0.0000000000000000        0.0000000000000000     
  0.67968750000000000        0.0000000000000000        0.0000000000000000       -1.4745711450414560E-008   0.0000000000000000        0.0000000000000000        0.0000000000000000        0.0000000000000000        0.0000000000000000        1.5624999999999999E-009   9.9999999999999982E-008   1.5625000000000003E-002   15988273.492673757        239824102390105.16        999976017689.58740        0.0000000000000000        0.0000000000000000        0.0000000000000000        0.0000000000000000        0.0000000000000000        0.0000000000000000        0.0000000000000000     
  0.69531250000000000        0.0000000000000000        0.0000000000000000       -1.4745778328456809E-008   0.0000000000000000        0.0000000000000000        2.1037804310861665E-011   0.0000000000000000        0.0000000000000000        1.5624999999999999E-009   9.9999999999999982E-008   1.5625000000000003E-002   15988273.492673762        239824102390105.22        999976017689.58740        0.0000000000000000        0.0000000000000000        0.0000000000000000        0.0000000000000000        0.0000000000000000        0.0000000000000000        0.0000000000000000     
  0.71093750000000000        0.0000000000000000        0.0000000000000000        3.2650277210009264E-013   0.0000000000000000        0.0000000000000000        2.1037804310861665E-011   0.0000000000000000        0.0000000000000000        1.5624999999999999E-009   9.9999999999999982E-008   1.5625000000000003E-002   15988273.492673755        239824102390105.09        999976017689.58740        0.0000000000000000        0.0000000000000000        0.0000000000000000        0.0000000000000000        0.0000000000000000        0.0000000000000000        0.0000000000000000     
  0.72656250000000000        0.0000000000000000        0.0000000000000000       -1.4745732124318550E-008   0.0000000000000000        0.0000000000000000        2.1037804310861665E-011   0.0000000000000000        0.0000000000000000        1.5624999999999999E-009   9.9999999999999982E-008   1.5625000000000003E-002   15988273.492673734        239824102390104.81        999976017689.58740        0.0000000000000000        0.0000000000000000        0.0000000000000000        0.0000000000000000        0.0000000000000000        0.0000000000000000        0.0000000000000000     
  0.74218750000000000        0.0000000000000000        0.0000000000000000       -1.4745711450209791E-008   0.0000000000000000        0.0000000000000000        2.1037804310861665E-011   0.0000000000000000        0.0000000000000000        1.5624999999999999E-009   9.9999999999999982E-008   1.5625000000000003E-002   15988273.492673725        239824102390104.66        999976017689.58740        0.0000000000000000        0.0000000000000000        0.0000000000000000        0.0000000000000000        0.0000000000000000        0.0000000000000000        0.0000000000000000     
  0.75781250000000000        0.0000000000000000        0.0000000000000000       -1.4745845630111284E-008   0.0000000000000000        0.0000000000000000        2.1037804310861665E-011   0.0000000000000000        0.0000000000000000        1.5624999999999999E-009   9.9999999999999982E-008   1.5625000000000003E-002   15988273.492673729        239824102390104.72        999976017689.58740        0.0000000000000000        0.0000000000000000        0.0000000000000000        0.0000000000000000        0.0000000000000000        0.0000000000000000        0.0000000000000000     
  0.77343750000000000        0.0000000000000000        0.0000000000000000       -1.4745751029873279E-008   0.0000000000000000        0.0000000000000000        0.0000000000000000        0.0000000000000000        0.0000000000000000        1.5624999999999999E-009   9.9999999999999982E-008   1.5625000000000003E-002   15988273.492673749        239824102390105.03        999976017689.58740        0.0000000000000000        0.0000000000000000        0.0000000000000000        0.0000000000000000        0.0000000000000000        0.0000000000000000        0.0000000000000000     
  0.78906250000000000        0.0000000000000000        0.0000000000000000       -1.4745871757974279E-008   0.0000000000000000        0.0000000000000000       -2.1037804310861665E-011   0.0000000000000000        0.0000000000000000        1.5624999999999999E-009   9.9999999999999982E-008   1.5625000000000003E-002   15988273.492673721        239824102390104.62        999976017689.58740        0.0000000000000000        0.0000000000000000        0.0000000000000000        0.0000000000000000        0.0000000000000000        0.0000000000000000        0.0000000000000000     
  0.80468750000000000        0.0000000000000000        0.0000000000000000        2.5594054300091962E-014   0.0000000000000000        0.0000000000000000        0.0000000000000000        0.0000000000000000        0.0000000000000000        1.5624999999999999E-009   9.9999999999999982E-008   1.5625000000000003E-002   15988273.492673714        239824102390104.50        999976017689.58740        0.0000000000000000        0.0000000000000000        0.0000000000000000        0.0000000000000000        0.0000000000000000        0.0000000000000000        0.0000000000000000     
  0.82031250000000000        0.0000000000000000        0.0000000000000000       -2.9491970839760214E-008   0.0000000000000000        0.0000000000000000        0.0000000000000000        0.0000000000000000        0.0000000000000000        1.5624999999999999E-009   9.9999999999999982E-008   1.5625000000000003E-002   15988273.492673755        239824102390105.09        999976017689.58740        0.0000000000000000        0.0000000000000000        0.0000000000000000        0.0000000000000000        0.0000000000000000        0.0000000000000000        0.0000000000000000     
  0.83593750000000000        0.0000000000000000        0.0000000000000000        2.5220043805637506E-014   0.0000000000000000        0.0000000000000000       -2.1037804310861665E-011   0.0000000000000000        0.0000000000000000        1.5624999999999999E-009   9.9999999999999982E-008   1.5625000000000003E-002   15988273.492673742        239824102390104.91        999976017689.58740        0.0000000000000000        0.0000000000000000        0.0000000000000000        0.0000000000000000        0.0000000000000000        0.0000000000000000        0.0000000000000000     
  0.85156250000000000        0.0000000000000000        0.0000000000000000       -1.4745994332034773E-008   0.0000000000000000        0.0000000000000000       -2.1037804310861665E-011   0.0000000000000000        0.0000000000000000        1.5624999999999999E-009   9.9999999999999982E-008   1.5625000000000003E-002   15988273.492673747        239824102390105.00        999976017689.58740        0.0000000000000000        0.0000000000000000        0.0000000000000000        0.0000000000000000        0.0000000000000000        0.0000000000000000        0.0000000000000000     
  0.86718750000000000        0.0000000000000000        0.0000000000000000       -1.4745982718681025E-008   0.0000000000000000        0.0000000000000000        0.0000000000000000        0.0000000000000000        0.0000000000000000        1.5624999999999999E-009   9.9999999999999982E-008   1.5625000000000003E-002   15988273.492673751        239824102390105.06        999976017689.58740        0.0000000000000000        0.0000000000000000        0.0000000000000000        0.0000000000000000        0.0000000000000000        0.0000000000000000        0.0000000000000000     
  0.88281250000000000        0.0000000000000000        0.0000000000000000        7.0316467252802918E-014   0.0000000000000000        0.0000000000000000        0.0000000000000000        0.0000000000000000        0.0000000000000000        1.5624999999999999E-009   9.9999999999999982E-008   1.5625000000000003E-002   15988273.492673744        239824102390104.97        999976017689.58740        0.0000000000000000        0.0000000000000000        0.0000000000000000        0.0000000000000000        0.0000000000000000        0.0000000000000000        0.0000000000000000     
  0.89843750000000000        0.0000000000000000        0.0000000000000000       -1.4745882825859058E-008   0.0000000000000000        0.0000000000000000       -2.1037804310861665E-011   0.0000000000000000        0.0000000000000000        1.5624999999999999E-009   9.9999999999999982E-008   1.5625000000000003E-002   15988273.492673770        239824102390105.34        999976017689.58740        0.0000000000000000        0.0000000000000000        0.0000000000000000        0.0000000000000000        0.0000000000000000        0.0000000000000000        0.0000000000000000     
  0.91406250000000000        0.0000000000000000        0.0000000000000000        1.0105876851397309E-013   0.0000000000000000        0.0000000000000000        0.0000000000000000        0.0000000000000000        0.0000000000000000        1.5624999999999999E-009   9.9999999999999982E-008   1.5625000000000003E-002   15988273.492673770        239824102390105.31        999976017689.58740        0.0000000000000000        0.0000000000000000        0.0000000000000000        0.0000000000000000        0.0000000000000000        0.0000000000000000        0.0000000000000000     
  0.92968750000000000        0.0000000000000000        0.0000000000000000       -4.4237672162101476E-008   0.0000000000000000        0.0000000000000000        0.0000000000000000        0.0000000000000000        0.0000000000000000        1.5624999999999999E-009   9.9999999999999982E-008   1.5625000000000003E-002   15988273.492673770        239824102390105.34        999976017689.58740        0.0000000000000000        0.0000000000000000        0.0000000000000000        0.0000000000000000        0.0000000000000000        0.0000000000000000        0.0000000000000000     
  0.94531250000000000        0.0000000000000000        0.0000000000000000        1.4746176270284266E-008   0.0000000000000000        0.0000000000000000        2.1037804310861665E-011   0.0000000000000000        0.0000000000000000        1.5624999999999999E-009   9.9999999999999982E-008   1.5625000000000003E-002   15988273.492673757        239824102390105.16        999976017689.58740        0.0000000000000000        0.0000000000000000        0.0000000000000000        0.0000000000000000        0.0000000000000000        0.0000000000000000        0.0000000000000000     
  0.96093750000000000        0.0000000000000000        0.0000000000000000        1.4746226521012986E-008   0.0000000000000000        0.0000000000000000        2.1037804310861665E-011   0.0000000000000000        0.0000000000000000        1.5624999999999999E-009   9.9999999999999982E-008   1.5625000000000003E-002   15988273.492673712        239824102390104.47        999976017689.58740        0.0000000000000000        0.0000000000000000        0.0000000000000000        0.0000000000000000        0.0000000000000000        0.0000000000000000        0.0000000000000000     
  0.97656250000000000        0.0000000000000000        0.0000000000000000        1.0895986289606937E-013   0.0000000000000000        0.0000000000000000        2.1037804310861665E-011   0.0000000000000000        0.0000000000000000        1.5624999999999999E-009   9.9999999999999982E-008   1.5625000000000003E-002   15988273.492673704        239824102390104.38        999976017689.58740        0.0000000000000000        0.0000000000000000        0.0000000000000000        0.0000000000000000        0.0000000000000000        0.0000000000000000        0.0000000000000000     
  0.99218750000000000        0.0000000000000000        0.0000000000000000        2.5594261223684167E-014   0.0000000000000000        0.0000000000000000        2.1037804310861665E-011   0.0000000000000000        0.0000000000000000        1.5624999999999999E-009   9.9999999999999982E-008   1.5625000000000003E-002   15988273.492673734        239824102390104.81        999976017689.58740        0.0000000000000000        0.0000000000000000        0.0000000000000000        0.0000000000000000        0.0000000000000000        0.0000000000000000        0.0000000000000000     
   1.0078125000000000        0.0000000000000000        0.0000000000000000        0.0000000000000000        0.0000000000000000        0.0000000000000000        0.0000000000000000        0.0000000000000000        0.0000000000000000        0.0000000000000000        0.0000000000000000        0.0000000000000000        0.0000000000000000        0.0000000000000000        0.0000000000000000        0.0000000000000000        0.0000000000000000        0.0000000000000000        0.0000000000000000        0.0000000000000000        0.0000000000000000        0.0000000000000000     
   1.0234375000000000        0.0000000000000000        0.0000000000000000        0.0000000000000000        0.0000000000000000        0.0000000000000000        0.0000000000000000        0.0000000000000000        0.0000000000000000        0.0000000000000000        0.0000000000000000        0.0000000000000000        0.0000000000000000        0.0000000000000000        0.0000000000000000        0.0000000000000000        0.0000000000000000        0.0000000000000000        0.0000000000000000        0.0000000000000000        0.0000000000000000        0.0000000000000000     
   1.0390625000000000        0.0000000000000000        0.0000000000000000        0.0000000000000000        0.0000000000000000        0.0000000000000000        0.0000000000000000        0.0000000000000000        0.0000000000000000        0.0000000000000000        0.0000000000000000        0.0000000000000000        0.0000000000000000        0.0000000000000000        0.0000000000000000        0.0000000000000000        0.0000000000000000        0.0000000000000000        0.0000000000000000        0.0000000000000000        0.0000000000000000        0.0000000000000000     
  -1.0390625000000000        0.0000000000000000        0.0000000000000000        0.0000000000000000        0.0000000000000000        0.0000000000000000        0.0000000000000000        0.0000000000000000        0.0000000000000000        0.0000000000000000        0.0000000000000000        0.0000000000000000        0.0000000000000000        0.0000000000000000        0.0000000000000000        0.0000000000000000        0.0000000000000000        0.0000000000000000        0.0000000000000000        0.0000000000000000        0.0000000000000000        0.0000000000000000     
  -1.0234375000000000        0.0000000000000000        0.0000000000000000        0.0000000000000000        0.0000000000000000        0.0000000000000000        0.0000000000000000        0.0000000000000000        0.0000000000000000        0.0000000000000000        0.0000000000000000        0.0000000000000000        0.0000000000000000        0.0000000000000000        0.0000000000000000        0.0000000000000000        0.0000000000000000        0.0000000000000000        0.0000000000000000        0.0000000000000000        0.0000000000000000        0.0000000000000000     
  -1.0078125000000000        0.0000000000000000        0.0000000000000000        0.0000000000000000        0.0000000000000000        0.0000000000000000        0.0000000000000000        0.0000000000000000        0.0000000000000000        0.0000000000000000        0.0000000000000000        0.0000000000000000        0.0000000000000000        0.0000000000000000        0.0000000000000000        0.0000000000000000        0.0000000000000000        0.0000000000000000        0.0000000000000000        0.0000000000000000        0.0000000000000000        0.0000000000000000     
