   1.8199999999999954E-007
 -0.99218749999997724        0.0000000000000000        0.0000000000000000        5.4410434536014435E-004   0.0000000000000000        0.0000000000000000        87343104.000000000        0.0000000000000000        0.0000000000000000        1.5624999999999999E-009   9.9999999999847940E-008   1.5625000000023748E-002   123079188.16038835        1846187822383410.8        999815381316.99304        0.0000000000000000        0.0000000000000000        0.0000000000000000        0.0000000000000000        0.0000000000000000        0.0000000000000000        0.0000000000000000     
 -0.97656249999995026        0.0000000000000000        0.0000000000000000       -3.8409668032292777E-004   0.0000000000000000        0.0000000000000000       -113901568.00000000        0.0000000000000000        0.0000000000000000        1.5624999999999999E-009   9.9999999999855391E-008   1.5625000000022600E-002   123079188.16042520        1846187822383824.8        999815381316.99304        0.0000000000000000        0.0000000000000000        0.0000000000000000        0.0000000000000000        0.0000000000000000        0.0000000000000000        0.0000000000000000     
 -0.96093749999993205        0.0000000000000000        0.0000000000000000        3.2833950792095082E-004   0.0000000000000000        0.0000000000000000        132464639.99999966        0.0000000000000000        0.0000000000000000        1.5624999999999999E-009   9.9999999999852201E-008   1.5625000000023089E-002   123079188.16039033        1846187822383361.5        999815381316.99304        0.0000000000000000        0.0000000000000000        0.0000000000000000        0.0000000000000000        0.0000000000000000        0.0000000000000000        0.0000000000000000     
 -0.94531249999990408        0.0000000000000000        0.0000000000000000       -1.0876902794123105E-004   0.0000000000000000        0.0000000000000000       -144965632.00000000        0.0000000000000000        0.0000000000000000        1.5624999999999999E-009   9.9999999999855047E-008   1.5625000000022652E-002   123079188.16040528        1846187822383532.5        999815381316.99304        0.0000000000000000        0.0000000000000000        0.0000000000000000        0.0000000000000000        0.0000000000000000        0.0000000000000000        0.0000000000000000     
 -0.92968749999988676        0.0000000000000000        0.0000000000000000        2.4537921792123425E-005   0.0000000000000000        0.0000000000000000        151650304.00000000        0.0000000000000000        0.0000000000000000        1.5624999999999999E-009   9.9999999999852201E-008   1.5625000000023093E-002   123079188.16041328        1846187822383705.0        999815381316.99304        0.0000000000000000        0.0000000000000000        0.0000000000000000        0.0000000000000000        0.0000000000000000        0.0000000000000000        0.0000000000000000     
 -0.91406249999985789        0.0000000000000000        0.0000000000000000        1.9390885186504499E-004   0.0000000000000000        0.0000000000000000       -142934016.00000000        0.0000000000000000        0.0000000000000000        1.5624999999999999E-009   9.9999999999849356E-008   1.5625000000023533E-002   123079188.16041252        1846187822383746.8        999815381316.99304        0.0000000000000000        0.0000000000000000        0.0000000000000000        0.0000000000000000        0.0000000000000000        0.0000000000000000        0.0000000000000000     
 -0.89843749999983968        0.0000000000000000        0.0000000000000000       -3.1590481387399613E-004   0.0000000000000000        0.0000000000000000        123994112.00000000        0.0000000000000000        0.0000000000000000        1.5624999999999999E-009   9.9999999999855391E-008   1.5625000000022600E-002   123079188.16038764        1846187822383261.0        999815381316.99304        0.0000000000000000        0.0000000000000000        0.0000000000000000        0.0000000000000000        0.0000000000000000        0.0000000000000000        0.0000000000000000     
 -0.88281249999981271        0.0000000000000000        0.0000000000000000        4.4541392319614911E-004   0.0000000000000000        0.0000000000000000       -102760447.99999966        0.0000000000000000        0.0000000000000000        1.5624999999999999E-009   9.9999999999852546E-008   1.5625000000023030E-002   123079188.16040702        1846187822383605.8        999815381316.99304        0.0000000000000000        0.0000000000000000        0.0000000000000000        0.0000000000000000        0.0000000000000000        0.0000000000000000        0.0000000000000000     
 -0.86718749999979361        0.0000000000000000        0.0000000000000000       -5.6177588851941888E-004   0.0000000000000000        0.0000000000000000        77348864.000000000        0.0000000000000000        0.0000000000000000        1.5624999999999999E-009   9.9999999999861439E-008   1.5625000000021660E-002   123079188.16045339        1846187822384135.8        999815381316.99304        0.0000000000000000        0.0000000000000000        0.0000000000000000        0.0000000000000000        0.0000000000000000        0.0000000000000000        0.0000000000000000     
 -0.85156249999976941        0.0000000000000000        0.0000000000000000        5.5712268961795688E-004   0.0000000000000000        0.0000000000000000       -51331071.999999560        0.0000000000000000        0.0000000000000000        1.5624999999999999E-009   9.9999999999858237E-008   1.5625000000022142E-002   123079188.16040088        1846187822383408.5        999815381316.99304        0.0000000000000000        0.0000000000000000        0.0000000000000000        0.0000000000000000        0.0000000000000000        0.0000000000000000        0.0000000000000000     
 -0.83593749999974931        0.0000000000000000        0.0000000000000000       -5.7433193486015085E-004   0.0000000000000000        0.0000000000000000        25542656.000000000        0.0000000000000000        0.0000000000000000        1.5624999999999999E-009   9.9999999999867475E-008   1.5625000000020716E-002   123079188.16043329        1846187822383722.8        999815381316.99304        0.0000000000000000        0.0000000000000000        0.0000000000000000        0.0000000000000000        0.0000000000000000        0.0000000000000000        0.0000000000000000     
 -0.82031249999972800        0.0000000000000000        0.0000000000000000        6.2258814189415027E-004   0.0000000000000000        0.0000000000000000        1966079.9999941341        0.0000000000000000        0.0000000000000000        1.5624999999999999E-009   9.9999999999864986E-008   1.5625000000021084E-002   123079188.16046727        1846187822384279.8        999815381316.99304        0.0000000000000000        0.0000000000000000        0.0000000000000000        0.0000000000000000        0.0000000000000000        0.0000000000000000        0.0000000000000000     
 -0.80468749999970712        0.0000000000000000        0.0000000000000000       -6.1420665307204312E-004   0.0000000000000000        0.0000000000000000       -31522816.000000000        0.0000000000000000        0.0000000000000000        1.5624999999999999E-009   9.9999999999876712E-008   1.5625000000019273E-002   123079188.16047955        1846187822384246.0        999815381316.99304        0.0000000000000000        0.0000000000000000        0.0000000000000000        0.0000000000000000        0.0000000000000000        0.0000000000000000        0.0000000000000000     
 -0.78906249999968947        0.0000000000000000        0.0000000000000000        5.5187615337692853E-004   0.0000000000000000        0.0000000000000000        56836096.000000000        0.0000000000000000        0.0000000000000000        1.5624999999999999E-009   9.9999999999874939E-008   1.5625000000019533E-002   123079188.16044034        1846187822383692.0        999815381316.99304        0.0000000000000000        0.0000000000000000        0.0000000000000000        0.0000000000000000        0.0000000000000000        0.0000000000000000        0.0000000000000000     
 -0.77343749999966804        0.0000000000000000        0.0000000000000000       -5.0986909781663699E-004   0.0000000000000000        0.0000000000000000       -76201984.000000000        0.0000000000000000        0.0000000000000000        1.5624999999999999E-009   9.9999999999883118E-008   1.5625000000018267E-002   123079188.16047794        1846187822384104.0        999815381316.99304        0.0000000000000000        0.0000000000000000        0.0000000000000000        0.0000000000000000        0.0000000000000000        0.0000000000000000        0.0000000000000000     
 -0.75781249999965294        0.0000000000000000        0.0000000000000000        5.1880938564386001E-004   0.0000000000000000        0.0000000000000000        93044736.000000000        0.0000000000000000        0.0000000000000000        1.5624999999999999E-009   9.9999999999883105E-008   1.5625000000018260E-002   123079188.16047283        1846187822384028.2        999815381316.99304        0.0000000000000000        0.0000000000000000        0.0000000000000000        0.0000000000000000        0.0000000000000000        0.0000000000000000        0.0000000000000000     
 -0.74218749999963152        0.0000000000000000        0.0000000000000000       -4.1933612545652058E-004   0.0000000000000000        0.0000000000000000       -108576768.00000000        0.0000000000000000        0.0000000000000000        1.5624999999999999E-009   9.9999999999890569E-008   1.5625000000017101E-002   123079188.16046280        1846187822383739.2        999815381316.99304        0.0000000000000000        0.0000000000000000        0.0000000000000000        0.0000000000000000        0.0000000000000000        0.0000000000000000        0.0000000000000000     
 -0.72656249999961875        0.0000000000000000        0.0000000000000000        3.7924566481323019E-004   0.0000000000000000        0.0000000000000000        125763584.00000000        0.0000000000000000        0.0000000000000000        1.5624999999999999E-009   9.9999999999890914E-008   1.5625000000017038E-002   123079188.16048595        1846187822384081.0        999815381316.99304        0.0000000000000000        0.0000000000000000        0.0000000000000000        0.0000000000000000        0.0000000000000000        0.0000000000000000        0.0000000000000000     
 -0.71093749999959743        0.0000000000000000        0.0000000000000000       -1.9850975944548188E-004   0.0000000000000000        0.0000000000000000       -142475264.00000015        0.0000000000000000        0.0000000000000000        1.5624999999999999E-009   9.9999999999899807E-008   1.5625000000015658E-002   123079188.16052532        1846187822384506.5        999815381316.99304        0.0000000000000000        0.0000000000000000        0.0000000000000000        0.0000000000000000        0.0000000000000000        0.0000000000000000        0.0000000000000000     
 -0.69531249999958744        0.0000000000000000        0.0000000000000000        2.0145985318379512E-004   0.0000000000000000        0.0000000000000000        153206783.99999923        0.0000000000000000        0.0000000000000000        1.5624999999999999E-009   9.9999999999901581E-008   1.5625000000015377E-002   123079188.16050148        1846187822384116.8        999815381316.99304        0.0000000000000000        0.0000000000000000        0.0000000000000000        0.0000000000000000        0.0000000000000000        0.0000000000000000        0.0000000000000000     
 -0.67968749999956668        0.0000000000000000        0.0000000000000000       -4.8677653749289466E-005   0.0000000000000000        0.0000000000000000       -150568960.00000000        0.0000000000000000        0.0000000000000000        1.5624999999999999E-009   9.9999999999905842E-008   1.5625000000014707E-002   123079188.16050217        1846187822384048.5        999815381316.99304        0.0000000000000000        0.0000000000000000        0.0000000000000000        0.0000000000000000        0.0000000000000000        0.0000000000000000        0.0000000000000000     
 -0.66406249999955802        0.0000000000000000        0.0000000000000000       -5.9854131529214847E-005   0.0000000000000000        0.0000000000000000        143327232.00000000        0.0000000000000000        0.0000000000000000        1.5624999999999999E-009   9.9999999999915094E-008   1.5625000000013267E-002   123079188.16054121        1846187822384463.0        999815381316.99304        0.0000000000000000        0.0000000000000000        0.0000000000000000        0.0000000000000000        0.0000000000000000        0.0000000000000000        0.0000000000000000     
 -0.64843749999954015        0.0000000000000000        0.0000000000000000        2.7916408548676815E-004   0.0000000000000000        0.0000000000000000       -140820480.00000000        0.0000000000000000        0.0000000000000000        1.5624999999999999E-009   9.9999999999922188E-008   1.5625000000012153E-002   123079188.16053863        1846187822384293.5        999815381316.99304        0.0000000000000000        0.0000000000000000        0.0000000000000000        0.0000000000000000        0.0000000000000000        0.0000000000000000        0.0000000000000000     
 -0.63281249999953371        0.0000000000000000        0.0000000000000000       -3.1780905481940439E-004   0.0000000000000000        0.0000000000000000        132825088.00000000        0.0000000000000000        0.0000000000000000        1.5624999999999999E-009   9.9999999999930353E-008   1.5625000000010884E-002   123079188.16058619        1846187822384855.8        999815381316.99304        0.0000000000000000        0.0000000000000000        0.0000000000000000        0.0000000000000000        0.0000000000000000        0.0000000000000000        0.0000000000000000     
 -0.61718749999951839        0.0000000000000000        0.0000000000000000        4.9496003377222451E-004   0.0000000000000000        0.0000000000000000       -117063680.00000000        0.0000000000000000        0.0000000000000000        1.5624999999999999E-009   9.9999999999932140E-008   1.5625000000010596E-002   123079188.16059968        1846187822385026.0        999815381316.99304        0.0000000000000000        0.0000000000000000        0.0000000000000000        0.0000000000000000        0.0000000000000000        0.0000000000000000        0.0000000000000000     
 -0.60156249999951250        0.0000000000000000        0.0000000000000000       -4.7628042076540314E-004   0.0000000000000000        0.0000000000000000        92815360.000000000        0.0000000000000000        0.0000000000000000        1.5624999999999999E-009   9.9999999999942794E-008   1.5625000000008948E-002   123079188.16057679        1846187822384484.5        999815381316.99304        0.0000000000000000        0.0000000000000000        0.0000000000000000        0.0000000000000000        0.0000000000000000        0.0000000000000000        0.0000000000000000     
 -0.58593749999950051        0.0000000000000000        0.0000000000000000        6.4079447711445643E-004   0.0000000000000000        0.0000000000000000       -59097087.999999568        0.0000000000000000        0.0000000000000000        1.5624999999999999E-009   9.9999999999939605E-008   1.5625000000009423E-002   123079188.16057396        1846187822384502.5        999815381316.99304        0.0000000000000000        0.0000000000000000        0.0000000000000000        0.0000000000000000        0.0000000000000000        0.0000000000000000        0.0000000000000000     
 -0.57031249999949363        0.0000000000000000        0.0000000000000000       -6.0545661385681638E-004   0.0000000000000000        0.0000000000000000        23822336.000000000        0.0000000000000000        0.0000000000000000        1.5624999999999999E-009   9.9999999999954520E-008   1.5625000000007116E-002   123079188.16060811        1846187822384737.8        999815381316.99304        0.0000000000000000        0.0000000000000000        0.0000000000000000        0.0000000000000000        0.0000000000000000        0.0000000000000000        0.0000000000000000     
 -0.55468749999948630        0.0000000000000000        0.0000000000000000        6.8228104072667591E-004   0.0000000000000000        0.0000000000000000        6078463.9999926258        0.0000000000000000        0.0000000000000000        1.5624999999999999E-009   9.9999999999954520E-008   1.5625000000007095E-002   123079188.16059625        1846187822384561.8        999815381316.99304        0.0000000000000000        0.0000000000000000        0.0000000000000000        0.0000000000000000        0.0000000000000000        0.0000000000000000        0.0000000000000000     
 -0.53906249999947942        0.0000000000000000        0.0000000000000000       -5.7668101746089124E-004   0.0000000000000000        0.0000000000000000       -31145984.000000000        0.0000000000000000        0.0000000000000000        1.5624999999999999E-009   9.9999999999967649E-008   1.5625000000005062E-002   123079188.16061947        1846187822384666.2        999815381316.99304        0.0000000000000000        0.0000000000000000        0.0000000000000000        0.0000000000000000        0.0000000000000000        0.0000000000000000        0.0000000000000000     
 -0.52343749999947620        0.0000000000000000        0.0000000000000000        5.7392073010233472E-004   0.0000000000000000        0.0000000000000000        52068352.000000000        0.0000000000000000        0.0000000000000000        1.5624999999999999E-009   9.9999999999970508E-008   1.5625000000004600E-002   123079188.16068849        1846187822385649.8        999815381316.99304        0.0000000000000000        0.0000000000000000        0.0000000000000000        0.0000000000000000        0.0000000000000000        0.0000000000000000        0.0000000000000000     
 -0.50781249999947020        0.0000000000000000        0.0000000000000000       -4.8669031406544890E-004   0.0000000000000000        0.0000000000000000       -64618496.000000000        0.0000000000000000        0.0000000000000000        1.5624999999999999E-009   9.9999999999982393E-008   1.5625000000002755E-002   123079188.16071424        1846187822385816.0        999815381316.99304        0.0000000000000000        0.0000000000000000        0.0000000000000000        0.0000000000000000        0.0000000000000000        0.0000000000000000        0.0000000000000000     
 -0.49218749999947070        0.0000000000000000        0.0000000000000000        5.7390939324467743E-004   0.0000000000000000        0.0000000000000000        68812800.000000000        0.0000000000000000        0.0000000000000000        1.5624999999999999E-009   9.9999999999991644E-008   1.5625000000001305E-002   123079188.16067484        1846187822385054.5        999815381316.99304        0.0000000000000000        0.0000000000000000        0.0000000000000000        0.0000000000000000        0.0000000000000000        0.0000000000000000        0.0000000000000000     
 -0.47656249999946759        0.0000000000000000        0.0000000000000000       -3.5572898525989291E-004   0.0000000000000000        0.0000000000000000       -69795840.000000000        0.0000000000000000        0.0000000000000000        1.5624999999999999E-009   1.0000000000000195E-007   1.5624999999999691E-002   123079188.16071475        1846187822385462.5        999815381316.99304        0.0000000000000000        0.0000000000000000        0.0000000000000000        0.0000000000000000        0.0000000000000000        0.0000000000000000        0.0000000000000000     
 -0.46093749999947131        0.0000000000000000        0.0000000000000000        3.2411870912771876E-004   0.0000000000000000        0.0000000000000000        67878912.000000000        0.0000000000000000        0.0000000000000000        1.5624999999999999E-009   1.0000000000001241E-007   1.5624999999998064E-002   123079188.16073002        1846187822385498.5        999815381316.99304        0.0000000000000000        0.0000000000000000        0.0000000000000000        0.0000000000000000        0.0000000000000000        0.0000000000000000        0.0000000000000000     
 -0.44531249999947148        0.0000000000000000        0.0000000000000000       -7.6244914412508844E-005   0.0000000000000000        0.0000000000000000       -63881216.000003941        0.0000000000000000        0.0000000000000000        1.5624999999999999E-009   1.0000000000002059E-007   1.5624999999996782E-002   123079188.16073629        1846187822385442.0        999815381316.99304        0.0000000000000000        0.0000000000000000        0.0000000000000000        0.0000000000000000        0.0000000000000000        0.0000000000000000        0.0000000000000000     
 -0.42968749999947775        0.0000000000000000        0.0000000000000000        5.5610059468679190E-006   0.0000000000000000        0.0000000000000000        59752447.999998137        0.0000000000000000        0.0000000000000000        1.5624999999999999E-009   1.0000000000003017E-007   1.5624999999995288E-002   123079188.16075343        1846187822385521.8        999815381316.99304        0.0000000000000000        0.0000000000000000        0.0000000000000000        0.0000000000000000        0.0000000000000000        0.0000000000000000        0.0000000000000000     
 -0.41406249999948092        0.0000000000000000        0.0000000000000000        1.3632796977800733E-004   0.0000000000000000        0.0000000000000000       -53411840.000000000        0.0000000000000000        0.0000000000000000        1.5624999999999999E-009   1.0000000000003675E-007   1.5624999999994256E-002   123079188.16078609        1846187822385890.5        999815381316.99304        0.0000000000000000        0.0000000000000000        0.0000000000000000        0.0000000000000000        0.0000000000000000        0.0000000000000000        0.0000000000000000     
 -0.39843749999948924        0.0000000000000000        0.0000000000000000       -2.0306997648563717E-004   0.0000000000000000        0.0000000000000000        51003392.000000000        0.0000000000000000        0.0000000000000000        1.5624999999999999E-009   1.0000000000004670E-007   1.5624999999992707E-002   123079188.16081029        1846187822386069.2        999815381316.99304        0.0000000000000000        0.0000000000000000        0.0000000000000000        0.0000000000000000        0.0000000000000000        0.0000000000000000        0.0000000000000000     
 -0.38281249999949551        0.0000000000000000        0.0000000000000000        3.0835960199192188E-004   0.0000000000000000        0.0000000000000000       -48807936.000000000        0.0000000000000000        0.0000000000000000        1.5624999999999999E-009   1.0000000000005773E-007   1.5624999999990978E-002   123079188.16080752        1846187822385824.8        999815381316.99304        0.0000000000000000        0.0000000000000000        0.0000000000000000        0.0000000000000000        0.0000000000000000        0.0000000000000000        0.0000000000000000     
 -0.36718749999950728        0.0000000000000000        0.0000000000000000       -2.4784738514197060E-004   0.0000000000000000        0.0000000000000000        36798464.000000000        0.0000000000000000        0.0000000000000000        1.5624999999999999E-009   1.0000000000007210E-007   1.5624999999988740E-002   123079188.16084602        1846187822386136.5        999815381316.99304        0.0000000000000000        0.0000000000000000        0.0000000000000000        0.0000000000000000        0.0000000000000000        0.0000000000000000        0.0000000000000000     
 -0.35156249999951805        0.0000000000000000        0.0000000000000000        3.9024884213068246E-004   0.0000000000000000        0.0000000000000000       -21479424.000000000        0.0000000000000000        0.0000000000000000        1.5624999999999999E-009   1.0000000000007869E-007   1.5624999999987699E-002   123079188.16086099        1846187822386240.0        999815381316.99304        0.0000000000000000        0.0000000000000000        0.0000000000000000        0.0000000000000000        0.0000000000000000        0.0000000000000000        0.0000000000000000     
 -0.33593749999953187        0.0000000000000000        0.0000000000000000       -2.8138456402832207E-004   0.0000000000000000        0.0000000000000000        4947968.0000000000        0.0000000000000000        0.0000000000000000        1.5624999999999999E-009   1.0000000000009199E-007   1.5624999999985630E-002   123079188.16090001        1846187822386578.8        999815381316.99304        0.0000000000000000        0.0000000000000000        0.0000000000000000        0.0000000000000000        0.0000000000000000        0.0000000000000000        0.0000000000000000     
 -0.32031249999954681        0.0000000000000000        0.0000000000000000        3.8161375480590039E-004   0.0000000000000000        0.0000000000000000        10584064.000000000        0.0000000000000000        0.0000000000000000        1.5624999999999999E-009   1.0000000000009661E-007   1.5624999999984901E-002   123079188.16089714        1846187822386451.2        999815381316.99304        0.0000000000000000        0.0000000000000000        0.0000000000000000        0.0000000000000000        0.0000000000000000        0.0000000000000000        0.0000000000000000     
 -0.30468749999956207        0.0000000000000000        0.0000000000000000       -2.5183325739139100E-004   0.0000000000000000        0.0000000000000000       -24150016.000000603        0.0000000000000000        0.0000000000000000        1.5624999999999999E-009   1.0000000000010709E-007   1.5624999999983272E-002   123079188.16090786        1846187822386417.8        999815381316.99304        0.0000000000000000        0.0000000000000000        0.0000000000000000        0.0000000000000000        0.0000000000000000        0.0000000000000000        0.0000000000000000     
 -0.28906249999958028        0.0000000000000000        0.0000000000000000        2.9594820758962185E-004   0.0000000000000000        0.0000000000000000        33193983.999998778        0.0000000000000000        0.0000000000000000        1.5624999999999999E-009   1.0000000000011082E-007   1.5624999999982682E-002   123079188.16092683        1846187822386634.0        999815381316.99304        0.0000000000000000        0.0000000000000000        0.0000000000000000        0.0000000000000000        0.0000000000000000        0.0000000000000000        0.0000000000000000     
 -0.27343749999959671        0.0000000000000000        0.0000000000000000       -2.0623921924704450E-004   0.0000000000000000        0.0000000000000000       -32014336.000002809        0.0000000000000000        0.0000000000000000        1.5624999999999999E-009   1.0000000000011614E-007   1.5624999999981851E-002   123079188.16093726        1846187822386692.2        999815381316.99304        0.0000000000000000        0.0000000000000000        0.0000000000000000        0.0000000000000000        0.0000000000000000        0.0000000000000000        0.0000000000000000     
 -0.25781249999961658        0.0000000000000000        0.0000000000000000        2.6007901270054567E-004   0.0000000000000000        0.0000000000000000        24821760.000000000        0.0000000000000000        0.0000000000000000        1.5624999999999999E-009   1.0000000000012423E-007   1.5624999999980594E-002   123079188.16095600        1846187822386823.8        999815381316.99304        0.0000000000000000        0.0000000000000000        0.0000000000000000        0.0000000000000000        0.0000000000000000        0.0000000000000000        0.0000000000000000     
 -0.24218749999963554        0.0000000000000000        0.0000000000000000       -1.8495982572329755E-004   0.0000000000000000        0.0000000000000000       -13565952.000004608        0.0000000000000000        0.0000000000000000        1.5624999999999999E-009   1.0000000000012824E-007   1.5624999999979955E-002   123079188.16095597        1846187822386749.5        999815381316.99304        0.0000000000000000        0.0000000000000000        0.0000000000000000        0.0000000000000000        0.0000000000000000        0.0000000000000000        0.0000000000000000     
 -0.22656249999965666        0.0000000000000000        0.0000000000000000        2.7152796452474439E-004   0.0000000000000000        0.0000000000000000       -2392064.0000001397        0.0000000000000000        0.0000000000000000        1.5624999999999999E-009   1.0000000000013862E-007   1.5624999999978347E-002   123079188.16098078        1846187822386929.5        999815381316.99304        0.0000000000000000        0.0000000000000000        0.0000000000000000        0.0000000000000000        0.0000000000000000        0.0000000000000000        0.0000000000000000     
 -0.21093749999967887        0.0000000000000000        0.0000000000000000       -9.0617196494124591E-005   0.0000000000000000        0.0000000000000000        15613952.000000000        0.0000000000000000        0.0000000000000000        1.5624999999999999E-009   1.0000000000014042E-007   1.5624999999978056E-002   123079188.16098323        1846187822386934.0        999815381316.99304        0.0000000000000000        0.0000000000000000        0.0000000000000000        0.0000000000000000        0.0000000000000000        0.0000000000000000        0.0000000000000000     
 -0.19531249999970055        0.0000000000000000        0.0000000000000000        1.9157323863465162E-004   0.0000000000000000        0.0000000000000000       -22560768.000000000        0.0000000000000000        0.0000000000000000        1.5624999999999999E-009   1.0000000000014600E-007   1.5624999999977188E-002   123079188.16100413        1846187822387143.8        999815381316.99304        0.0000000000000000        0.0000000000000000        0.0000000000000000        0.0000000000000000        0.0000000000000000        0.0000000000000000        0.0000000000000000     
 -0.17968749999972450        0.0000000000000000        0.0000000000000000       -4.7234779561139480E-005   0.0000000000000000        0.0000000000000000        30621696.000000000        0.0000000000000000        0.0000000000000000        1.5624999999999999E-009   1.0000000000014876E-007   1.5624999999976753E-002   123079188.16100395        1846187822387090.5        999815381316.99304        0.0000000000000000        0.0000000000000000        0.0000000000000000        0.0000000000000000        0.0000000000000000        0.0000000000000000        0.0000000000000000     
 -0.16406249999974704        0.0000000000000000        0.0000000000000000        3.6551977647605493E-005   0.0000000000000000        0.0000000000000000       -38879232.000000715        0.0000000000000000        0.0000000000000000        1.5624999999999999E-009   1.0000000000015622E-007   1.5624999999975591E-002   123079188.16100684        1846187822386995.8        999815381316.99304        0.0000000000000000        0.0000000000000000        0.0000000000000000        0.0000000000000000        0.0000000000000000        0.0000000000000000        0.0000000000000000     
 -0.14843749999977332        0.0000000000000000        0.0000000000000000        3.9725152950375791E-005   0.0000000000000000        0.0000000000000000        41975808.000000000        0.0000000000000000        0.0000000000000000        1.5624999999999999E-009   1.0000000000016031E-007   1.5624999999974949E-002   123079188.16102029        1846187822387122.2        999815381316.99304        0.0000000000000000        0.0000000000000000        0.0000000000000000        0.0000000000000000        0.0000000000000000        0.0000000000000000        0.0000000000000000     
 -0.13281249999979713        0.0000000000000000        0.0000000000000000       -5.0997148875194900E-005   0.0000000000000000        0.0000000000000000       -46055424.000000000        0.0000000000000000        0.0000000000000000        1.5624999999999999E-009   1.0000000000016406E-007   1.5624999999974371E-002   123079188.16103305        1846187822387244.2        999815381316.99304        0.0000000000000000        0.0000000000000000        0.0000000000000000        0.0000000000000000        0.0000000000000000        0.0000000000000000        0.0000000000000000     
 -0.11718749999982460        0.0000000000000000        0.0000000000000000        1.2324357667969655E-004   0.0000000000000000        0.0000000000000000        48988160.000000007        0.0000000000000000        0.0000000000000000        1.5624999999999999E-009   1.0000000000016376E-007   1.5624999999974413E-002   123079188.16103181        1846187822387231.2        999815381316.99304        0.0000000000000000        0.0000000000000000        0.0000000000000000        0.0000000000000000        0.0000000000000000        0.0000000000000000        0.0000000000000000     
 -0.10156249999984832        0.0000000000000000        0.0000000000000000       -4.7789850710643598E-005   0.0000000000000000        0.0000000000000000       -45252607.999999896        0.0000000000000000        0.0000000000000000        1.5624999999999999E-009   1.0000000000016222E-007   1.5624999999974654E-002   123079188.16102546        1846187822387164.5        999815381316.99304        0.0000000000000000        0.0000000000000000        0.0000000000000000        0.0000000000000000        0.0000000000000000        0.0000000000000000        0.0000000000000000     
  -8.5937499999875294E-002   0.0000000000000000        0.0000000000000000        1.0813922082928832E-004   0.0000000000000000        0.0000000000000000        44072960.000000000        0.0000000000000000        0.0000000000000000        1.5624999999999999E-009   1.0000000000016286E-007   1.5624999999974553E-002   123079188.16102698        1846187822387175.5        999815381316.99304        0.0000000000000000        0.0000000000000000        0.0000000000000000        0.0000000000000000        0.0000000000000000        0.0000000000000000        0.0000000000000000     
  -7.0312499999899220E-002   0.0000000000000000        0.0000000000000000       -1.3488189753116413E-004   0.0000000000000000        0.0000000000000000       -41467904.000000000        0.0000000000000000        0.0000000000000000        1.5624999999999999E-009   1.0000000000016473E-007   1.5624999999974260E-002   123079188.16103417        1846187822387248.8        999815381316.99304        0.0000000000000000        0.0000000000000000        0.0000000000000000        0.0000000000000000        0.0000000000000000        0.0000000000000000        0.0000000000000000     
  -5.4687499999926781E-002   0.0000000000000000        0.0000000000000000        7.7638368446946514E-005   0.0000000000000000        0.0000000000000000        32849920.000000000        0.0000000000000000        0.0000000000000000        1.5624999999999999E-009   1.0000000000017025E-007   1.5624999999973403E-002   123079188.16104421        1846187822387297.5        999815381316.99304        0.0000000000000000        0.0000000000000000        0.0000000000000000        0.0000000000000000        0.0000000000000000        0.0000000000000000        0.0000000000000000     
  -3.9062499999952427E-002   0.0000000000000000        0.0000000000000000       -7.8946632877188250E-005   0.0000000000000000        0.0000000000000000       -25247744.000000000        0.0000000000000000        0.0000000000000000        1.5624999999999999E-009   1.0000000000017123E-007   1.5624999999973244E-002   123079188.16104499        1846187822387291.5        999815381316.99304        0.0000000000000000        0.0000000000000000        0.0000000000000000        0.0000000000000000        0.0000000000000000        0.0000000000000000        0.0000000000000000     
  -2.3437499999980294E-002   0.0000000000000000        0.0000000000000000        2.4349570498158836E-005   0.0000000000000000        0.0000000000000000        12599296.000000000        0.0000000000000000        0.0000000000000000        1.5624999999999999E-009   1.0000000000017480E-007   1.5624999999972695E-002   123079188.16105247        1846187822387336.8        999815381316.99304        0.0000000000000000        0.0000000000000000        0.0000000000000000        0.0000000000000000        0.0000000000000000        0.0000000000000000        0.0000000000000000     
  -7.8125000000070569E-003   0.0000000000000000        0.0000000000000000       -5.2352391409069474E-006   0.0000000000000000        0.0000000000000000        1589248.0000000000        0.0000000000000000        0.0000000000000000        1.5624999999999999E-009   1.0000000000016897E-007   1.5624999999973596E-002   123079188.16103852        1846187822387236.0        999815381316.99304        0.0000000000000000        0.0000000000000000        0.0000000000000000        0.0000000000000000        0.0000000000000000        0.0000000000000000        0.0000000000000000     
   7.8124999999668954E-003   0.0000000000000000        0.0000000000000000       -3.8059905199236540E-005   0.0000000000000000        0.0000000000000000       -9863168.0000000000        0.0000000000000000        0.0000000000000000        1.5624999999999999E-009   1.0000000000016715E-007   1.5624999999973885E-002   123079188.16103727        1846187822387250.2        999815381316.99304        0.0000000000000000        0.0000000000000000        0.0000000000000000        0.0000000000000000        0.0000000000000000        0.0000000000000000        0.0000000000000000     
   2.3437499999940704E-002   0.0000000000000000        0.0000000000000000        7.8302597169402114E-005   0.0000000000000000        0.0000000000000000        19939328.000001367        0.0000000000000000        0.0000000000000000        1.5624999999999999E-009   1.0000000000016151E-007   1.5624999999974762E-002   123079188.16102514        1846187822387173.0        999815381316.99304        0.0000000000000000        0.0000000000000000        0.0000000000000000        0.0000000000000000        0.0000000000000000        0.0000000000000000        0.0000000000000000     
   3.9062499999916414E-002   0.0000000000000000        0.0000000000000000       -1.0729722759670464E-004   0.0000000000000000        0.0000000000000000       -31031296.000000000        0.0000000000000000        0.0000000000000000        1.5624999999999999E-009   1.0000000000016169E-007   1.5624999999974741E-002   123079188.16102561        1846187822387176.5        999815381316.99304        0.0000000000000000        0.0000000000000000        0.0000000000000000        0.0000000000000000        0.0000000000000000        0.0000000000000000        0.0000000000000000     
   5.4687499999890171E-002   0.0000000000000000        0.0000000000000000        7.8075708123944533E-005   0.0000000000000000        0.0000000000000000        39682048.000000000        0.0000000000000000        0.0000000000000000        1.5624999999999999E-009   1.0000000000015720E-007   1.5624999999975436E-002   123079188.16101624        1846187822387119.2        999815381316.99304        0.0000000000000000        0.0000000000000000        0.0000000000000000        0.0000000000000000        0.0000000000000000        0.0000000000000000        0.0000000000000000     
   7.0312499999867287E-002   0.0000000000000000        0.0000000000000000       -1.1870437777698864E-004   0.0000000000000000        0.0000000000000000       -47857664.000000000        0.0000000000000000        0.0000000000000000        1.5624999999999999E-009   1.0000000000015614E-007   1.5624999999975605E-002   123079188.16101211        1846187822387076.2        999815381316.99304        0.0000000000000000        0.0000000000000000        0.0000000000000000        0.0000000000000000        0.0000000000000000        0.0000000000000000        0.0000000000000000     
   8.5937499999841377E-002   0.0000000000000000        0.0000000000000000        7.4003045617007733E-005   0.0000000000000000        0.0000000000000000        51871744.000001214        0.0000000000000000        0.0000000000000000        1.5624999999999999E-009   1.0000000000015081E-007   1.5624999999976436E-002   123079188.16100068        1846187822387003.8        999815381316.99304        0.0000000000000000        0.0000000000000000        0.0000000000000000        0.0000000000000000        0.0000000000000000        0.0000000000000000        0.0000000000000000     
  0.10156249999982016        0.0000000000000000        0.0000000000000000       -8.4684431865596159E-005   0.0000000000000000        0.0000000000000000       -50528256.000000000        0.0000000000000000        0.0000000000000000        1.5624999999999999E-009   1.0000000000014489E-007   1.5624999999977360E-002   123079188.16099429        1846187822387016.8        999815381316.99304        0.0000000000000000        0.0000000000000000        0.0000000000000000        0.0000000000000000        0.0000000000000000        0.0000000000000000        0.0000000000000000     
  0.11718749999979609        0.0000000000000000        0.0000000000000000        1.5770818501001710E-005   0.0000000000000000        0.0000000000000000        52019200.000000000        0.0000000000000000        0.0000000000000000        1.5624999999999999E-009   1.0000000000013965E-007   1.5624999999978182E-002   123079188.16098246        1846187822386936.2        999815381316.99304        0.0000000000000000        0.0000000000000000        0.0000000000000000        0.0000000000000000        0.0000000000000000        0.0000000000000000        0.0000000000000000     
  0.13281249999977651        0.0000000000000000        0.0000000000000000       -4.3364177754286903E-005   0.0000000000000000        0.0000000000000000       -48922624.000000000        0.0000000000000000        0.0000000000000000        1.5624999999999999E-009   1.0000000000013629E-007   1.5624999999978703E-002   123079188.16097340        1846187822386862.5        999815381316.99304        0.0000000000000000        0.0000000000000000        0.0000000000000000        0.0000000000000000        0.0000000000000000        0.0000000000000000        0.0000000000000000     
  0.14843749999975350        0.0000000000000000        0.0000000000000000       -7.7713501231399017E-005   0.0000000000000000        0.0000000000000000        38109184.000000000        0.0000000000000000        0.0000000000000000        1.5624999999999999E-009   1.0000000000013765E-007   1.5624999999978495E-002   123079188.16097829        1846187822386910.2        999815381316.99304        0.0000000000000000        0.0000000000000000        0.0000000000000000        0.0000000000000000        0.0000000000000000        0.0000000000000000        0.0000000000000000     
  0.16406249999973349        0.0000000000000000        0.0000000000000000        8.4711896348286836E-005   0.0000000000000000        0.0000000000000000       -28704767.999999288        0.0000000000000000        0.0000000000000000        1.5624999999999999E-009   1.0000000000013359E-007   1.5624999999979124E-002   123079188.16096681        1846187822386813.5        999815381316.99304        0.0000000000000000        0.0000000000000000        0.0000000000000000        0.0000000000000000        0.0000000000000000        0.0000000000000000        0.0000000000000000     
  0.17968749999971176        0.0000000000000000        0.0000000000000000       -1.5564675705938264E-004   0.0000000000000000        0.0000000000000000        18595840.000000011        0.0000000000000000        0.0000000000000000        1.5624999999999999E-009   1.0000000000013311E-007   1.5624999999979206E-002   123079188.16096987        1846187822386867.5        999815381316.99304        0.0000000000000000        0.0000000000000000        0.0000000000000000        0.0000000000000000        0.0000000000000000        0.0000000000000000        0.0000000000000000     
  0.19531249999969189        0.0000000000000000        0.0000000000000000        1.3642846231168022E-004   0.0000000000000000        0.0000000000000000       -5144575.9999982845        0.0000000000000000        0.0000000000000000        1.5624999999999999E-009   1.0000000000012681E-007   1.5624999999980183E-002   123079188.16096148        1846187822386858.8        999815381316.99304        0.0000000000000000        0.0000000000000000        0.0000000000000000        0.0000000000000000        0.0000000000000000        0.0000000000000000        0.0000000000000000     
  0.21093749999967212        0.0000000000000000        0.0000000000000000       -2.2748659609245030E-004   0.0000000000000000        0.0000000000000000       -10600448.000000000        0.0000000000000000        0.0000000000000000        1.5624999999999999E-009   1.0000000000012734E-007   1.5624999999980110E-002   123079188.16095550        1846187822386758.5        999815381316.99304        0.0000000000000000        0.0000000000000000        0.0000000000000000        0.0000000000000000        0.0000000000000000        0.0000000000000000        0.0000000000000000     
  0.22656249999965208        0.0000000000000000        0.0000000000000000        1.2241682709443426E-004   0.0000000000000000        0.0000000000000000        24133632.000002347        0.0000000000000000        0.0000000000000000        1.5624999999999999E-009   1.0000000000011996E-007   1.5624999999981253E-002   123079188.16093636        1846187822386608.5        999815381316.99304        0.0000000000000000        0.0000000000000000        0.0000000000000000        0.0000000000000000        0.0000000000000000        0.0000000000000000        0.0000000000000000     
  0.24218749999963463        0.0000000000000000        0.0000000000000000       -1.7251377705643833E-004   0.0000000000000000        0.0000000000000000       -36995071.999999695        0.0000000000000000        0.0000000000000000        1.5624999999999999E-009   1.0000000000011731E-007   1.5624999999981673E-002   123079188.16093673        1846187822386662.2        999815381316.99304        0.0000000000000000        0.0000000000000000        0.0000000000000000        0.0000000000000000        0.0000000000000000        0.0000000000000000        0.0000000000000000     
  0.25781249999961542        0.0000000000000000        0.0000000000000000        1.1686312625960856E-004   0.0000000000000000        0.0000000000000000        49659904.000000000        0.0000000000000000        0.0000000000000000        1.5624999999999999E-009   1.0000000000010728E-007   1.5624999999983237E-002   123079188.16092846        1846187822386724.2        999815381316.99304        0.0000000000000000        0.0000000000000000        0.0000000000000000        0.0000000000000000        0.0000000000000000        0.0000000000000000        0.0000000000000000     
  0.27343749999960110        0.0000000000000000        0.0000000000000000       -1.3314608425021306E-004   0.0000000000000000        0.0000000000000000       -56868864.000000000        0.0000000000000000        0.0000000000000000        1.5624999999999999E-009   1.0000000000010159E-007   1.5624999999984129E-002   123079188.16089657        1846187822386350.5        999815381316.99304        0.0000000000000000        0.0000000000000000        0.0000000000000000        0.0000000000000000        0.0000000000000000        0.0000000000000000        0.0000000000000000     
  0.28906249999958367        0.0000000000000000        0.0000000000000000        1.1740821650604501E-004   0.0000000000000000        0.0000000000000000        61325312.000002846        0.0000000000000000        0.0000000000000000        1.5624999999999999E-009   1.0000000000009343E-007   1.5624999999985401E-002   123079188.16088440        1846187822386318.5        999815381316.99304        0.0000000000000000        0.0000000000000000        0.0000000000000000        0.0000000000000000        0.0000000000000000        0.0000000000000000        0.0000000000000000     
  0.30468749999957190        0.0000000000000000        0.0000000000000000       -2.2739138865991341E-004   0.0000000000000000        0.0000000000000000       -56786944.000000000        0.0000000000000000        0.0000000000000000        1.5624999999999999E-009   1.0000000000008704E-007   1.5624999999986395E-002   123079188.16089143        1846187822386542.2        999815381316.99304        0.0000000000000000        0.0000000000000000        0.0000000000000000        0.0000000000000000        0.0000000000000000        0.0000000000000000        0.0000000000000000     
  0.32031249999955647        0.0000000000000000        0.0000000000000000        1.7981671110518685E-004   0.0000000000000000        0.0000000000000000        42254336.000000000        0.0000000000000000        0.0000000000000000        1.5624999999999999E-009   1.0000000000008667E-007   1.5624999999986460E-002   123079188.16086707        1846187822386183.0        999815381316.99304        0.0000000000000000        0.0000000000000000        0.0000000000000000        0.0000000000000000        0.0000000000000000        0.0000000000000000        0.0000000000000000     
  0.33593749999954481        0.0000000000000000        0.0000000000000000       -3.3711376555868610E-004   0.0000000000000000        0.0000000000000000       -30113792.000000000        0.0000000000000000        0.0000000000000000        1.5624999999999999E-009   1.0000000000007903E-007   1.5624999999987645E-002   123079188.16085991        1846187822386217.5        999815381316.99304        0.0000000000000000        0.0000000000000000        0.0000000000000000        0.0000000000000000        0.0000000000000000        0.0000000000000000        0.0000000000000000     
  0.35156249999953176        0.0000000000000000        0.0000000000000000        2.7180763596565752E-004   0.0000000000000000        0.0000000000000000        16252928.000000000        0.0000000000000000        0.0000000000000000        1.5624999999999999E-009   1.0000000000007549E-007   1.5624999999988211E-002   123079188.16085711        1846187822386240.0        999815381316.99304        0.0000000000000000        0.0000000000000000        0.0000000000000000        0.0000000000000000        0.0000000000000000        0.0000000000000000        0.0000000000000000     
  0.36718749999952122        0.0000000000000000        0.0000000000000000       -4.0023556661685541E-004   0.0000000000000000        0.0000000000000000       -98303.999993554084        0.0000000000000000        0.0000000000000000        1.5624999999999999E-009   1.0000000000006321E-007   1.5624999999990119E-002   123079188.16081849        1846187822385888.2        999815381316.99304        0.0000000000000000        0.0000000000000000        0.0000000000000000        0.0000000000000000        0.0000000000000000        0.0000000000000000        0.0000000000000000     
  0.38281249999951200        0.0000000000000000        0.0000000000000000        2.7528671445364546E-004   0.0000000000000000        0.0000000000000000       -10911744.000000000        0.0000000000000000        0.0000000000000000        1.5624999999999999E-009   1.0000000000005737E-007   1.5624999999991038E-002   123079188.16080740        1846187822385829.0        999815381316.99304        0.0000000000000000        0.0000000000000000        0.0000000000000000        0.0000000000000000        0.0000000000000000        0.0000000000000000        0.0000000000000000     
  0.39843749999950329        0.0000000000000000        0.0000000000000000       -3.3498918702540807E-004   0.0000000000000000        0.0000000000000000        20791296.000000000        0.0000000000000000        0.0000000000000000        1.5624999999999999E-009   1.0000000000004742E-007   1.5624999999992588E-002   123079188.16082025        1846187822386206.0        999815381316.99304        0.0000000000000000        0.0000000000000000        0.0000000000000000        0.0000000000000000        0.0000000000000000        0.0000000000000000        0.0000000000000000     
  0.41406249999949718        0.0000000000000000        0.0000000000000000        2.1024588620029432E-004   0.0000000000000000        0.0000000000000000       -32505856.000000000        0.0000000000000000        0.0000000000000000        1.5624999999999999E-009   1.0000000000004261E-007   1.5624999999993347E-002   123079188.16080852        1846187822386118.2        999815381316.99304        0.0000000000000000        0.0000000000000000        0.0000000000000000        0.0000000000000000        0.0000000000000000        0.0000000000000000        0.0000000000000000     
  0.42968749999948996        0.0000000000000000        0.0000000000000000       -2.4175862956654173E-004   0.0000000000000000        0.0000000000000000        47726592.000005037        0.0000000000000000        0.0000000000000000        1.5624999999999999E-009   1.0000000000003177E-007   1.5624999999995030E-002   123079188.16076304        1846187822385637.0        999815381316.99304        0.0000000000000000        0.0000000000000000        0.0000000000000000        0.0000000000000000        0.0000000000000000        0.0000000000000000        0.0000000000000000     
  0.44531249999948724        0.0000000000000000        0.0000000000000000        2.5274858196448908E-005   0.0000000000000000        0.0000000000000000       -66781183.999999687        0.0000000000000000        0.0000000000000000        1.5624999999999999E-009   1.0000000000002910E-007   1.5624999999995460E-002   123079188.16076238        1846187822385675.5        999815381316.99304        0.0000000000000000        0.0000000000000000        0.0000000000000000        0.0000000000000000        0.0000000000000000        0.0000000000000000        0.0000000000000000     
  0.46093749999948086        0.0000000000000000        0.0000000000000000        3.3828121778909741E-006   0.0000000000000000        0.0000000000000000        80068608.000007182        0.0000000000000000        0.0000000000000000        1.5624999999999999E-009   1.0000000000001616E-007   1.5624999999997471E-002   123079188.16072696        1846187822385384.0        999815381316.99304        0.0000000000000000        0.0000000000000000        0.0000000000000000        0.0000000000000000        0.0000000000000000        0.0000000000000000        0.0000000000000000     
  0.47656249999948219        0.0000000000000000        0.0000000000000000       -2.5487568673327691E-004   0.0000000000000000        0.0000000000000000       -89276415.999995291        0.0000000000000000        0.0000000000000000        1.5624999999999999E-009   1.0000000000000567E-007   1.5624999999999120E-002   123079188.16070458        1846187822385241.0        999815381316.99304        0.0000000000000000        0.0000000000000000        0.0000000000000000        0.0000000000000000        0.0000000000000000        0.0000000000000000        0.0000000000000000     
  0.49218749999947908        0.0000000000000000        0.0000000000000000        2.6168416266362962E-004   0.0000000000000000        0.0000000000000000        101761024.00001189        0.0000000000000000        0.0000000000000000        1.5624999999999999E-009   9.9999999999988984E-008   1.5625000000001717E-002   123079188.16067931        1846187822385171.0        999815381316.99304        0.0000000000000000        0.0000000000000000        0.0000000000000000        0.0000000000000000        0.0000000000000000        0.0000000000000000        0.0000000000000000     
  0.50781249999948563        0.0000000000000000        0.0000000000000000       -4.1522752966266301E-004   0.0000000000000000        0.0000000000000000       -104431615.99999516        0.0000000000000000        0.0000000000000000        1.5624999999999999E-009   9.9999999999978317E-008   1.5625000000003386E-002   123079188.16066284        1846187822385120.5        999815381316.99304        0.0000000000000000        0.0000000000000000        0.0000000000000000        0.0000000000000000        0.0000000000000000        0.0000000000000000        0.0000000000000000     
  0.52343749999948586        0.0000000000000000        0.0000000000000000        4.4290467534109244E-004   0.0000000000000000        0.0000000000000000        95223808.000000000        0.0000000000000000        0.0000000000000000        1.5624999999999999E-009   9.9999999999971210E-008   1.5625000000004500E-002   123079188.16068757        1846187822385622.0        999815381316.99304        0.0000000000000000        0.0000000000000000        0.0000000000000000        0.0000000000000000        0.0000000000000000        0.0000000000000000        0.0000000000000000     
  0.53906249999949463        0.0000000000000000        0.0000000000000000       -5.5872928977163149E-004   0.0000000000000000        0.0000000000000000       -74350592.000000000        0.0000000000000000        0.0000000000000000        1.5624999999999999E-009   9.9999999999959483E-008   1.5625000000006321E-002   123079188.16065021        1846187822385279.2        999815381316.99304        0.0000000000000000        0.0000000000000000        0.0000000000000000        0.0000000000000000        0.0000000000000000        0.0000000000000000        0.0000000000000000     
  0.55468749999949851        0.0000000000000000        0.0000000000000000        5.6676207895520474E-004   0.0000000000000000        0.0000000000000000        43319296.000000000        0.0000000000000000        0.0000000000000000        1.5624999999999999E-009   9.9999999999962673E-008   1.5625000000005843E-002   123079188.16060403        1846187822384526.5        999815381316.99304        0.0000000000000000        0.0000000000000000        0.0000000000000000        0.0000000000000000        0.0000000000000000        0.0000000000000000        0.0000000000000000     
  0.57031249999950628        0.0000000000000000        0.0000000000000000       -6.6917691233191461E-004   0.0000000000000000        0.0000000000000000       -16351231.999995152        0.0000000000000000        0.0000000000000000        1.5624999999999999E-009   9.9999999999952032E-008   1.5625000000007484E-002   123079188.16057886        1846187822384346.8        999815381316.99304        0.0000000000000000        0.0000000000000000        0.0000000000000000        0.0000000000000000        0.0000000000000000        0.0000000000000000        0.0000000000000000     
  0.58593749999951350        0.0000000000000000        0.0000000000000000        5.8614179287947419E-004   0.0000000000000000        0.0000000000000000       -15056896.000000000        0.0000000000000000        0.0000000000000000        1.5624999999999999E-009   9.9999999999952747E-008   1.5625000000007390E-002   123079188.16061528        1846187822384878.2        999815381316.99304        0.0000000000000000        0.0000000000000000        0.0000000000000000        0.0000000000000000        0.0000000000000000        0.0000000000000000        0.0000000000000000     
  0.60156249999952105        0.0000000000000000        0.0000000000000000       -6.0596939770360435E-004   0.0000000000000000        0.0000000000000000        54050816.000012934        0.0000000000000000        0.0000000000000000        1.5624999999999999E-009   9.9999999999935330E-008   1.5625000000010089E-002   123079188.16059758        1846187822384936.0        999815381316.99304        0.0000000000000000        0.0000000000000000        0.0000000000000000        0.0000000000000000        0.0000000000000000        0.0000000000000000        0.0000000000000000     
  0.61718749999953371        0.0000000000000000        0.0000000000000000        4.4850710721766184E-004   0.0000000000000000        0.0000000000000000       -92307456.000000000        0.0000000000000000        0.0000000000000000        1.5624999999999999E-009   9.9999999999936389E-008   1.5625000000009950E-002   123079188.16059980        1846187822384948.0        999815381316.99304        0.0000000000000000        0.0000000000000000        0.0000000000000000        0.0000000000000000        0.0000000000000000        0.0000000000000000        0.0000000000000000     
  0.63281249999954092        0.0000000000000000        0.0000000000000000       -4.7173062621552335E-004   0.0000000000000000        0.0000000000000000        121585664.00001186        0.0000000000000000        0.0000000000000000        1.5624999999999999E-009   9.9999999999919713E-008   1.5625000000012535E-002   123079188.16055986        1846187822384658.2        999815381316.99304        0.0000000000000000        0.0000000000000000        0.0000000000000000        0.0000000000000000        0.0000000000000000        0.0000000000000000        0.0000000000000000     
  0.64843749999955880        0.0000000000000000        0.0000000000000000        2.7763218455581631E-004   0.0000000000000000        0.0000000000000000       -134479872.00000000        0.0000000000000000        0.0000000000000000        1.5624999999999999E-009   9.9999999999912592E-008   1.5625000000013659E-002   123079188.16051641        1846187822384137.0        999815381316.99304        0.0000000000000000        0.0000000000000000        0.0000000000000000        0.0000000000000000        0.0000000000000000        0.0000000000000000        0.0000000000000000     
  0.66406249999956823        0.0000000000000000        0.0000000000000000       -1.6114701279394114E-004   0.0000000000000000        0.0000000000000000        147390464.00000000        0.0000000000000000        0.0000000000000000        1.5624999999999999E-009   9.9999999999902296E-008   1.5625000000015262E-002   123079188.16049959        1846187822384075.5        999815381316.99304        0.0000000000000000        0.0000000000000000        0.0000000000000000        0.0000000000000000        0.0000000000000000        0.0000000000000000        0.0000000000000000     
  0.67968749999958933        0.0000000000000000        0.0000000000000000       -3.5931031996899114E-005   0.0000000000000000        0.0000000000000000       -158121984.00000000        0.0000000000000000        0.0000000000000000        1.5624999999999999E-009   9.9999999999900879E-008   1.5625000000015488E-002   123079188.16051489        1846187822384330.5        999815381316.99304        0.0000000000000000        0.0000000000000000        0.0000000000000000        0.0000000000000000        0.0000000000000000        0.0000000000000000        0.0000000000000000     
  0.69531249999959921        0.0000000000000000        0.0000000000000000        8.2845176007953868E-005   0.0000000000000000        0.0000000000000000        154599424.00000045        0.0000000000000000        0.0000000000000000        1.5624999999999999E-009   9.9999999999897677E-008   1.5625000000015991E-002   123079188.16052188        1846187822384494.5        999815381316.99304        0.0000000000000000        0.0000000000000000        0.0000000000000000        0.0000000000000000        0.0000000000000000        0.0000000000000000        0.0000000000000000     
  0.71093749999962130        0.0000000000000000        0.0000000000000000       -2.3315254506318803E-004   0.0000000000000000        0.0000000000000000       -142082047.99999741        0.0000000000000000        0.0000000000000000        1.5624999999999999E-009   9.9999999999889855E-008   1.5625000000017205E-002   123079188.16050032        1846187822384316.2        999815381316.99304        0.0000000000000000        0.0000000000000000        0.0000000000000000        0.0000000000000000        0.0000000000000000        0.0000000000000000        0.0000000000000000     
  0.72656249999963363        0.0000000000000000        0.0000000000000000        2.6562561199760132E-004   0.0000000000000000        0.0000000000000000        126009344.00000001        0.0000000000000000        0.0000000000000000        1.5624999999999999E-009   9.9999999999889140E-008   1.5625000000017323E-002   123079188.16047272        1846187822383914.5        999815381316.99304        0.0000000000000000        0.0000000000000000        0.0000000000000000        0.0000000000000000        0.0000000000000000        0.0000000000000000        0.0000000000000000     
  0.74218749999965594        0.0000000000000000        0.0000000000000000       -4.1862575781649835E-004   0.0000000000000000        0.0000000000000000       -110100479.99999714        0.0000000000000000        0.0000000000000000        1.5624999999999999E-009   9.9999999999880961E-008   1.5625000000018596E-002   123079188.16044553        1846187822383658.5        999815381316.99304        0.0000000000000000        0.0000000000000000        0.0000000000000000        0.0000000000000000        0.0000000000000000        0.0000000000000000        0.0000000000000000     
  0.75781249999967082        0.0000000000000000        0.0000000000000000        4.5204331421452691E-004   0.0000000000000000        0.0000000000000000        94437376.000000015        0.0000000000000000        0.0000000000000000        1.5624999999999999E-009   9.9999999999880259E-008   1.5625000000018711E-002   123079188.16045490        1846187822383811.2        999815381316.99304        0.0000000000000000        0.0000000000000000        0.0000000000000000        0.0000000000000000        0.0000000000000000        0.0000000000000000        0.0000000000000000     
  0.77343749999969336        0.0000000000000000        0.0000000000000000       -5.7326756348536462E-004   0.0000000000000000        0.0000000000000000       -74694655.999998406        0.0000000000000000        0.0000000000000000        1.5624999999999999E-009   9.9999999999872808E-008   1.5625000000019866E-002   123079188.16045117        1846187822383893.8        999815381316.99304        0.0000000000000000        0.0000000000000000        0.0000000000000000        0.0000000000000000        0.0000000000000000        0.0000000000000000        0.0000000000000000     
  0.78906249999971056        0.0000000000000000        0.0000000000000000        5.4489326685019284E-004   0.0000000000000000        0.0000000000000000        48267264.000000000        0.0000000000000000        0.0000000000000000        1.5624999999999999E-009   9.9999999999877070E-008   1.5625000000019217E-002   123079188.16046388        1846187822384004.5        999815381316.99304        0.0000000000000000        0.0000000000000000        0.0000000000000000        0.0000000000000000        0.0000000000000000        0.0000000000000000        0.0000000000000000     
  0.80468749999973177        0.0000000000000000        0.0000000000000000       -6.5700997096334224E-004   0.0000000000000000        0.0000000000000000       -19447808.000000000        0.0000000000000000        0.0000000000000000        1.5624999999999999E-009   9.9999999999868533E-008   1.5625000000020529E-002   123079188.16044457        1846187822383874.0        999815381316.99304        0.0000000000000000        0.0000000000000000        0.0000000000000000        0.0000000000000000        0.0000000000000000        0.0000000000000000        0.0000000000000000     
  0.82031249999975164        0.0000000000000000        0.0000000000000000        6.1596707751993419E-004   0.0000000000000000        0.0000000000000000       -19906560.000000000        0.0000000000000000        0.0000000000000000        1.5624999999999999E-009   9.9999999999874238E-008   1.5625000000019668E-002   123079188.16044977        1846187822383844.5        999815381316.99304        0.0000000000000000        0.0000000000000000        0.0000000000000000        0.0000000000000000        0.0000000000000000        0.0000000000000000        0.0000000000000000     
  0.83593749999977107        0.0000000000000000        0.0000000000000000       -5.5827122575355186E-004   0.0000000000000000        0.0000000000000000        75644927.999993384        0.0000000000000000        0.0000000000000000        1.5624999999999999E-009   9.9999999999857165E-008   1.5625000000022298E-002   123079188.16039452        1846187822383334.0        999815381316.99304        0.0000000000000000        0.0000000000000000        0.0000000000000000        0.0000000000000000        0.0000000000000000        0.0000000000000000        0.0000000000000000     
  0.85156249999979627        0.0000000000000000        0.0000000000000000        4.3690605542223476E-004   0.0000000000000000        0.0000000000000000       -134299648.00000000        0.0000000000000000        0.0000000000000000        1.5624999999999999E-009   9.9999999999869605E-008   1.5625000000020390E-002   123079188.16043940        1846187822383774.5        999815381316.99304        0.0000000000000000        0.0000000000000000        0.0000000000000000        0.0000000000000000        0.0000000000000000        0.0000000000000000        0.0000000000000000     
  0.86718749999981182        0.0000000000000000        0.0000000000000000       -3.6921909420147079E-004   0.0000000000000000        0.0000000000000000        177143808.00000000        0.0000000000000000        0.0000000000000000        1.5624999999999999E-009   9.9999999999856093E-008   1.5625000000022475E-002   123079188.16042443        1846187822383801.5        999815381316.99304        0.0000000000000000        0.0000000000000000        0.0000000000000000        0.0000000000000000        0.0000000000000000        0.0000000000000000        0.0000000000000000     
  0.88281249999984124        0.0000000000000000        0.0000000000000000        3.5810069518512353E-004   0.0000000000000000        0.0000000000000000       -197541888.00000000        0.0000000000000000        0.0000000000000000        1.5624999999999999E-009   9.9999999999856820E-008   1.5625000000022374E-002   123079188.16041189        1846187822383598.8        999815381316.99304        0.0000000000000000        0.0000000000000000        0.0000000000000000        0.0000000000000000        0.0000000000000000        0.0000000000000000        0.0000000000000000     
  0.89843749999985656        0.0000000000000000        0.0000000000000000       -4.0465504706172623E-004   0.0000000000000000        0.0000000000000000        201703424.00000000        0.0000000000000000        0.0000000000000000        1.5624999999999999E-009   9.9999999999852546E-008   1.5625000000023037E-002   123079188.16041583        1846187822383737.0        999815381316.99304        0.0000000000000000        0.0000000000000000        0.0000000000000000        0.0000000000000000        0.0000000000000000        0.0000000000000000        0.0000000000000000     
  0.91406249999988731        0.0000000000000000        0.0000000000000000        4.2441731224376617E-004   0.0000000000000000        0.0000000000000000       -187465728.00000000        0.0000000000000000        0.0000000000000000        1.5624999999999999E-009   9.9999999999847225E-008   1.5625000000023863E-002   123079188.16041905        1846187822383884.2        999815381316.99304        0.0000000000000000        0.0000000000000000        0.0000000000000000        0.0000000000000000        0.0000000000000000        0.0000000000000000        0.0000000000000000     
  0.92968749999990430        0.0000000000000000        0.0000000000000000       -4.5004568984340521E-004   0.0000000000000000        0.0000000000000000        154484736.00000000        0.0000000000000000        0.0000000000000000        1.5624999999999999E-009   9.9999999999854319E-008   1.5625000000022773E-002   123079188.16041209        1846187822383647.0        999815381316.99304        0.0000000000000000        0.0000000000000000        0.0000000000000000        0.0000000000000000        0.0000000000000000        0.0000000000000000        0.0000000000000000     
  0.94531249999993283        0.0000000000000000        0.0000000000000000        5.0862091911670396E-004   0.0000000000000000        0.0000000000000000       -107020287.99999449        0.0000000000000000        0.0000000000000000        1.5624999999999999E-009   9.9999999999842964E-008   1.5625000000024519E-002   123079188.16038479        1846187822383449.8        999815381316.99304        0.0000000000000000        0.0000000000000000        0.0000000000000000        0.0000000000000000        0.0000000000000000        0.0000000000000000        0.0000000000000000     
  0.96093749999995337        0.0000000000000000        0.0000000000000000       -5.9230040509768460E-004   0.0000000000000000        0.0000000000000000        48267264.000000000        0.0000000000000000        0.0000000000000000        1.5624999999999999E-009   9.9999999999857879E-008   1.5625000000022225E-002   123079188.16042590        1846187822383788.2        999815381316.99304        0.0000000000000000        0.0000000000000000        0.0000000000000000        0.0000000000000000        0.0000000000000000        0.0000000000000000        0.0000000000000000     
  0.97656249999997724        0.0000000000000000        0.0000000000000000        5.7927714196119573E-004   0.0000000000000000        0.0000000000000000        8536064.0000081975        0.0000000000000000        0.0000000000000000        1.5624999999999999E-009   9.9999999999844036E-008   1.5625000000024352E-002   123079188.16040666        1846187822383758.0        999815381316.99304        0.0000000000000000        0.0000000000000000        0.0000000000000000        0.0000000000000000        0.0000000000000000        0.0000000000000000        0.0000000000000000     
  0.99218750000000211        0.0000000000000000        0.0000000000000000       -5.7431263295164997E-004   0.0000000000000000        0.0000000000000000       -53264384.000000000        0.0000000000000000        0.0000000000000000        1.5624999999999999E-009   9.9999999999854676E-008   1.5625000000022718E-002   123079188.16039939        1846187822383450.5        999815381316.99304        0.0000000000000000        0.0000000000000000        0.0000000000000000        0.0000000000000000        0.0000000000000000        0.0000000000000000        0.0000000000000000     
   1.0078125000000226        0.0000000000000000        0.0000000000000000        0.0000000000000000        0.0000000000000000        0.0000000000000000        0.0000000000000000        0.0000000000000000        0.0000000000000000        0.0000000000000000        0.0000000000000000        0.0000000000000000        0.0000000000000000        0.0000000000000000        0.0000000000000000        0.0000000000000000        0.0000000000000000        0.0000000000000000        0.0000000000000000        0.0000000000000000        0.0000000000000000        0.0000000000000000     
   1.0234375000000497        0.0000000000000000        0.0000000000000000        0.0000000000000000        0.0000000000000000        0.0000000000000000        0.0000000000000000        0.0000000000000000        0.0000000000000000        0.0000000000000000        0.0000000000000000        0.0000000000000000        0.0000000000000000        0.0000000000000000        0.0000000000000000        0.0000000000000000        0.0000000000000000        0.0000000000000000        0.0000000000000000        0.0000000000000000        0.0000000000000000        0.0000000000000000     
   1.0390625000000679        0.0000000000000000        0.0000000000000000        0.0000000000000000        0.0000000000000000        0.0000000000000000        0.0000000000000000        0.0000000000000000        0.0000000000000000        0.0000000000000000        0.0000000000000000        0.0000000000000000        0.0000000000000000        0.0000000000000000        0.0000000000000000        0.0000000000000000        0.0000000000000000        0.0000000000000000        0.0000000000000000        0.0000000000000000        0.0000000000000000        0.0000000000000000     
  -1.0390625000000466        0.0000000000000000        0.0000000000000000        0.0000000000000000        0.0000000000000000        0.0000000000000000        0.0000000000000000        0.0000000000000000        0.0000000000000000        0.0000000000000000        0.0000000000000000        0.0000000000000000        0.0000000000000000        0.0000000000000000        0.0000000000000000        0.0000000000000000        0.0000000000000000        0.0000000000000000        0.0000000000000000        0.0000000000000000        0.0000000000000000        0.0000000000000000     
  -1.0234375000000226        0.0000000000000000        0.0000000000000000        0.0000000000000000        0.0000000000000000        0.0000000000000000        0.0000000000000000        0.0000000000000000        0.0000000000000000        0.0000000000000000        0.0000000000000000        0.0000000000000000        0.0000000000000000        0.0000000000000000        0.0000000000000000        0.0000000000000000        0.0000000000000000        0.0000000000000000        0.0000000000000000        0.0000000000000000        0.0000000000000000        0.0000000000000000     
  -1.0078124999999978        0.0000000000000000        0.0000000000000000        0.0000000000000000        0.0000000000000000        0.0000000000000000        0.0000000000000000        0.0000000000000000        0.0000000000000000        0.0000000000000000        0.0000000000000000        0.0000000000000000        0.0000000000000000        0.0000000000000000        0.0000000000000000        0.0000000000000000        0.0000000000000000        0.0000000000000000        0.0000000000000000        0.0000000000000000        0.0000000000000000        0.0000000000000000     
