   2.0299999999999945E-007
 -0.99218750000002454        0.0000000000000000        0.0000000000000000        6.3726330480134356E-004   0.0000000000000000        0.0000000000000000        5619712.0000000000        0.0000000000000000        0.0000000000000000        1.5624999999999999E-009   9.9999999999990043E-008   1.5625000000001547E-002   129051327.94386443        1935769919137970.5        999806423107.36792        0.0000000000000000        0.0000000000000000        0.0000000000000000        0.0000000000000000        0.0000000000000000        0.0000000000000000        0.0000000000000000     
 -0.97656250000002265        0.0000000000000000        0.0000000000000000       -6.5970968910779694E-004   0.0000000000000000        0.0000000000000000       -26886144.000000000        0.0000000000000000        0.0000000000000000        1.5624999999999999E-009   9.9999999999993232E-008   1.5625000000001062E-002   129051327.94390157        1935769919138464.5        999806423107.36792        0.0000000000000000        0.0000000000000000        0.0000000000000000        0.0000000000000000        0.0000000000000000        0.0000000000000000        0.0000000000000000     
 -0.96093750000002243        0.0000000000000000        0.0000000000000000        5.8998488707237605E-004   0.0000000000000000        0.0000000000000000        55263231.999998778        0.0000000000000000        0.0000000000000000        1.5624999999999999E-009   9.9999999999984352E-008   1.5625000000002436E-002   129051327.94391748        1935769919138876.5        999806423107.36792        0.0000000000000000        0.0000000000000000        0.0000000000000000        0.0000000000000000        0.0000000000000000        0.0000000000000000        0.0000000000000000     
 -0.94531250000001776        0.0000000000000000        0.0000000000000000       -4.8176356841294113E-004   0.0000000000000000        0.0000000000000000       -85213184.000000000        0.0000000000000000        0.0000000000000000        1.5624999999999999E-009   9.9999999999989699E-008   1.5625000000001620E-002   129051327.94392563        1935769919138893.8        999806423107.36792        0.0000000000000000        0.0000000000000000        0.0000000000000000        0.0000000000000000        0.0000000000000000        0.0000000000000000        0.0000000000000000     
 -0.92968750000001921        0.0000000000000000        0.0000000000000000        4.5355384008172433E-004   0.0000000000000000        0.0000000000000000        114524160.00000000        0.0000000000000000        0.0000000000000000        1.5624999999999999E-009   9.9999999999981162E-008   1.5625000000002935E-002   129051327.94387531        1935769919138305.2        999806423107.36792        0.0000000000000000        0.0000000000000000        0.0000000000000000        0.0000000000000000        0.0000000000000000        0.0000000000000000        0.0000000000000000     
 -0.91406250000001188        0.0000000000000000        0.0000000000000000       -2.8679609782958631E-004   0.0000000000000000        0.0000000000000000       -136151040.00000000        0.0000000000000000        0.0000000000000000        1.5624999999999999E-009   9.9999999999985781E-008   1.5625000000002224E-002   129051327.94392806        1935769919139006.5        999806423107.36792        0.0000000000000000        0.0000000000000000        0.0000000000000000        0.0000000000000000        0.0000000000000000        0.0000000000000000        0.0000000000000000     
 -0.89843750000001477        0.0000000000000000        0.0000000000000000        8.6877995312149663E-005   0.0000000000000000        0.0000000000000000        144064512.00000027        0.0000000000000000        0.0000000000000000        1.5624999999999999E-009   9.9999999999983293E-008   1.5625000000002609E-002   129051327.94391896        1935769919138918.2        999806423107.36792        0.0000000000000000        0.0000000000000000        0.0000000000000000        0.0000000000000000        0.0000000000000000        0.0000000000000000        0.0000000000000000     
 -0.88281250000000666        0.0000000000000000        0.0000000000000000        4.5213729005257435E-005   0.0000000000000000        0.0000000000000000       -140591103.99999955        0.0000000000000000        0.0000000000000000        1.5624999999999999E-009   9.9999999999980090E-008   1.5625000000003105E-002   129051327.94383374        1935769919137702.2        999806423107.36792        0.0000000000000000        0.0000000000000000        0.0000000000000000        0.0000000000000000        0.0000000000000000        0.0000000000000000        0.0000000000000000     
 -0.86718750000000855        0.0000000000000000        0.0000000000000000       -1.9022252082518255E-004   0.0000000000000000        0.0000000000000000        134987776.00000000        0.0000000000000000        0.0000000000000000        1.5624999999999999E-009   9.9999999999979746E-008   1.5625000000003168E-002   129051327.94390634        1935769919138797.5        999806423107.36792        0.0000000000000000        0.0000000000000000        0.0000000000000000        0.0000000000000000        0.0000000000000000        0.0000000000000000        0.0000000000000000     
 -0.85156250000000033        0.0000000000000000        0.0000000000000000        3.4358971549549563E-004   0.0000000000000000        0.0000000000000000       -125190143.99999966        0.0000000000000000        0.0000000000000000        1.5624999999999999E-009   9.9999999999976901E-008   1.5625000000003605E-002   129051327.94388711        1935769919138564.8        999806423107.36792        0.0000000000000000        0.0000000000000000        0.0000000000000000        0.0000000000000000        0.0000000000000000        0.0000000000000000        0.0000000000000000     
 -0.83593750000000133        0.0000000000000000        0.0000000000000000       -4.3676921764084040E-004   0.0000000000000000        0.0000000000000000        108871680.00000000        0.0000000000000000        0.0000000000000000        1.5624999999999999E-009   9.9999999999981506E-008   1.5625000000002894E-002   129051327.94387397        1935769919138277.8        999806423107.36792        0.0000000000000000        0.0000000000000000        0.0000000000000000        0.0000000000000000        0.0000000000000000        0.0000000000000000        0.0000000000000000     
 -0.82031249999999456        0.0000000000000000        0.0000000000000000        4.9495291510795003E-004   0.0000000000000000        0.0000000000000000       -90652672.000001758        0.0000000000000000        0.0000000000000000        1.5624999999999999E-009   9.9999999999978317E-008   1.5625000000003383E-002   129051327.94391544        1935769919138962.5        999806423107.36792        0.0000000000000000        0.0000000000000000        0.0000000000000000        0.0000000000000000        0.0000000000000000        0.0000000000000000        0.0000000000000000     
 -0.80468749999999456        0.0000000000000000        0.0000000000000000       -5.5040349360710764E-004   0.0000000000000000        0.0000000000000000        63045632.000000000        0.0000000000000000        0.0000000000000000        1.5624999999999999E-009   9.9999999999984722E-008   1.5625000000002394E-002   129051327.94386841        1935769919138131.5        999806423107.36792        0.0000000000000000        0.0000000000000000        0.0000000000000000        0.0000000000000000        0.0000000000000000        0.0000000000000000        0.0000000000000000     
 -0.78906249999998979        0.0000000000000000        0.0000000000000000        6.0882389066677415E-004   0.0000000000000000        0.0000000000000000       -24674304.000004224        0.0000000000000000        0.0000000000000000        1.5624999999999999E-009   9.9999999999974770E-008   1.5625000000003927E-002   129051327.94384038        1935769919137905.8        999806423107.36792        0.0000000000000000        0.0000000000000000        0.0000000000000000        0.0000000000000000        0.0000000000000000        0.0000000000000000        0.0000000000000000     
 -0.77343749999998668        0.0000000000000000        0.0000000000000000       -6.5226897448106193E-004   0.0000000000000000        0.0000000000000000       -17448960.000000000        0.0000000000000000        0.0000000000000000        1.5624999999999999E-009   9.9999999999984722E-008   1.5625000000002401E-002   129051327.94393499        1935769919139130.0        999806423107.36792        0.0000000000000000        0.0000000000000000        0.0000000000000000        0.0000000000000000        0.0000000000000000        0.0000000000000000        0.0000000000000000     
 -0.75781249999998501        0.0000000000000000        0.0000000000000000        6.4061106590572925E-004   0.0000000000000000        0.0000000000000000        54394880.000002719        0.0000000000000000        0.0000000000000000        1.5624999999999999E-009   9.9999999999975114E-008   1.5625000000003879E-002   129051327.94386531        1935769919138272.8        999806423107.36792        0.0000000000000000        0.0000000000000000        0.0000000000000000        0.0000000000000000        0.0000000000000000        0.0000000000000000        0.0000000000000000     
 -0.74218749999997891        0.0000000000000000        0.0000000000000000       -5.1401238386526412E-004   0.0000000000000000        0.0000000000000000       -83230720.000000000        0.0000000000000000        0.0000000000000000        1.5624999999999999E-009   9.9999999999980434E-008   1.5625000000003064E-002   129051327.94383563        1935769919137723.0        999806423107.36792        0.0000000000000000        0.0000000000000000        0.0000000000000000        0.0000000000000000        0.0000000000000000        0.0000000000000000        0.0000000000000000     
 -0.72656249999997891        0.0000000000000000        0.0000000000000000        4.9744038073679553E-004   0.0000000000000000        0.0000000000000000        109182976.00000000        0.0000000000000000        0.0000000000000000        1.5624999999999999E-009   9.9999999999973685E-008   1.5625000000004104E-002   129051327.94389299        1935769919138715.2        999806423107.36792        0.0000000000000000        0.0000000000000000        0.0000000000000000        0.0000000000000000        0.0000000000000000        0.0000000000000000        0.0000000000000000     
 -0.71093749999997069        0.0000000000000000        0.0000000000000000       -2.8358312447060007E-004   0.0000000000000000        0.0000000000000000       -131497984.00000000        0.0000000000000000        0.0000000000000000        1.5624999999999999E-009   9.9999999999978687E-008   1.5625000000003338E-002   129051327.94390625        1935769919138816.2        999806423107.36792        0.0000000000000000        0.0000000000000000        0.0000000000000000        0.0000000000000000        0.0000000000000000        0.0000000000000000        0.0000000000000000     
 -0.69531249999997224        0.0000000000000000        0.0000000000000000        1.1751880760185675E-004   0.0000000000000000        0.0000000000000000        148193280.00000072        0.0000000000000000        0.0000000000000000        1.5624999999999999E-009   9.9999999999974399E-008   1.5625000000003993E-002   129051327.94383052        1935769919137764.2        999806423107.36792        0.0000000000000000        0.0000000000000000        0.0000000000000000        0.0000000000000000        0.0000000000000000        0.0000000000000000        0.0000000000000000     
 -0.67968749999996270        0.0000000000000000        0.0000000000000000        7.1148740226374503E-005   0.0000000000000000        0.0000000000000000       -154599424.00000003        0.0000000000000000        0.0000000000000000        1.5624999999999999E-009   9.9999999999975484E-008   1.5625000000003830E-002   129051327.94388014        1935769919138487.0        999806423107.36792        0.0000000000000000        0.0000000000000000        0.0000000000000000        0.0000000000000000        0.0000000000000000        0.0000000000000000        0.0000000000000000     
 -0.66406249999996458        0.0000000000000000        0.0000000000000000       -1.3460926239388147E-004   0.0000000000000000        0.0000000000000000        148570112.00000000        0.0000000000000000        0.0000000000000000        1.5624999999999999E-009   9.9999999999976173E-008   1.5625000000003726E-002   129051327.94389518        1935769919138699.2        999806423107.36792        0.0000000000000000        0.0000000000000000        0.0000000000000000        0.0000000000000000        0.0000000000000000        0.0000000000000000        0.0000000000000000     
 -0.64843749999995526        0.0000000000000000        0.0000000000000000        3.9168662300228738E-004   0.0000000000000000        0.0000000000000000       -134250496.00000000        0.0000000000000000        0.0000000000000000        1.5624999999999999E-009   9.9999999999970852E-008   1.5625000000004548E-002   129051327.94382527        1935769919137754.5        999806423107.36792        0.0000000000000000        0.0000000000000000        0.0000000000000000        0.0000000000000000        0.0000000000000000        0.0000000000000000        0.0000000000000000     
 -0.63281249999995548        0.0000000000000000        0.0000000000000000       -3.9372417847136656E-004   0.0000000000000000        0.0000000000000000        114556928.00000000        0.0000000000000000        0.0000000000000000        1.5624999999999999E-009   9.9999999999973698E-008   1.5625000000004115E-002   129051327.94385464        1935769919138138.5        999806423107.36792        0.0000000000000000        0.0000000000000000        0.0000000000000000        0.0000000000000000        0.0000000000000000        0.0000000000000000        0.0000000000000000     
 -0.61718749999994704        0.0000000000000000        0.0000000000000000        4.7616872391957062E-004   0.0000000000000000        0.0000000000000000       -87244799.999997616        0.0000000000000000        0.0000000000000000        1.5624999999999999E-009   9.9999999999966233E-008   1.5625000000005267E-002   129051327.94384763        1935769919138179.5        999806423107.36792        0.0000000000000000        0.0000000000000000        0.0000000000000000        0.0000000000000000        0.0000000000000000        0.0000000000000000        0.0000000000000000     
 -0.60156249999994493        0.0000000000000000        0.0000000000000000       -5.4634208291878263E-004   0.0000000000000000        0.0000000000000000        57671680.000000000        0.0000000000000000        0.0000000000000000        1.5624999999999999E-009   9.9999999999974412E-008   1.5625000000004007E-002   129051327.94386704        1935769919138310.8        999806423107.36792        0.0000000000000000        0.0000000000000000        0.0000000000000000        0.0000000000000000        0.0000000000000000        0.0000000000000000        0.0000000000000000     
 -0.58593749999993905        0.0000000000000000        0.0000000000000000        6.3556640884953361E-004   0.0000000000000000        0.0000000000000000       -30326783.999999341        0.0000000000000000        0.0000000000000000        1.5624999999999999E-009   9.9999999999970495E-008   1.5625000000004600E-002   129051327.94386370        1935769919138338.0        999806423107.36792        0.0000000000000000        0.0000000000000000        0.0000000000000000        0.0000000000000000        0.0000000000000000        0.0000000000000000        0.0000000000000000     
 -0.57031249999993572        0.0000000000000000        0.0000000000000000       -6.1085986722442210E-004   0.0000000000000000        0.0000000000000000        786432.00000000000        0.0000000000000000        0.0000000000000000        1.5624999999999999E-009   9.9999999999980448E-008   1.5625000000003064E-002   129051327.94386369        1935769919138143.5        999806423107.36792        0.0000000000000000        0.0000000000000000        0.0000000000000000        0.0000000000000000        0.0000000000000000        0.0000000000000000        0.0000000000000000     
 -0.55468749999993294        0.0000000000000000        0.0000000000000000        6.7556388271034732E-004   0.0000000000000000        0.0000000000000000        27410431.999997552        0.0000000000000000        0.0000000000000000        1.5624999999999999E-009   9.9999999999976543E-008   1.5625000000003653E-002   129051327.94379348        1935769919137167.5        999806423107.36792        0.0000000000000000        0.0000000000000000        0.0000000000000000        0.0000000000000000        0.0000000000000000        0.0000000000000000        0.0000000000000000     
 -0.53906249999992839        0.0000000000000000        0.0000000000000000       -5.2181238691247772E-004   0.0000000000000000        0.0000000000000000       -55476224.000000000        0.0000000000000000        0.0000000000000000        1.5624999999999999E-009   9.9999999999985067E-008   1.5625000000002338E-002   129051327.94384199        1935769919137728.8        999806423107.36792        0.0000000000000000        0.0000000000000000        0.0000000000000000        0.0000000000000000        0.0000000000000000        0.0000000000000000        0.0000000000000000     
 -0.52343749999992828        0.0000000000000000        0.0000000000000000        5.0234951085157287E-004   0.0000000000000000        0.0000000000000000        79675392.000000000        0.0000000000000000        0.0000000000000000        1.5624999999999999E-009   9.9999999999979733E-008   1.5625000000003161E-002   129051327.94387861        1935769919138382.5        999806423107.36792        0.0000000000000000        0.0000000000000000        0.0000000000000000        0.0000000000000000        0.0000000000000000        0.0000000000000000        0.0000000000000000     
 -0.50781249999992206        0.0000000000000000        0.0000000000000000       -4.7036905182616385E-004   0.0000000000000000        0.0000000000000000       -85573632.000000000        0.0000000000000000        0.0000000000000000        1.5624999999999999E-009   9.9999999999982949E-008   1.5625000000002665E-002   129051327.94387102        1935769919138205.8        999806423107.36792        0.0000000000000000        0.0000000000000000        0.0000000000000000        0.0000000000000000        0.0000000000000000        0.0000000000000000        0.0000000000000000     
 -0.49218749999992295        0.0000000000000000        0.0000000000000000        3.9759463837693793E-004   0.0000000000000000        0.0000000000000000        79233024.000000000        0.0000000000000000        0.0000000000000000        1.5624999999999999E-009   9.9999999999989156E-008   1.5625000000001697E-002   129051327.94389391        1935769919138428.8        999806423107.36792        0.0000000000000000        0.0000000000000000        0.0000000000000000        0.0000000000000000        0.0000000000000000        0.0000000000000000        0.0000000000000000     
 -0.47656249999991868        0.0000000000000000        0.0000000000000000       -3.3680980501266041E-004   0.0000000000000000        0.0000000000000000       -75481088.000000000        0.0000000000000000        0.0000000000000000        1.5624999999999999E-009   9.9999999999992160E-008   1.5625000000001221E-002   129051327.94388703        1935769919138268.0        999806423107.36792        0.0000000000000000        0.0000000000000000        0.0000000000000000        0.0000000000000000        0.0000000000000000        0.0000000000000000        0.0000000000000000     
 -0.46093749999992051        0.0000000000000000        0.0000000000000000        2.2330162748756185E-004   0.0000000000000000        0.0000000000000000        72613888.000000000        0.0000000000000000        0.0000000000000000        1.5624999999999999E-009   9.9999999999995549E-008   1.5625000000000697E-002   129051327.94387223        1935769919137980.0        999806423107.36792        0.0000000000000000        0.0000000000000000        0.0000000000000000        0.0000000000000000        0.0000000000000000        0.0000000000000000        0.0000000000000000     
 -0.44531249999991729        0.0000000000000000        0.0000000000000000       -4.3523046358765856E-005   0.0000000000000000        0.0000000000000000       -67141632.000000268        0.0000000000000000        0.0000000000000000        1.5624999999999999E-009   9.9999999999995893E-008   1.5625000000000638E-002   129051327.94387616        1935769919138032.8        999806423107.36792        0.0000000000000000        0.0000000000000000        0.0000000000000000        0.0000000000000000        0.0000000000000000        0.0000000000000000        0.0000000000000000     
 -0.42968749999991923        0.0000000000000000        0.0000000000000000       -4.0661526641681838E-005   0.0000000000000000        0.0000000000000000        60325888.000000000        0.0000000000000000        0.0000000000000000        1.5624999999999999E-009   9.9999999999998381E-008   1.5625000000000257E-002   129051327.94389303        1935769919138237.0        999806423107.36792        0.0000000000000000        0.0000000000000000        0.0000000000000000        0.0000000000000000        0.0000000000000000        0.0000000000000000        0.0000000000000000     
 -0.41406249999991679        0.0000000000000000        0.0000000000000000        1.7652440987777463E-004   0.0000000000000000        0.0000000000000000       -51560448.000000000        0.0000000000000000        0.0000000000000000        1.5624999999999999E-009   9.9999999999996263E-008   1.5625000000000579E-002   129051327.94389237        1935769919138268.8        999806423107.36792        0.0000000000000000        0.0000000000000000        0.0000000000000000        0.0000000000000000        0.0000000000000000        0.0000000000000000        0.0000000000000000     
 -0.39843749999991807        0.0000000000000000        0.0000000000000000       -2.1594675112590291E-004   0.0000000000000000        0.0000000000000000        46071808.000000000        0.0000000000000000        0.0000000000000000        1.5624999999999999E-009   9.9999999999998222E-008   1.5625000000000281E-002   129051327.94387682        1935769919137997.0        999806423107.36792        0.0000000000000000        0.0000000000000000        0.0000000000000000        0.0000000000000000        0.0000000000000000        0.0000000000000000        0.0000000000000000     
 -0.38281249999991623        0.0000000000000000        0.0000000000000000        3.0331310084215921E-004   0.0000000000000000        0.0000000000000000       -40763392.000000000        0.0000000000000000        0.0000000000000000        1.5624999999999999E-009   9.9999999999999096E-008   1.5625000000000135E-002   129051327.94388171        1935769919138054.0        999806423107.36792        0.0000000000000000        0.0000000000000000        0.0000000000000000        0.0000000000000000        0.0000000000000000        0.0000000000000000        0.0000000000000000     
 -0.36718749999991779        0.0000000000000000        0.0000000000000000       -3.0822516192701110E-004   0.0000000000000000        0.0000000000000000        31817728.000000000        0.0000000000000000        0.0000000000000000        1.5624999999999999E-009   1.0000000000000424E-007   1.5624999999999341E-002   129051327.94390054        1935769919138236.2        999806423107.36792        0.0000000000000000        0.0000000000000000        0.0000000000000000        0.0000000000000000        0.0000000000000000        0.0000000000000000        0.0000000000000000     
 -0.35156249999991757        0.0000000000000000        0.0000000000000000        3.5603770048763558E-004   0.0000000000000000        0.0000000000000000       -20283392.000000000        0.0000000000000000        0.0000000000000000        1.5624999999999999E-009   1.0000000000000532E-007   1.5624999999999162E-002   129051327.94389459        1935769919138127.2        999806423107.36792        0.0000000000000000        0.0000000000000000        0.0000000000000000        0.0000000000000000        0.0000000000000000        0.0000000000000000        0.0000000000000000     
 -0.33593749999991945        0.0000000000000000        0.0000000000000000       -2.6756688390745212E-004   0.0000000000000000        0.0000000000000000        2097152.0000000000        0.0000000000000000        0.0000000000000000        1.5624999999999999E-009   1.0000000000001312E-007   1.5624999999997956E-002   129051327.94390604        1935769919138146.5        999806423107.36792        0.0000000000000000        0.0000000000000000        0.0000000000000000        0.0000000000000000        0.0000000000000000        0.0000000000000000        0.0000000000000000     
 -0.32031249999992167        0.0000000000000000        0.0000000000000000        3.6280658132023861E-004   0.0000000000000000        0.0000000000000000        16695296.000000272        0.0000000000000000        0.0000000000000000        1.5624999999999999E-009   1.0000000000001064E-007   1.5624999999998335E-002   129051327.94388463        1935769919137874.5        999806423107.36792        0.0000000000000000        0.0000000000000000        0.0000000000000000        0.0000000000000000        0.0000000000000000        0.0000000000000000        0.0000000000000000     
 -0.30468749999992278        0.0000000000000000        0.0000000000000000       -2.7527785610885182E-004   0.0000000000000000        0.0000000000000000       -28065792.000000086        0.0000000000000000        0.0000000000000000        1.5624999999999999E-009   1.0000000000001544E-007   1.5624999999997587E-002   129051327.94392833        1935769919138436.5        999806423107.36792        0.0000000000000000        0.0000000000000000        0.0000000000000000        0.0000000000000000        0.0000000000000000        0.0000000000000000        0.0000000000000000     
 -0.28906249999992650        0.0000000000000000        0.0000000000000000        2.8344971814205555E-004   0.0000000000000000        0.0000000000000000        31309823.999999963        0.0000000000000000        0.0000000000000000        1.5624999999999999E-009   1.0000000000001686E-007   1.5624999999997368E-002   129051327.94393493        1935769919138508.2        999806423107.36792        0.0000000000000000        0.0000000000000000        0.0000000000000000        0.0000000000000000        0.0000000000000000        0.0000000000000000        0.0000000000000000     
 -0.27343749999992806        0.0000000000000000        0.0000000000000000       -2.1561056777264767E-004   0.0000000000000000        0.0000000000000000       -30834688.000000030        0.0000000000000000        0.0000000000000000        1.5624999999999999E-009   1.0000000000001773E-007   1.5624999999997230E-002   129051327.94390370        1935769919138022.8        999806423107.36792        0.0000000000000000        0.0000000000000000        0.0000000000000000        0.0000000000000000        0.0000000000000000        0.0000000000000000        0.0000000000000000     
 -0.25781249999993205        0.0000000000000000        0.0000000000000000        2.0538450126785461E-004   0.0000000000000000        0.0000000000000000        28934144.000000000        0.0000000000000000        0.0000000000000000        1.5624999999999999E-009   1.0000000000001855E-007   1.5624999999997105E-002   129051327.94390792        1935769919138069.8        999806423107.36792        0.0000000000000000        0.0000000000000000        0.0000000000000000        0.0000000000000000        0.0000000000000000        0.0000000000000000        0.0000000000000000     
 -0.24218749999993386        0.0000000000000000        0.0000000000000000       -1.8012340789723056E-004   0.0000000000000000        0.0000000000000000       -18563072.000001676        0.0000000000000000        0.0000000000000000        1.5624999999999999E-009   1.0000000000001731E-007   1.5624999999997289E-002   129051327.94390221        1935769919138009.2        999806423107.36792        0.0000000000000000        0.0000000000000000        0.0000000000000000        0.0000000000000000        0.0000000000000000        0.0000000000000000        0.0000000000000000     
 -0.22656249999993747        0.0000000000000000        0.0000000000000000        2.1296502720509987E-004   0.0000000000000000        0.0000000000000000        2408448.0000000000        0.0000000000000000        0.0000000000000000        1.5624999999999999E-009   1.0000000000002370E-007   1.5624999999996302E-002   129051327.94392627        1935769919138245.2        999806423107.36792        0.0000000000000000        0.0000000000000000        0.0000000000000000        0.0000000000000000        0.0000000000000000        0.0000000000000000        0.0000000000000000     
 -0.21093749999994127        0.0000000000000000        0.0000000000000000       -1.8440881158897175E-004   0.0000000000000000        0.0000000000000000        9224192.0000000000        0.0000000000000000        0.0000000000000000        1.5624999999999999E-009   1.0000000000002263E-007   1.5624999999996461E-002   129051327.94391358        1935769919138076.2        999806423107.36792        0.0000000000000000        0.0000000000000000        0.0000000000000000        0.0000000000000000        0.0000000000000000        0.0000000000000000        0.0000000000000000     
 -0.19531249999994454        0.0000000000000000        0.0000000000000000        1.3170283603368890E-004   0.0000000000000000        0.0000000000000000       -17612800.000000000        0.0000000000000000        0.0000000000000000        1.5624999999999999E-009   1.0000000000002504E-007   1.5624999999996092E-002   129051327.94392940        1935769919138266.8        999806423107.36792        0.0000000000000000        0.0000000000000000        0.0000000000000000        0.0000000000000000        0.0000000000000000        0.0000000000000000        0.0000000000000000     
 -0.17968749999994910        0.0000000000000000        0.0000000000000000       -1.0207622728299995E-004   0.0000000000000000        0.0000000000000000        28229632.000000000        0.0000000000000000        0.0000000000000000        1.5624999999999999E-009   1.0000000000002281E-007   1.5624999999996432E-002   129051327.94392377        1935769919138225.8        999806423107.36792        0.0000000000000000        0.0000000000000000        0.0000000000000000        0.0000000000000000        0.0000000000000000        0.0000000000000000        0.0000000000000000     
 -0.16406249999995168        0.0000000000000000        0.0000000000000000        5.6337283048915821E-005   0.0000000000000000        0.0000000000000000       -35454976.000000089        0.0000000000000000        0.0000000000000000        1.5624999999999999E-009   1.0000000000002591E-007   1.5624999999995955E-002   129051327.94391133        1935769919137978.8        999806423107.36792        0.0000000000000000        0.0000000000000000        0.0000000000000000        0.0000000000000000        0.0000000000000000        0.0000000000000000        0.0000000000000000     
 -0.14843749999995720        0.0000000000000000        0.0000000000000000        2.7207530226026760E-005   0.0000000000000000        0.0000000000000000        39878656.000000000        0.0000000000000000        0.0000000000000000        1.5624999999999999E-009   1.0000000000002734E-007   1.5624999999995727E-002   129051327.94392556        1935769919138165.0        999806423107.36792        0.0000000000000000        0.0000000000000000        0.0000000000000000        0.0000000000000000        0.0000000000000000        0.0000000000000000        0.0000000000000000     
 -0.13281249999996023        0.0000000000000000        0.0000000000000000       -3.8102965932770139E-005   0.0000000000000000        0.0000000000000000       -44023808.000000000        0.0000000000000000        0.0000000000000000        1.5624999999999999E-009   1.0000000000003136E-007   1.5624999999995101E-002   129051327.94393605        1935769919138244.0        999806423107.36792        0.0000000000000000        0.0000000000000000        0.0000000000000000        0.0000000000000000        0.0000000000000000        0.0000000000000000        0.0000000000000000     
 -0.11718749999996701        0.0000000000000000        0.0000000000000000        1.1699026484775136E-004   0.0000000000000000        0.0000000000000000        47284224.000000000        0.0000000000000000        0.0000000000000000        1.5624999999999999E-009   1.0000000000003418E-007   1.5624999999994659E-002   129051327.94394006        1935769919138249.8        999806423107.36792        0.0000000000000000        0.0000000000000000        0.0000000000000000        0.0000000000000000        0.0000000000000000        0.0000000000000000        0.0000000000000000     
 -0.10156249999997091        0.0000000000000000        0.0000000000000000       -8.8956277162516984E-005   0.0000000000000000        0.0000000000000000       -51658752.000000000        0.0000000000000000        0.0000000000000000        1.5624999999999999E-009   1.0000000000003901E-007   1.5624999999993906E-002   129051327.94394639        1935769919138251.2        999806423107.36792        0.0000000000000000        0.0000000000000000        0.0000000000000000        0.0000000000000000        0.0000000000000000        0.0000000000000000        0.0000000000000000     
  -8.5937499999979211E-002   0.0000000000000000        0.0000000000000000        1.5321432091542416E-004   0.0000000000000000        0.0000000000000000        48300032.000000000        0.0000000000000000        0.0000000000000000        1.5624999999999999E-009   1.0000000000004186E-007   1.5624999999993462E-002   129051327.94395235        1935769919138285.5        999806423107.36792        0.0000000000000000        0.0000000000000000        0.0000000000000000        0.0000000000000000        0.0000000000000000        0.0000000000000000        0.0000000000000000     
  -7.0312499999983999E-002   0.0000000000000000        0.0000000000000000       -8.0853047310135227E-005   0.0000000000000000        0.0000000000000000       -39419903.999999784        0.0000000000000000        0.0000000000000000        1.5624999999999999E-009   1.0000000000003966E-007   1.5624999999993802E-002   129051327.94395173        1935769919138319.0        999806423107.36792        0.0000000000000000        0.0000000000000000        0.0000000000000000        0.0000000000000000        0.0000000000000000        0.0000000000000000        0.0000000000000000     
  -5.4687499999991611E-002   0.0000000000000000        0.0000000000000000        7.3677282459444526E-005   0.0000000000000000        0.0000000000000000        32407552.000000000        0.0000000000000000        0.0000000000000000        1.5624999999999999E-009   1.0000000000004072E-007   1.5624999999993642E-002   129051327.94395065        1935769919138281.8        999806423107.36792        0.0000000000000000        0.0000000000000000        0.0000000000000000        0.0000000000000000        0.0000000000000000        0.0000000000000000        0.0000000000000000     
  -3.9062499999996732E-002   0.0000000000000000        0.0000000000000000       -6.1921076623473387E-005   0.0000000000000000        0.0000000000000000       -23330815.999999747        0.0000000000000000        0.0000000000000000        1.5624999999999999E-009   1.0000000000003832E-007   1.5624999999994010E-002   129051327.94394578        1935769919138255.8        999806423107.36792        0.0000000000000000        0.0000000000000000        0.0000000000000000        0.0000000000000000        0.0000000000000000        0.0000000000000000        0.0000000000000000     
  -2.3437500000003594E-002   0.0000000000000000        0.0000000000000000        3.0536857342106739E-005   0.0000000000000000        0.0000000000000000        13467648.000000000        0.0000000000000000        0.0000000000000000        1.5624999999999999E-009   1.0000000000004096E-007   1.5624999999993602E-002   129051327.94395128        1935769919138286.8        999806423107.36792        0.0000000000000000        0.0000000000000000        0.0000000000000000        0.0000000000000000        0.0000000000000000        0.0000000000000000        0.0000000000000000     
  -7.8125000000095358E-003   0.0000000000000000        0.0000000000000000       -2.1643609781678675E-005   0.0000000000000000        0.0000000000000000       -4096000.0000002785        0.0000000000000000        0.0000000000000000        1.5624999999999999E-009   1.0000000000003917E-007   1.5624999999993876E-002   129051327.94394608        1935769919138243.8        999806423107.36792        0.0000000000000000        0.0000000000000000        0.0000000000000000        0.0000000000000000        0.0000000000000000        0.0000000000000000        0.0000000000000000     
   7.8124999999841646E-003   0.0000000000000000        0.0000000000000000       -3.8564424852400431E-005   0.0000000000000000        0.0000000000000000       -8519680.0000000000        0.0000000000000000        0.0000000000000000        1.5624999999999999E-009   1.0000000000004171E-007   1.5624999999993490E-002   129051327.94395126        1935769919138271.8        999806423107.36792        0.0000000000000000        0.0000000000000000        0.0000000000000000        0.0000000000000000        0.0000000000000000        0.0000000000000000        0.0000000000000000     
   2.3437499999977424E-002   0.0000000000000000        0.0000000000000000        4.8512284605270035E-005   0.0000000000000000        0.0000000000000000        21561344.000001028        0.0000000000000000        0.0000000000000000        1.5624999999999999E-009   1.0000000000003681E-007   1.5624999999994244E-002   129051327.94394112        1935769919138214.8        999806423107.36792        0.0000000000000000        0.0000000000000000        0.0000000000000000        0.0000000000000000        0.0000000000000000        0.0000000000000000        0.0000000000000000     
   3.9062499999972654E-002   0.0000000000000000        0.0000000000000000       -8.4309771612728216E-005   0.0000000000000000        0.0000000000000000       -30785536.000000000        0.0000000000000000        0.0000000000000000        1.5624999999999999E-009   1.0000000000003688E-007   1.5624999999994242E-002   129051327.94394585        1935769919138284.2        999806423107.36792        0.0000000000000000        0.0000000000000000        0.0000000000000000        0.0000000000000000        0.0000000000000000        0.0000000000000000        0.0000000000000000     
   5.4687499999965895E-002   0.0000000000000000        0.0000000000000000        1.1447640987418272E-004   0.0000000000000000        0.0000000000000000        39944192.000000000        0.0000000000000000        0.0000000000000000        1.5624999999999999E-009   1.0000000000003327E-007   1.5624999999994798E-002   129051327.94393535        1935769919138197.0        999806423107.36792        0.0000000000000000        0.0000000000000000        0.0000000000000000        0.0000000000000000        0.0000000000000000        0.0000000000000000        0.0000000000000000     
   7.0312499999962252E-002   0.0000000000000000        0.0000000000000000       -1.4380208742909489E-004   0.0000000000000000        0.0000000000000000       -47546368.000000000        0.0000000000000000        0.0000000000000000        1.5624999999999999E-009   1.0000000000003476E-007   1.5624999999994570E-002   129051327.94393724        1935769919138195.8        999806423107.36792        0.0000000000000000        0.0000000000000000        0.0000000000000000        0.0000000000000000        0.0000000000000000        0.0000000000000000        0.0000000000000000     
   8.5937499999955022E-002   0.0000000000000000        0.0000000000000000        5.6471342126466231E-005   0.0000000000000000        0.0000000000000000        50216960.000000015        0.0000000000000000        0.0000000000000000        1.5624999999999999E-009   1.0000000000003427E-007   1.5624999999994647E-002   129051327.94393593        1935769919138186.0        999806423107.36792        0.0000000000000000        0.0000000000000000        0.0000000000000000        0.0000000000000000        0.0000000000000000        0.0000000000000000        0.0000000000000000     
  0.10156249999995154        0.0000000000000000        0.0000000000000000       -7.3731689653526753E-005   0.0000000000000000        0.0000000000000000       -50954240.000000000        0.0000000000000000        0.0000000000000000        1.5624999999999999E-009   1.0000000000003404E-007   1.5624999999994683E-002   129051327.94393905        1935769919138237.5        999806423107.36792        0.0000000000000000        0.0000000000000000        0.0000000000000000        0.0000000000000000        0.0000000000000000        0.0000000000000000        0.0000000000000000     
  0.11718749999994438        0.0000000000000000        0.0000000000000000        4.1430352553570933E-005   0.0000000000000000        0.0000000000000000        48578560.000000000        0.0000000000000000        0.0000000000000000        1.5624999999999999E-009   1.0000000000003347E-007   1.5624999999994772E-002   129051327.94393688        1935769919138215.8        999806423107.36792        0.0000000000000000        0.0000000000000000        0.0000000000000000        0.0000000000000000        0.0000000000000000        0.0000000000000000        0.0000000000000000     
  0.13281249999994107        0.0000000000000000        0.0000000000000000        2.6273622612087819E-005   0.0000000000000000        0.0000000000000000       -43696128.000000000        0.0000000000000000        0.0000000000000000        1.5624999999999999E-009   1.0000000000003017E-007   1.5624999999995285E-002   129051327.94392899        1935769919138161.8        999806423107.36792        0.0000000000000000        0.0000000000000000        0.0000000000000000        0.0000000000000000        0.0000000000000000        0.0000000000000000        0.0000000000000000     
  0.14843749999993494        0.0000000000000000        0.0000000000000000       -2.9507550102757495E-005   0.0000000000000000        0.0000000000000000        36995072.000000000        0.0000000000000000        0.0000000000000000        1.5624999999999999E-009   1.0000000000002886E-007   1.5624999999995493E-002   129051327.94392577        1935769919138138.2        999806423107.36792        0.0000000000000000        0.0000000000000000        0.0000000000000000        0.0000000000000000        0.0000000000000000        0.0000000000000000        0.0000000000000000     
  0.16406249999993205        0.0000000000000000        0.0000000000000000        1.1814840162994934E-004   0.0000000000000000        0.0000000000000000       -25706495.999998622        0.0000000000000000        0.0000000000000000        1.5624999999999999E-009   1.0000000000002318E-007   1.5624999999996374E-002   129051327.94391999        1935769919138161.8        999806423107.36792        0.0000000000000000        0.0000000000000000        0.0000000000000000        0.0000000000000000        0.0000000000000000        0.0000000000000000        0.0000000000000000     
  0.17968749999992770        0.0000000000000000        0.0000000000000000       -1.5502060736876115E-004   0.0000000000000000        0.0000000000000000        14712832.000000000        0.0000000000000000        0.0000000000000000        1.5624999999999999E-009   1.0000000000002398E-007   1.5624999999996256E-002   129051327.94391865        1935769919138125.8        999806423107.36792        0.0000000000000000        0.0000000000000000        0.0000000000000000        0.0000000000000000        0.0000000000000000        0.0000000000000000        0.0000000000000000     
  0.19531249999992456        0.0000000000000000        0.0000000000000000        1.3024738641537545E-004   0.0000000000000000        0.0000000000000000       -6455295.9999996023        0.0000000000000000        0.0000000000000000        1.5624999999999999E-009   1.0000000000002093E-007   1.5624999999996727E-002   129051327.94392420        1935769919138268.8        999806423107.36792        0.0000000000000000        0.0000000000000000        0.0000000000000000        0.0000000000000000        0.0000000000000000        0.0000000000000000        0.0000000000000000     
  0.21093749999992115        0.0000000000000000        0.0000000000000000       -2.0966077891593972E-004   0.0000000000000000        0.0000000000000000       -6144000.0000000000        0.0000000000000000        0.0000000000000000        1.5624999999999999E-009   1.0000000000002201E-007   1.5624999999996569E-002   129051327.94392729        1935769919138293.2        999806423107.36792        0.0000000000000000        0.0000000000000000        0.0000000000000000        0.0000000000000000        0.0000000000000000        0.0000000000000000        0.0000000000000000     
  0.22656249999991768        0.0000000000000000        0.0000000000000000        1.8642874529531097E-004   0.0000000000000000        0.0000000000000000        23969792.000001863        0.0000000000000000        0.0000000000000000        1.5624999999999999E-009   1.0000000000001543E-007   1.5624999999997585E-002   129051327.94390085        1935769919138025.2        999806423107.36792        0.0000000000000000        0.0000000000000000        0.0000000000000000        0.0000000000000000        0.0000000000000000        0.0000000000000000        0.0000000000000000     
  0.24218749999991632        0.0000000000000000        0.0000000000000000       -1.6397632831873456E-004   0.0000000000000000        0.0000000000000000       -39796736.000000000        0.0000000000000000        0.0000000000000000        1.5624999999999999E-009   1.0000000000001792E-007   1.5624999999997205E-002   129051327.94390708        1935769919138069.8        999806423107.36792        0.0000000000000000        0.0000000000000000        0.0000000000000000        0.0000000000000000        0.0000000000000000        0.0000000000000000        0.0000000000000000     
  0.25781249999991207        0.0000000000000000        0.0000000000000000        1.2738139510666522E-004   0.0000000000000000        0.0000000000000000        50380799.999999970        0.0000000000000000        0.0000000000000000        1.5624999999999999E-009   1.0000000000001465E-007   1.5624999999997707E-002   129051327.94391045        1935769919138184.0        999806423107.36792        0.0000000000000000        0.0000000000000000        0.0000000000000000        0.0000000000000000        0.0000000000000000        0.0000000000000000        0.0000000000000000     
  0.27343749999991174        0.0000000000000000        0.0000000000000000       -1.5315834691290045E-004   0.0000000000000000        0.0000000000000000       -58507264.000000000        0.0000000000000000        0.0000000000000000        1.5624999999999999E-009   1.0000000000001543E-007   1.5624999999997592E-002   129051327.94388974        1935769919137857.8        999806423107.36792        0.0000000000000000        0.0000000000000000        0.0000000000000000        0.0000000000000000        0.0000000000000000        0.0000000000000000        0.0000000000000000     
  0.28906249999990724        0.0000000000000000        0.0000000000000000        1.3379357451589945E-004   0.0000000000000000        0.0000000000000000        61276160.000000305        0.0000000000000000        0.0000000000000000        1.5624999999999999E-009   1.0000000000001278E-007   1.5624999999998002E-002   129051327.94388872        1935769919137894.0        999806423107.36792        0.0000000000000000        0.0000000000000000        0.0000000000000000        0.0000000000000000        0.0000000000000000        0.0000000000000000        0.0000000000000000     
  0.30468749999990774        0.0000000000000000        0.0000000000000000       -2.1523621942956154E-004   0.0000000000000000        0.0000000000000000       -56246272.000000022        0.0000000000000000        0.0000000000000000        1.5624999999999999E-009   1.0000000000000939E-007   1.5624999999998532E-002   129051327.94391772        1935769919138394.8        999806423107.36792        0.0000000000000000        0.0000000000000000        0.0000000000000000        0.0000000000000000        0.0000000000000000        0.0000000000000000        0.0000000000000000     
  0.32031249999990430        0.0000000000000000        0.0000000000000000        2.0699088862289523E-004   0.0000000000000000        0.0000000000000000        44597248.000000000        0.0000000000000000        0.0000000000000000        1.5624999999999999E-009   1.0000000000001009E-007   1.5624999999998427E-002   129051327.94390143        1935769919138136.5        999806423107.36792        0.0000000000000000        0.0000000000000000        0.0000000000000000        0.0000000000000000        0.0000000000000000        0.0000000000000000        0.0000000000000000     
  0.33593749999990458        0.0000000000000000        0.0000000000000000       -3.0294792829364868E-004   0.0000000000000000        0.0000000000000000       -31309824.000000000        0.0000000000000000        0.0000000000000000        1.5624999999999999E-009   1.0000000000000424E-007   1.5624999999999336E-002   129051327.94389141        1935769919138099.8        999806423107.36792        0.0000000000000000        0.0000000000000000        0.0000000000000000        0.0000000000000000        0.0000000000000000        0.0000000000000000        0.0000000000000000     
  0.35156249999990297        0.0000000000000000        0.0000000000000000        3.0238918940608930E-004   0.0000000000000000        0.0000000000000000        18694144.000000000        0.0000000000000000        0.0000000000000000        1.5624999999999999E-009   1.0000000000000424E-007   1.5624999999999341E-002   129051327.94389309        1935769919138124.5        999806423107.36792        0.0000000000000000        0.0000000000000000        0.0000000000000000        0.0000000000000000        0.0000000000000000        0.0000000000000000        0.0000000000000000     
  0.36718749999990324        0.0000000000000000        0.0000000000000000       -3.9004151704524336E-004   0.0000000000000000        0.0000000000000000       -4079615.9999988498        0.0000000000000000        0.0000000000000000        1.5624999999999999E-009   9.9999999999998566E-008   1.5625000000000215E-002   129051327.94387555        1935769919137972.0        999806423107.36792        0.0000000000000000        0.0000000000000000        0.0000000000000000        0.0000000000000000        0.0000000000000000        0.0000000000000000        0.0000000000000000     
  0.38281249999990341        0.0000000000000000        0.0000000000000000        2.6775228523407205E-004   0.0000000000000000        0.0000000000000000       -13451264.000000000        0.0000000000000000        0.0000000000000000        1.5624999999999999E-009   1.0000000000000087E-007   1.5624999999999872E-002   129051327.94389583        1935769919138230.8        999806423107.36792        0.0000000000000000        0.0000000000000000        0.0000000000000000        0.0000000000000000        0.0000000000000000        0.0000000000000000        0.0000000000000000     
  0.39843749999990297        0.0000000000000000        0.0000000000000000       -3.3231048901213368E-004   0.0000000000000000        0.0000000000000000        27852800.000000000        0.0000000000000000        0.0000000000000000        1.5624999999999999E-009   9.9999999999994662E-008   1.5625000000000829E-002   129051327.94387889        1935769919138097.5        999806423107.36792        0.0000000000000000        0.0000000000000000        0.0000000000000000        0.0000000000000000        0.0000000000000000        0.0000000000000000        0.0000000000000000     
  0.41406249999990508        0.0000000000000000        0.0000000000000000        2.0419733064852333E-004   0.0000000000000000        0.0000000000000000       -36864000.000000000        0.0000000000000000        0.0000000000000000        1.5624999999999999E-009   9.9999999999993418E-008   1.5625000000001030E-002   129051327.94387616        1935769919138080.2        999806423107.36792        0.0000000000000000        0.0000000000000000        0.0000000000000000        0.0000000000000000        0.0000000000000000        0.0000000000000000        0.0000000000000000     
  0.42968749999990502        0.0000000000000000        0.0000000000000000       -2.2725894441126917E-004   0.0000000000000000        0.0000000000000000        47874048.000001058        0.0000000000000000        0.0000000000000000        1.5624999999999999E-009   9.9999999999988441E-008   1.5625000000001801E-002   129051327.94387755        1935769919138198.0        999806423107.36792        0.0000000000000000        0.0000000000000000        0.0000000000000000        0.0000000000000000        0.0000000000000000        0.0000000000000000        0.0000000000000000     
  0.44531249999990868        0.0000000000000000        0.0000000000000000        2.2922456452863579E-005   0.0000000000000000        0.0000000000000000       -62210048.000000000        0.0000000000000000        0.0000000000000000        1.5624999999999999E-009   9.9999999999990043E-008   1.5625000000001561E-002   129051327.94387463        1935769919138122.2        999806423107.36792        0.0000000000000000        0.0000000000000000        0.0000000000000000        0.0000000000000000        0.0000000000000000        0.0000000000000000        0.0000000000000000     
  0.46093749999990813        0.0000000000000000        0.0000000000000000        7.5883058880429183E-005   0.0000000000000000        0.0000000000000000        78004224.000001475        0.0000000000000000        0.0000000000000000        1.5624999999999999E-009   9.9999999999984167E-008   1.5625000000002467E-002   129051327.94385123        1935769919137886.0        999806423107.36792        0.0000000000000000        0.0000000000000000        0.0000000000000000        0.0000000000000000        0.0000000000000000        0.0000000000000000        0.0000000000000000     
  0.47656249999991362        0.0000000000000000        0.0000000000000000       -2.5551082535567196E-004   0.0000000000000000        0.0000000000000000       -92618752.000000000        0.0000000000000000        0.0000000000000000        1.5624999999999999E-009   9.9999999999986125E-008   1.5625000000002172E-002   129051327.94386420        1935769919138041.8        999806423107.36792        0.0000000000000000        0.0000000000000000        0.0000000000000000        0.0000000000000000        0.0000000000000000        0.0000000000000000        0.0000000000000000     
  0.49218749999991246        0.0000000000000000        0.0000000000000000        3.1371127716644398E-004   0.0000000000000000        0.0000000000000000        100302848.00000066        0.0000000000000000        0.0000000000000000        1.5624999999999999E-009   9.9999999999982221E-008   1.5625000000002779E-002   129051327.94391401        1935769919138865.2        999806423107.36792        0.0000000000000000        0.0000000000000000        0.0000000000000000        0.0000000000000000        0.0000000000000000        0.0000000000000000        0.0000000000000000     
  0.50781249999991918        0.0000000000000000        0.0000000000000000       -4.5102986469278209E-004   0.0000000000000000        0.0000000000000000       -98172928.000000000        0.0000000000000000        0.0000000000000000        1.5624999999999999E-009   9.9999999999980275E-008   1.5625000000003077E-002   129051327.94383210        1935769919137674.0        999806423107.36792        0.0000000000000000        0.0000000000000000        0.0000000000000000        0.0000000000000000        0.0000000000000000        0.0000000000000000        0.0000000000000000     
  0.52343749999991862        0.0000000000000000        0.0000000000000000        4.7020140616371221E-004   0.0000000000000000        0.0000000000000000        86081536.000000000        0.0000000000000000        0.0000000000000000        1.5624999999999999E-009   9.9999999999982234E-008   1.5625000000002779E-002   129051327.94383892        1935769919137737.8        999806423107.36792        0.0000000000000000        0.0000000000000000        0.0000000000000000        0.0000000000000000        0.0000000000000000        0.0000000000000000        0.0000000000000000     
  0.53906249999992473        0.0000000000000000        0.0000000000000000       -6.5803831230301982E-004   0.0000000000000000        0.0000000000000000       -68075520.000000000        0.0000000000000000        0.0000000000000000        1.5624999999999999E-009   9.9999999999977258E-008   1.5625000000003546E-002   129051327.94388020        1935769919138454.2        999806423107.36792        0.0000000000000000        0.0000000000000000        0.0000000000000000        0.0000000000000000        0.0000000000000000        0.0000000000000000        0.0000000000000000     
  0.55468749999992573        0.0000000000000000        0.0000000000000000        5.9820757454570953E-004   0.0000000000000000        0.0000000000000000        43253760.000000000        0.0000000000000000        0.0000000000000000        1.5624999999999999E-009   9.9999999999982221E-008   1.5625000000002786E-002   129051327.94381441        1935769919137370.0        999806423107.36792        0.0000000000000000        0.0000000000000000        0.0000000000000000        0.0000000000000000        0.0000000000000000        0.0000000000000000        0.0000000000000000     
  0.57031249999993028        0.0000000000000000        0.0000000000000000       -6.3454486367254409E-004   0.0000000000000000        0.0000000000000000       -10698751.999997150        0.0000000000000000        0.0000000000000000        1.5624999999999999E-009   9.9999999999974055E-008   1.5625000000004042E-002   129051327.94385941        1935769919138205.0        999806423107.36792        0.0000000000000000        0.0000000000000000        0.0000000000000000        0.0000000000000000        0.0000000000000000        0.0000000000000000        0.0000000000000000     
  0.58593749999993383        0.0000000000000000        0.0000000000000000        5.7239453959141088E-004   0.0000000000000000        0.0000000000000000       -25214976.000000000        0.0000000000000000        0.0000000000000000        1.5624999999999999E-009   9.9999999999983280E-008   1.5625000000002619E-002   129051327.94388050        1935769919138340.5        999806423107.36792        0.0000000000000000        0.0000000000000000        0.0000000000000000        0.0000000000000000        0.0000000000000000        0.0000000000000000        0.0000000000000000     
  0.60156249999993550        0.0000000000000000        0.0000000000000000       -5.6593458605643735E-004   0.0000000000000000        0.0000000000000000        57458688.000002153        0.0000000000000000        0.0000000000000000        1.5624999999999999E-009   9.9999999999976199E-008   1.5625000000003709E-002   129051327.94382364        1935769919137626.5        999806423107.36792        0.0000000000000000        0.0000000000000000        0.0000000000000000        0.0000000000000000        0.0000000000000000        0.0000000000000000        0.0000000000000000     
  0.61718749999994127        0.0000000000000000        0.0000000000000000        4.7400664646919980E-004   0.0000000000000000        0.0000000000000000       -84000768.000000000        0.0000000000000000        0.0000000000000000        1.5624999999999999E-009   9.9999999999982936E-008   1.5625000000002675E-002   129051327.94389398        1935769919138549.8        999806423107.36792        0.0000000000000000        0.0000000000000000        0.0000000000000000        0.0000000000000000        0.0000000000000000        0.0000000000000000        0.0000000000000000     
  0.63281249999994083        0.0000000000000000        0.0000000000000000       -3.8045264355885750E-004   0.0000000000000000        0.0000000000000000        110133247.99999781        0.0000000000000000        0.0000000000000000        1.5624999999999999E-009   9.9999999999978317E-008   1.5625000000003376E-002   129051327.94392905        1935769919139166.8        999806423107.36792        0.0000000000000000        0.0000000000000000        0.0000000000000000        0.0000000000000000        0.0000000000000000        0.0000000000000000        0.0000000000000000     
  0.64843749999994804        0.0000000000000000        0.0000000000000000        2.9060287999043110E-004   0.0000000000000000        0.0000000000000000       -133857280.00000000        0.0000000000000000        0.0000000000000000        1.5624999999999999E-009   9.9999999999986840E-008   1.5625000000002061E-002   129051327.94391116        1935769919138732.2        999806423107.36792        0.0000000000000000        0.0000000000000000        0.0000000000000000        0.0000000000000000        0.0000000000000000        0.0000000000000000        0.0000000000000000     
  0.66406249999994493        0.0000000000000000        0.0000000000000000       -2.2344815239537259E-004   0.0000000000000000        0.0000000000000000        146800640.00000000        0.0000000000000000        0.0000000000000000        1.5624999999999999E-009   9.9999999999985781E-008   1.5625000000002217E-002   129051327.94386061        1935769919137995.0        999806423107.36792        0.0000000000000000        0.0000000000000000        0.0000000000000000        0.0000000000000000        0.0000000000000000        0.0000000000000000        0.0000000000000000     
  0.67968749999995248        0.0000000000000000        0.0000000000000000        3.8556083547487425E-005   0.0000000000000000        0.0000000000000000       -149815296.00000000        0.0000000000000000        0.0000000000000000        1.5624999999999999E-009   9.9999999999987211E-008   1.5625000000001998E-002   129051327.94385764        1935769919137922.8        999806423107.36792        0.0000000000000000        0.0000000000000000        0.0000000000000000        0.0000000000000000        0.0000000000000000        0.0000000000000000        0.0000000000000000     
  0.69531249999994893        0.0000000000000000        0.0000000000000000        6.6824126959256987E-005   0.0000000000000000        0.0000000000000000        148930560.00000000        0.0000000000000000        0.0000000000000000        1.5624999999999999E-009   9.9999999999987555E-008   1.5625000000001943E-002   129051327.94391638        1935769919138797.0        999806423107.36792        0.0000000000000000        0.0000000000000000        0.0000000000000000        0.0000000000000000        0.0000000000000000        0.0000000000000000        0.0000000000000000     
  0.71093749999995637        0.0000000000000000        0.0000000000000000       -2.2453897921468873E-004   0.0000000000000000        0.0000000000000000       -139100159.99999994        0.0000000000000000        0.0000000000000000        1.5624999999999999E-009   9.9999999999986496E-008   1.5625000000002106E-002   129051327.94393028        1935769919139026.5        999806423107.36792        0.0000000000000000        0.0000000000000000        0.0000000000000000        0.0000000000000000        0.0000000000000000        0.0000000000000000        0.0000000000000000     
  0.72656249999995315        0.0000000000000000        0.0000000000000000        3.0774707658999751E-004   0.0000000000000000        0.0000000000000000        118652928.00000000        0.0000000000000000        0.0000000000000000        1.5624999999999999E-009   9.9999999999993232E-008   1.5625000000001062E-002   129051327.94389369        1935769919138346.2        999806423107.36792        0.0000000000000000        0.0000000000000000        0.0000000000000000        0.0000000000000000        0.0000000000000000        0.0000000000000000        0.0000000000000000     
  0.74218749999995848        0.0000000000000000        0.0000000000000000       -4.7138823881847573E-004   0.0000000000000000        0.0000000000000000       -97026047.999999344        0.0000000000000000        0.0000000000000000        1.5624999999999999E-009   9.9999999999989328E-008   1.5625000000001658E-002   129051327.94389190        1935769919138396.0        999806423107.36792        0.0000000000000000        0.0000000000000000        0.0000000000000000        0.0000000000000000        0.0000000000000000        0.0000000000000000        0.0000000000000000     
  0.75781249999995648        0.0000000000000000        0.0000000000000000        5.9634845112233764E-004   0.0000000000000000        0.0000000000000000        74694656.000000000        0.0000000000000000        0.0000000000000000        1.5624999999999999E-009   9.9999999999995019E-008   1.5625000000000784E-002   129051327.94393563        1935769919138940.5        999806423107.36792        0.0000000000000000        0.0000000000000000        0.0000000000000000        0.0000000000000000        0.0000000000000000        0.0000000000000000        0.0000000000000000     
  0.77343749999996003        0.0000000000000000        0.0000000000000000       -6.6060362291274878E-004   0.0000000000000000        0.0000000000000000       -48168960.000003643        0.0000000000000000        0.0000000000000000        1.5624999999999999E-009   9.9999999999990043E-008   1.5625000000001544E-002   129051327.94390941        1935769919138645.0        999806423107.36792        0.0000000000000000        0.0000000000000000        0.0000000000000000        0.0000000000000000        0.0000000000000000        0.0000000000000000        0.0000000000000000     
  0.78906249999995959        0.0000000000000000        0.0000000000000000        5.8933164118850855E-004   0.0000000000000000        0.0000000000000000        19038208.000000000        0.0000000000000000        0.0000000000000000        1.5624999999999999E-009   9.9999999999999281E-008   1.5625000000000121E-002   129051327.94393565        1935769919138858.5        999806423107.36792        0.0000000000000000        0.0000000000000000        0.0000000000000000        0.0000000000000000        0.0000000000000000        0.0000000000000000        0.0000000000000000     
  0.80468749999996025        0.0000000000000000        0.0000000000000000       -6.1092998156891737E-004   0.0000000000000000        0.0000000000000000        4849663.9999994384        0.0000000000000000        0.0000000000000000        1.5624999999999999E-009   9.9999999999995363E-008   1.5625000000000711E-002   129051327.94388860        1935769919138230.0        999806423107.36792        0.0000000000000000        0.0000000000000000        0.0000000000000000        0.0000000000000000        0.0000000000000000        0.0000000000000000        0.0000000000000000     
  0.82031249999996103        0.0000000000000000        0.0000000000000000        5.3002593231823796E-004   0.0000000000000000        0.0000000000000000       -34930688.000000000        0.0000000000000000        0.0000000000000000        1.5624999999999999E-009   1.0000000000000070E-007   1.5624999999999906E-002   129051327.94389302        1935769919138191.2        999806423107.36792        0.0000000000000000        0.0000000000000000        0.0000000000000000        0.0000000000000000        0.0000000000000000        0.0000000000000000        0.0000000000000000     
  0.83593749999996003        0.0000000000000000        0.0000000000000000       -5.0240143230241346E-004   0.0000000000000000        0.0000000000000000        83066879.999993771        0.0000000000000000        0.0000000000000000        1.5624999999999999E-009   9.9999999999986853E-008   1.5625000000002037E-002   129051327.94391441        1935769919138782.5        999806423107.36792        0.0000000000000000        0.0000000000000000        0.0000000000000000        0.0000000000000000        0.0000000000000000        0.0000000000000000        0.0000000000000000     
  0.85156249999996514        0.0000000000000000        0.0000000000000000        2.8956826335489592E-004   0.0000000000000000        0.0000000000000000       -135315456.00000000        0.0000000000000000        0.0000000000000000        1.5624999999999999E-009   9.9999999999998910E-008   1.5625000000000187E-002   129051327.94393155        1935769919138803.5        999806423107.36792        0.0000000000000000        0.0000000000000000        0.0000000000000000        0.0000000000000000        0.0000000000000000        0.0000000000000000        0.0000000000000000     
  0.86718749999996037        0.0000000000000000        0.0000000000000000       -1.4785896058102234E-004   0.0000000000000000        0.0000000000000000        180453376.00000000        0.0000000000000000        0.0000000000000000        1.5624999999999999E-009   9.9999999999987184E-008   1.5625000000001988E-002   129051327.94389510        1935769919138486.2        999806423107.36792        0.0000000000000000        0.0000000000000000        0.0000000000000000        0.0000000000000000        0.0000000000000000        0.0000000000000000        0.0000000000000000     
  0.88281249999996914        0.0000000000000000        0.0000000000000000       -1.0799235620324442E-005   0.0000000000000000        0.0000000000000000       -211566592.00000000        0.0000000000000000        0.0000000000000000        1.5624999999999999E-009   9.9999999999993960E-008   1.5625000000000954E-002   129051327.94391698        1935769919138681.2        999806423107.36792        0.0000000000000000        0.0000000000000000        0.0000000000000000        0.0000000000000000        0.0000000000000000        0.0000000000000000        0.0000000000000000     
  0.89843749999996225        0.0000000000000000        0.0000000000000000       -2.9856759171529494E-006   0.0000000000000000        0.0000000000000000        229326848.00000000        0.0000000000000000        0.0000000000000000        1.5624999999999999E-009   9.9999999999989328E-008   1.5625000000001665E-002   129051327.94390596        1935769919138606.8        999806423107.36792        0.0000000000000000        0.0000000000000000        0.0000000000000000        0.0000000000000000        0.0000000000000000        0.0000000000000000        0.0000000000000000     
  0.91406249999997247        0.0000000000000000        0.0000000000000000       -4.0714043849858061E-005   0.0000000000000000        0.0000000000000000       -230539264.00000000        0.0000000000000000        0.0000000000000000        1.5624999999999999E-009   9.9999999999990056E-008   1.5625000000001547E-002   129051327.94392587        1935769919138891.5        999806423107.36792        0.0000000000000000        0.0000000000000000        0.0000000000000000        0.0000000000000000        0.0000000000000000        0.0000000000000000        0.0000000000000000     
  0.92968749999996536        0.0000000000000000        0.0000000000000000       -6.4836685229766185E-005   0.0000000000000000        0.0000000000000000        210501632.00000000        0.0000000000000000        0.0000000000000000        1.5624999999999999E-009   9.9999999999995019E-008   1.5625000000000788E-002   129051327.94393554        1935769919138939.2        999806423107.36792        0.0000000000000000        0.0000000000000000        0.0000000000000000        0.0000000000000000        0.0000000000000000        0.0000000000000000        0.0000000000000000     
  0.94531249999997402        0.0000000000000000        0.0000000000000000        2.4593046803426965E-004   0.0000000000000000        0.0000000000000000       -169721855.99999607        0.0000000000000000        0.0000000000000000        1.5624999999999999E-009   9.9999999999985424E-008   1.5625000000002259E-002   129051327.94386901        1935769919138129.2        999806423107.36792        0.0000000000000000        0.0000000000000000        0.0000000000000000        0.0000000000000000        0.0000000000000000        0.0000000000000000        0.0000000000000000     
  0.96093749999996991        0.0000000000000000        0.0000000000000000       -3.8808693854897134E-004   0.0000000000000000        0.0000000000000000        112050176.00000000        0.0000000000000000        0.0000000000000000        1.5624999999999999E-009   1.0000000000000034E-007   1.5624999999999965E-002   129051327.94393837        1935769919138878.0        999806423107.36792        0.0000000000000000        0.0000000000000000        0.0000000000000000        0.0000000000000000        0.0000000000000000        0.0000000000000000        0.0000000000000000     
  0.97656249999997391        0.0000000000000000        0.0000000000000000        4.9940828988528289E-004   0.0000000000000000        0.0000000000000000       -56229887.999990940        0.0000000000000000        0.0000000000000000        1.5624999999999999E-009   9.9999999999985781E-008   1.5625000000002203E-002   129051327.94393671        1935769919139137.5        999806423107.36792        0.0000000000000000        0.0000000000000000        0.0000000000000000        0.0000000000000000        0.0000000000000000        0.0000000000000000        0.0000000000000000     
  0.99218749999997435        0.0000000000000000        0.0000000000000000       -5.7700984477918125E-004   0.0000000000000000        0.0000000000000000        16826368.000000000        0.0000000000000000        0.0000000000000000        1.5624999999999999E-009   9.9999999999994662E-008   1.5625000000000843E-002   129051327.94391662        1935769919138662.2        999806423107.36792        0.0000000000000000        0.0000000000000000        0.0000000000000000        0.0000000000000000        0.0000000000000000        0.0000000000000000        0.0000000000000000     
   1.0078124999999756        0.0000000000000000        0.0000000000000000        0.0000000000000000        0.0000000000000000        0.0000000000000000        0.0000000000000000        0.0000000000000000        0.0000000000000000        0.0000000000000000        0.0000000000000000        0.0000000000000000        0.0000000000000000        0.0000000000000000        0.0000000000000000        0.0000000000000000        0.0000000000000000        0.0000000000000000        0.0000000000000000        0.0000000000000000        0.0000000000000000        0.0000000000000000     
   1.0234374999999774        0.0000000000000000        0.0000000000000000        0.0000000000000000        0.0000000000000000        0.0000000000000000        0.0000000000000000        0.0000000000000000        0.0000000000000000        0.0000000000000000        0.0000000000000000        0.0000000000000000        0.0000000000000000        0.0000000000000000        0.0000000000000000        0.0000000000000000        0.0000000000000000        0.0000000000000000        0.0000000000000000        0.0000000000000000        0.0000000000000000        0.0000000000000000     
   1.0390624999999776        0.0000000000000000        0.0000000000000000        0.0000000000000000        0.0000000000000000        0.0000000000000000        0.0000000000000000        0.0000000000000000        0.0000000000000000        0.0000000000000000        0.0000000000000000        0.0000000000000000        0.0000000000000000        0.0000000000000000        0.0000000000000000        0.0000000000000000        0.0000000000000000        0.0000000000000000        0.0000000000000000        0.0000000000000000        0.0000000000000000        0.0000000000000000     
  -1.0390625000000302        0.0000000000000000        0.0000000000000000        0.0000000000000000        0.0000000000000000        0.0000000000000000        0.0000000000000000        0.0000000000000000        0.0000000000000000        0.0000000000000000        0.0000000000000000        0.0000000000000000        0.0000000000000000        0.0000000000000000        0.0000000000000000        0.0000000000000000        0.0000000000000000        0.0000000000000000        0.0000000000000000        0.0000000000000000        0.0000000000000000        0.0000000000000000     
  -1.0234375000000262        0.0000000000000000        0.0000000000000000        0.0000000000000000        0.0000000000000000        0.0000000000000000        0.0000000000000000        0.0000000000000000        0.0000000000000000        0.0000000000000000        0.0000000000000000        0.0000000000000000        0.0000000000000000        0.0000000000000000        0.0000000000000000        0.0000000000000000        0.0000000000000000        0.0000000000000000        0.0000000000000000        0.0000000000000000        0.0000000000000000        0.0000000000000000     
  -1.0078125000000258        0.0000000000000000        0.0000000000000000        0.0000000000000000        0.0000000000000000        0.0000000000000000        0.0000000000000000        0.0000000000000000        0.0000000000000000        0.0000000000000000        0.0000000000000000        0.0000000000000000        0.0000000000000000        0.0000000000000000        0.0000000000000000        0.0000000000000000        0.0000000000000000        0.0000000000000000        0.0000000000000000        0.0000000000000000        0.0000000000000000        0.0000000000000000     
